日期,股票代码,开盘,收盘,最高,最低,成交量,成交额,振幅,涨跌幅,涨跌额,换手率,d-10,d-9,d-8,d-7,d-6,d-5,d-4,d-3,d-2,d-1,5日均,10日均,20日均,30日均,d1,d2,d3,d4,d5,d6,d7,d8,d9,d10
2006-07-10,600508,6.96,6.91,6.96,6.84,36584,25159779.0,1.72,-0.72,-0.05,1.42,0.0,0.0,0.0,0.0,0.0,0.0,0.0,0.0,0.0,0.0,6.91,6.91,6.91,6.91,0.87,3.33,2.6,-4.49,-3.33,-0.72,-2.17,-2.32,-1.45,-3.62
2006-07-11,600508,6.91,6.95,6.97,6.85,30374,20999961.0,1.74,0.58,0.04,1.18,0.0,0.0,0.0,0.0,0.0,0.0,0.0,0.0,0.0,1.61,6.93,6.93,6.93,6.93,2.73,2.01,-5.04,-3.88,-1.29,-2.73,-2.88,-2.01,-4.17,-2.88
2006-07-12,600508,6.95,7.08,7.14,6.89,71336,50202584.0,3.6,1.87,0.13,2.77,0.0,0.0,0.0,0.0,0.0,0.0,0.0,0.0,1.02,1.16,6.98,6.98,6.98,6.98,0.14,-6.78,-5.65,-3.11,-4.52,-4.66,-3.81,-5.93,-4.66,-4.94
2006-07-13,600508,7.07,6.51,7.09,6.5,85583,57794407.0,8.33,-8.05,-0.57,3.32,0.0,0.0,0.0,0.0,0.0,0.0,0.0,7.08,7.23,9.85,6.86,6.86,6.86,6.86,1.38,2.61,5.38,3.84,3.69,4.61,2.3,3.69,3.38,2.76
2006-07-14,600508,6.43,6.51,6.6,6.38,49248,32061731.0,3.38,0.0,0.0,1.91,0.0,0.0,0.0,0.0,0.0,0.0,9.09,9.25,11.91,11.13,6.79,6.79,6.79,6.79,2.61,5.38,3.84,3.69,4.61,2.3,3.69,3.38,2.76,1.08
2006-07-17,600508,6.5,6.66,6.68,6.41,35822,23399829.0,4.15,2.3,0.15,1.39,0.0,0.0,0.0,0.0,0.0,8.58,8.74,11.39,10.61,2.96,6.74,6.77,6.77,6.77,3.0,1.5,1.35,2.25,0.0,1.35,1.05,0.45,-1.2,-3.15
2006-07-18,600508,6.71,6.76,6.86,6.71,62014,42038372.0,2.25,1.5,0.1,2.41,0.0,0.0,0.0,0.0,3.73,3.87,6.41,5.66,-1.64,-0.45,6.7,6.77,6.77,6.77,0.0,-0.15,0.74,-1.48,-0.15,-0.44,-1.04,-2.66,-4.59,-6.95
2006-07-19,600508,6.71,6.58,6.76,6.48,40653,26800807.0,4.14,-2.66,-0.18,1.58,0.0,0.0,0.0,7.41,7.56,10.19,9.41,1.85,3.09,5.86,6.6,6.74,6.74,6.74,2.58,3.5,1.22,2.58,2.28,1.67,0.0,-1.98,-4.41,-5.47
2006-07-20,600508,6.57,6.74,6.75,6.51,47673,31873120.0,3.65,2.43,0.16,1.85,0.0,0.0,6.91,7.07,9.68,8.91,1.38,2.61,5.38,3.84,6.65,6.74,6.74,6.74,1.04,-1.19,0.15,-0.15,-0.74,-2.37,-4.3,-6.68,-7.72,-9.79
2006-07-21,600508,6.75,6.74,6.81,6.7,54210,36588464.0,1.63,0.0,0.0,2.11,0.0,3.88,4.03,6.57,5.82,-1.49,-0.3,2.39,0.9,0.75,6.7,6.74,6.74,6.74,-1.19,0.15,-0.15,-0.74,-2.37,-4.3,-6.68,-7.72,-9.79,-10.24
2006-07-24,600508,6.65,6.65,6.66,6.5,24619,16180338.0,2.37,-1.34,-0.09,0.96,7.08,7.23,9.85,9.08,1.54,2.77,5.54,4.0,3.85,4.77,6.69,6.72,6.74,6.74,1.5,1.2,0.6,-1.05,-3.01,-5.41,-6.47,-8.57,-9.02,-13.23
2006-07-25,600508,6.67,6.71,6.75,6.65,23421,15693661.0,1.5,0.9,0.06,0.91,4.81,7.37,6.62,-0.75,0.45,3.16,1.65,1.5,2.41,0.15,6.68,6.69,6.73,6.73,0.3,-0.3,-1.94,-3.87,-6.26,-7.3,-9.39,-9.84,-14.01,-14.01
2006-07-26,600508,6.72,6.65,6.73,6.58,27555,18250582.0,2.24,-0.89,-0.06,1.07,8.51,7.75,0.3,1.52,4.26,2.74,2.58,3.5,1.22,2.58,6.7,6.65,6.73,6.73,0.6,-1.05,-3.01,-5.41,-6.47,-8.57,-9.02,-13.23,-13.23,-12.48
2006-07-27,600508,6.62,6.54,6.69,6.5,29622,19464499.0,2.86,-1.65,-0.11,1.15,9.08,1.54,2.77,5.54,4.0,3.85,4.77,2.46,3.85,3.54,6.66,6.65,6.71,6.71,0.61,-1.38,-3.82,-4.89,-7.03,-7.49,-11.77,-11.77,-11.01,-7.65
2006-07-28,600508,6.54,6.46,6.58,6.41,25829,16677605.0,2.6,-1.22,-0.08,1.0,2.96,4.21,7.02,5.46,5.3,6.24,3.9,5.3,4.99,4.37,6.6,6.65,6.7,6.7,-0.15,-2.63,-3.72,-5.88,-6.35,-10.68,-10.68,-9.91,-6.5,-6.19
2006-07-31,600508,6.45,6.17,6.45,6.16,35033,21948348.0,4.49,-4.49,-0.29,1.36,8.44,11.36,9.74,9.58,10.55,8.12,9.58,9.25,8.6,6.82,6.51,6.6,6.66,6.66,1.94,0.81,-1.46,-1.94,-6.48,-6.48,-5.67,-2.11,-1.78,-1.46
2006-08-01,600508,6.15,6.14,6.29,6.1,21514,13289828.0,3.08,-0.49,-0.03,0.84,12.46,10.82,10.66,11.64,9.18,10.66,10.33,9.67,7.87,5.74,6.39,6.54,6.63,6.63,1.3,-0.98,-1.47,-6.03,-6.03,-5.21,-1.63,-1.3,-0.98,-4.07
2006-08-02,600508,6.15,6.01,6.22,5.9,28130,16922589.0,5.21,-2.12,-0.13,1.09,14.58,14.41,15.42,12.88,14.41,14.07,13.39,11.53,9.32,6.61,6.26,6.48,6.6,6.6,1.16,0.67,-3.99,-3.99,-3.16,0.5,0.83,1.16,-2.0,0.5
2006-08-03,600508,6.05,5.97,6.08,5.95,15429,9239282.0,2.16,-0.67,-0.04,0.6,13.45,14.45,11.93,13.45,13.11,12.44,10.59,8.4,5.71,4.54,6.15,6.4,6.57,6.57,1.34,-3.35,-3.35,-2.51,1.17,1.51,1.84,-1.34,1.17,0.17
2006-08-04,600508,6.0,5.79,6.05,5.78,20606,12190270.0,4.52,-3.02,-0.18,0.8,17.82,15.22,16.78,16.44,15.74,13.84,11.59,8.82,7.61,5.19,6.02,6.31,6.53,6.53,-0.35,-0.35,0.52,4.32,4.66,5.01,1.73,4.32,3.28,2.94
2006-08-07,600508,5.77,5.6,5.77,5.58,22628,12745194.0,3.28,-3.28,-0.19,0.88,19.35,20.97,20.61,19.89,17.92,15.59,12.72,11.47,8.96,8.42,5.9,6.2,6.46,6.48,3.04,3.93,7.86,8.21,8.57,5.18,7.86,6.79,6.43,5.36
2006-08-08,600508,5.6,5.76,5.77,5.6,22236,12674954.0,3.04,2.86,0.16,0.86,20.54,20.18,19.46,17.5,15.18,12.32,11.07,8.57,8.04,3.04,5.83,6.11,6.4,6.45,1.04,4.86,5.21,5.56,2.26,4.86,3.82,3.47,2.43,4.69
2006-08-09,600508,5.79,5.76,5.82,5.73,15031,8674440.0,1.56,0.0,0.0,0.58,17.45,16.75,14.83,12.57,9.77,8.55,6.11,5.58,0.7,0.7,5.78,6.02,6.34,6.42,4.86,5.21,5.56,2.26,4.86,3.82,3.47,2.43,4.69,4.51
2006-08-10,600508,5.7,6.03,6.04,5.7,28058,16527085.0,5.9,4.69,0.27,1.09,17.37,15.44,13.16,10.35,9.12,6.67,6.14,1.23,1.23,2.11,5.79,5.97,6.31,6.4,0.5,0.83,-2.32,0.17,-0.83,-1.16,-2.16,0.0,-0.17,-1.33
2006-08-11,600508,6.03,6.02,6.06,5.94,22568,13558262.0,1.99,-0.17,-0.01,0.88,10.77,8.59,5.89,4.71,2.36,1.85,-2.86,-2.86,-2.02,1.68,5.83,5.92,6.29,6.39,1.0,-2.16,0.33,-0.66,-1.0,-1.99,0.17,0.0,-1.16,-0.17
2006-08-14,600508,6.01,5.75,6.08,5.74,23743,13934129.0,5.65,-4.49,-0.27,0.92,12.37,9.58,8.36,5.92,5.4,0.52,0.52,1.39,5.23,5.57,5.86,5.88,6.24,6.36,2.43,5.04,4.0,3.65,2.61,4.87,4.7,3.48,4.52,5.39
2006-08-15,600508,5.71,5.88,5.89,5.71,12401,7190081.0,3.13,2.26,0.13,0.48,10.16,8.93,6.48,5.95,1.05,1.05,1.93,5.78,6.13,6.48,5.89,5.86,6.2,6.35,2.72,1.7,1.36,0.34,2.55,2.38,1.19,2.21,3.06,6.29
2006-08-16,600508,5.88,6.0,6.04,5.85,20262,12062288.0,3.23,2.04,0.12,0.79,6.32,3.93,3.42,-1.37,-1.37,-0.51,3.25,3.59,3.93,0.68,5.94,5.86,6.17,6.33,-0.33,-0.67,-1.67,0.5,0.33,-0.83,0.17,1.0,4.17,2.5
2006-08-17,600508,5.98,5.89,5.98,5.86,12482,7355653.0,2.0,-1.83,-0.11,0.48,3.75,3.24,-1.54,-1.54,-0.68,3.07,3.41,3.75,0.51,3.07,5.91,5.85,6.13,6.32,1.19,0.17,2.38,2.21,1.02,2.04,2.89,6.11,4.41,4.58
2006-08-18,600508,5.88,5.88,5.96,5.85,11175,6586282.0,1.87,-0.17,-0.01,0.43,3.42,-1.37,-1.37,-0.51,3.25,3.59,3.93,0.68,3.25,2.22,5.88,5.86,6.08,6.3,0.34,2.55,2.38,1.19,2.21,3.06,6.29,4.59,4.76,4.08
2006-08-21,600508,5.68,5.9,5.9,5.61,17723,10279102.0,4.93,0.34,0.02,0.69,2.85,2.85,3.74,7.66,8.02,8.38,4.99,7.66,6.6,6.24,5.91,5.89,6.05,6.27,2.2,2.03,0.85,1.86,2.71,5.93,4.24,4.41,3.73,2.88
2006-08-22,600508,5.92,5.98,6.03,5.9,22652,13569930.0,2.2,1.36,0.08,0.88,-2.2,-1.36,2.37,2.71,3.05,-0.17,2.37,1.36,1.02,0.0,5.93,5.91,6.01,6.24,0.67,-0.5,0.5,1.34,4.52,2.84,3.01,2.34,1.51,1.17
2006-08-23,600508,6.02,5.94,6.02,5.92,13384,7975160.0,1.67,-0.67,-0.04,0.52,-1.69,2.03,2.36,2.7,-0.51,2.03,1.01,0.68,-0.34,1.86,5.92,5.93,5.97,6.2,0.17,1.18,2.02,5.22,3.54,3.7,3.03,2.19,1.85,2.69
2006-08-24,600508,5.94,5.91,5.95,5.86,14494,8544143.0,1.52,-0.51,-0.03,0.56,3.07,3.41,3.75,0.51,3.07,2.05,1.71,0.68,2.9,2.73,5.92,5.91,5.94,6.18,1.69,2.54,5.75,4.06,4.23,3.55,2.71,2.37,3.21,3.55
2006-08-25,600508,5.91,5.93,6.01,5.9,15442,9212349.0,1.86,0.34,0.02,0.6,2.71,3.05,-0.17,2.37,1.36,1.02,0.0,2.2,2.03,0.85,5.93,5.91,5.92,6.16,2.19,5.4,3.71,3.88,3.2,2.36,2.02,2.87,3.2,1.69
2006-08-28,600508,5.93,6.06,6.06,5.93,30864,18562409.0,2.19,2.19,0.13,1.2,2.53,-0.67,1.85,0.84,0.51,-0.51,1.69,1.52,0.34,1.35,5.96,5.94,5.91,6.14,3.14,1.49,1.65,0.99,0.17,-0.17,0.66,0.99,-0.5,-1.16
2006-08-29,600508,6.09,6.11,6.25,6.05,49197,30266526.0,3.3,0.83,0.05,1.91,-2.64,-0.17,-1.16,-1.49,-2.48,-0.33,-0.5,-1.65,-0.66,0.17,5.99,5.96,5.91,6.12,0.65,0.82,0.16,-0.65,-0.98,-0.16,0.16,-1.31,-1.96,-2.62
2006-08-30,600508,6.1,6.1,6.15,6.03,19943,12134342.0,1.96,-0.16,-0.01,0.77,0.17,-0.83,-1.16,-2.16,0.0,-0.17,-1.33,-0.33,0.5,3.65,6.02,5.97,5.91,6.1,0.98,0.33,-0.49,-0.82,0.0,0.33,-1.15,-1.8,-2.46,-0.98
2006-08-31,600508,6.1,6.1,6.16,6.04,26520,16108196.0,1.97,0.0,0.0,1.03,-0.99,-1.32,-2.32,-0.17,-0.33,-1.49,-0.5,0.33,3.48,1.82,6.06,5.99,5.92,6.08,0.33,-0.49,-0.82,0.0,0.33,-1.15,-1.8,-2.46,-0.98,-2.3
2006-09-01,600508,6.1,5.95,6.12,5.93,21843,13120551.0,3.11,-2.46,-0.15,0.85,0.51,-0.51,1.69,1.52,0.34,1.35,2.19,5.4,3.71,3.88,6.06,6.0,5.93,6.05,2.02,1.68,2.52,2.86,1.34,0.67,0.0,1.51,0.17,2.02
2006-09-04,600508,5.95,6.0,6.07,5.94,19672,11787012.0,2.18,0.84,0.05,0.76,-0.67,1.52,1.35,0.17,1.18,2.02,5.22,3.54,3.7,3.03,6.05,6.01,5.95,6.03,0.83,1.67,2.0,0.5,-0.17,-0.83,0.67,-0.67,1.17,4.33
2006-09-05,600508,5.98,5.96,6.05,5.94,18297,10939438.0,1.83,-0.67,-0.04,0.71,1.52,1.35,0.17,1.18,2.02,5.22,3.54,3.7,3.03,2.19,6.02,6.01,5.96,6.01,2.35,2.68,1.17,0.5,-0.17,1.34,0.0,1.85,5.03,13.76
2006-09-06,600508,5.97,6.09,6.1,5.97,29262,17752763.0,2.18,2.18,0.13,1.14,0.84,-0.34,0.67,1.51,4.69,3.02,3.18,2.51,1.68,1.34,6.02,6.02,5.97,5.99,0.49,-0.99,-1.64,-2.3,-0.82,-2.13,-0.33,2.79,11.33,6.24
2006-09-07,600508,6.1,5.98,6.12,5.96,18932,11382838.0,2.63,-1.81,-0.11,0.74,-0.17,0.84,1.68,4.87,3.19,3.36,2.68,1.85,1.51,2.35,6.0,6.03,5.97,5.97,0.84,0.17,-0.5,1.0,-0.33,1.51,4.68,13.38,8.19,6.86
2006-09-08,600508,5.98,5.95,6.03,5.94,11889,7099450.0,1.51,-0.5,-0.03,0.46,1.18,2.02,5.22,3.54,3.7,3.03,2.19,1.85,2.69,3.03,6.0,6.03,5.97,5.95,0.67,0.0,1.51,0.17,2.02,5.21,13.95,8.74,7.39,7.06
2006-09-11,600508,5.95,5.89,5.99,5.8,17038,10003185.0,3.19,-1.01,-0.06,0.66,4.48,7.76,6.03,6.21,5.52,4.66,4.31,5.17,5.52,3.97,5.97,6.01,5.97,5.94,1.02,2.55,1.19,3.06,6.28,15.11,9.85,8.49,8.15,5.94
2006-09-12,600508,5.89,5.93,5.95,5.86,15848,9370372.0,1.53,0.68,0.04,0.62,6.66,4.95,5.12,4.44,3.58,3.24,4.1,4.44,2.9,2.22,5.97,6.0,5.98,5.94,1.85,0.51,2.36,5.56,14.33,9.11,7.76,7.42,5.23,3.37
2006-09-13,600508,5.94,5.95,6.04,5.94,24582,14705320.0,1.69,0.34,0.02,0.96,3.54,3.7,3.03,2.19,1.85,2.69,3.03,1.52,0.84,0.17,5.94,5.98,5.97,5.94,0.17,2.02,5.21,13.95,8.74,7.39,7.06,4.87,3.03,3.53
2006-09-14,600508,5.93,5.9,5.96,5.87,16241,9605172.0,1.51,-0.84,-0.05,0.63,4.94,4.26,3.41,3.07,3.92,4.26,2.73,2.04,1.36,2.9,5.92,5.96,5.98,5.93,2.88,6.1,14.92,9.66,8.31,7.97,5.76,3.9,4.41,4.24
2006-09-15,600508,5.9,6.07,6.07,5.89,36756,22122855.0,3.05,2.88,0.17,1.43,3.9,3.06,2.72,3.57,3.9,2.38,1.7,1.02,2.55,1.19,5.95,5.97,5.98,5.94,3.13,11.7,6.59,5.27,4.94,2.8,0.99,1.48,1.32,2.31
2006-09-18,600508,6.15,6.24,6.26,6.15,72348,44976587.0,1.81,2.8,0.17,2.81,-1.3,-1.63,-0.81,-0.49,-1.95,-2.6,-3.25,-1.79,-3.09,-1.3,6.02,6.0,6.0,5.96,8.65,3.69,2.4,2.08,0.0,-1.76,-1.28,-1.44,-0.48,4.97
2006-09-19,600508,6.3,6.43,6.78,6.26,86411,56775298.0,8.33,3.04,0.19,3.36,-3.35,-2.56,-2.24,-3.67,-4.31,-4.95,-3.51,-4.79,-3.04,0.0,6.12,6.04,6.02,5.99,0.62,-0.62,-0.93,-2.95,-4.67,-4.2,-4.35,-3.42,1.87,-2.49
2006-09-20,600508,6.47,6.34,6.47,6.3,32840,20853031.0,2.64,-1.4,-0.09,1.28,-3.17,-2.86,-4.29,-4.92,-5.56,-4.13,-5.4,-3.65,-0.63,7.62,6.2,6.07,6.04,6.01,0.79,0.47,-1.58,-3.31,-2.84,-3.0,-2.05,3.31,-1.1,0.63
2006-09-21,600508,6.33,6.31,6.39,6.28,24842,15729391.0,1.74,-0.47,-0.03,0.97,-2.55,-3.98,-4.62,-5.25,-3.82,-5.1,-3.34,-0.32,7.96,3.03,6.28,6.1,6.06,6.01,0.95,-1.11,-2.85,-2.38,-2.54,-1.58,3.8,-0.63,1.11,2.06
2006-09-22,600508,6.3,6.16,6.37,6.15,28192,17557978.0,3.49,-2.38,-0.15,1.1,-1.95,-2.6,-3.25,-1.79,-3.09,-1.3,1.79,10.24,5.2,3.9,6.3,6.12,6.08,6.02,1.3,-0.49,0.0,-0.16,0.81,6.33,1.79,3.57,4.55,8.44
2006-09-25,600508,6.14,6.12,6.24,6.08,19686,12100678.0,2.6,-0.65,-0.04,0.76,-1.48,-2.14,-0.66,-1.97,-0.16,2.96,11.51,6.41,5.1,4.77,6.27,6.14,6.08,6.03,0.16,0.65,0.49,1.47,7.03,2.45,4.25,5.23,9.15,7.84
2006-09-26,600508,6.12,6.09,6.13,6.04,15929,9663258.0,1.47,-0.49,-0.03,0.62,-1.49,0.0,-1.32,0.5,3.64,12.25,7.12,5.79,5.46,3.31,6.2,6.16,6.08,6.04,1.15,0.99,1.97,7.55,2.96,4.76,5.75,9.69,8.37,6.9
2006-09-27,600508,6.08,6.11,6.16,6.08,13457,8212266.0,1.31,0.33,0.02,0.52,-0.66,-1.97,-0.16,2.96,11.51,6.41,5.1,4.77,2.63,0.82,6.16,6.18,6.08,6.04,0.65,1.64,7.2,2.62,4.42,5.4,9.33,8.02,6.55,5.56
2006-09-28,600508,6.15,6.13,6.15,6.09,18743,11475932.0,0.98,0.33,0.02,0.73,-2.13,-0.33,2.79,11.33,6.24,4.93,4.6,2.46,0.66,1.15,6.12,6.2,6.08,6.05,1.31,6.85,2.28,4.08,5.06,8.97,7.67,6.2,5.22,5.38
2006-09-29,600508,6.13,6.19,6.21,6.13,23963,14803280.0,1.31,0.98,0.06,0.93,-0.98,2.12,10.6,5.55,4.24,3.92,1.79,0.0,0.49,0.33,6.13,6.21,6.09,6.06,5.82,1.29,3.07,4.04,7.92,6.62,5.17,4.2,4.36,4.36
2006-10-09,600508,6.49,6.27,6.55,6.2,27041,16935425.0,5.65,1.29,0.08,1.05,0.97,9.35,4.35,3.06,2.74,0.65,-1.13,-0.65,-0.81,0.16,6.16,6.21,6.11,6.07,0.0,1.75,2.71,6.54,5.26,3.83,2.87,3.03,3.03,1.91
2006-10-10,600508,6.27,6.23,6.27,6.17,26915,16760920.0,1.59,-0.64,-0.04,1.05,9.89,4.86,3.57,3.24,1.13,-0.65,-0.16,-0.32,0.65,6.16,6.19,6.19,6.12,6.08,2.41,3.37,7.22,5.94,4.49,3.53,3.69,3.69,2.57,1.77
2006-10-11,600508,6.24,6.38,6.38,6.23,42496,26817778.0,2.41,2.41,0.15,1.65,3.85,2.57,2.25,0.16,-1.61,-1.12,-1.28,-0.32,5.14,0.64,6.24,6.2,6.13,6.1,0.94,4.7,3.45,2.04,1.1,1.25,1.25,0.16,-0.63,0.31
2006-10-12,600508,6.41,6.4,6.44,6.32,41472,26428534.0,1.88,0.31,0.02,1.61,1.11,0.79,-1.27,-3.01,-2.53,-2.69,-1.74,3.64,-0.79,0.95,6.29,6.21,6.15,6.11,4.37,3.12,1.72,0.78,0.94,0.94,-0.16,-0.94,0.0,-0.78
2006-10-13,600508,6.49,6.56,6.68,6.48,116558,76571932.0,3.13,2.5,0.16,4.53,-1.7,-3.7,-5.4,-4.94,-5.09,-4.17,1.08,-3.24,-1.54,-0.62,6.37,6.25,6.18,6.13,0.61,-0.76,-1.68,-1.52,-1.52,-2.59,-3.35,-2.44,-3.2,-4.42
2006-10-16,600508,6.58,6.49,6.6,6.48,50308,32879804.0,1.83,-1.07,-0.07,1.95,-3.7,-5.4,-4.94,-5.09,-4.17,1.08,-3.24,-1.54,-0.62,3.09,6.41,6.28,6.21,6.15,0.31,-0.62,-0.46,-0.46,-1.54,-2.31,-1.39,-2.16,-3.39,-4.93
2006-10-17,600508,6.5,6.4,6.51,6.38,31607,20308293.0,2.0,-1.39,-0.09,1.23,-3.92,-3.45,-3.61,-2.66,2.66,-1.72,0.0,0.94,4.7,3.45,6.45,6.32,6.24,6.16,0.78,0.94,0.94,-0.16,-0.94,0.0,-0.78,-2.03,-3.59,-2.03
2006-10-18,600508,6.4,6.43,6.45,6.36,18162,11656787.0,1.41,0.47,0.03,0.71,-3.14,-3.3,-2.36,2.99,-1.42,0.31,1.26,5.03,3.77,2.36,6.46,6.35,6.26,6.17,0.47,0.47,-0.62,-1.4,-0.47,-1.24,-2.49,-4.04,-2.49,-1.4
2006-10-19,600508,6.45,6.4,6.46,6.38,21115,13522991.0,1.24,-0.47,-0.03,0.82,-3.61,-2.66,2.66,-1.72,0.0,0.94,4.7,3.45,2.04,1.1,6.46,6.37,6.29,6.18,0.94,-0.16,-0.94,0.0,-0.78,-2.03,-3.59,-2.03,-0.94,1.25
2006-10-20,600508,6.45,6.32,6.46,6.32,20943,13368837.0,2.19,-1.25,-0.08,0.81,-1.74,3.64,-0.79,0.95,1.9,5.7,4.43,3.01,2.06,2.22,6.41,6.39,6.3,6.19,1.11,0.32,1.27,0.47,-0.79,-2.37,-0.79,0.32,2.53,1.27
2006-10-23,600508,6.32,6.2,6.39,6.18,25553,16039679.0,3.32,-1.9,-0.12,0.99,5.99,1.46,3.24,4.21,8.09,6.8,5.34,4.37,4.53,4.53,6.35,6.38,6.3,6.2,2.26,3.23,2.42,1.13,-0.48,1.13,2.26,4.52,3.23,2.58
2006-10-24,600508,6.2,6.34,6.34,6.2,19145,12033398.0,2.26,2.26,0.14,0.74,1.13,2.9,3.87,7.74,6.45,5.0,4.03,4.19,4.19,3.06,6.34,6.39,6.29,6.21,0.95,0.16,-1.1,-2.68,-1.1,0.0,2.21,0.95,0.32,5.68
2006-10-25,600508,6.32,6.28,6.4,6.25,21183,13396552.0,2.37,-0.95,-0.06,0.82,2.08,3.04,6.88,5.6,4.16,3.2,3.36,3.36,2.24,1.44,6.31,6.38,6.29,6.22,1.11,-0.16,-1.75,-0.16,0.96,3.18,1.91,1.27,6.69,5.1
2006-10-26,600508,6.3,6.3,6.35,6.23,19898,12501714.0,1.91,0.32,0.02,0.77,3.37,7.22,5.94,4.49,3.53,3.69,3.69,2.57,1.77,2.73,6.29,6.37,6.29,6.23,-0.48,-2.06,-0.48,0.63,2.86,1.59,0.95,6.35,4.76,3.17
2006-10-27,600508,6.27,6.12,6.27,6.08,43680,26842670.0,3.02,-2.86,-0.18,1.7,9.87,8.55,7.07,6.09,6.25,6.25,5.1,4.28,5.26,4.44,6.25,6.33,6.29,6.23,0.82,2.45,3.59,5.88,4.58,3.92,9.48,7.84,6.21,6.86
2006-10-30,600508,6.08,6.16,6.17,6.0,25136,15317124.0,2.78,0.65,0.04,0.98,10.0,8.5,7.5,7.67,7.67,6.5,5.67,6.67,5.83,4.5,6.24,6.29,6.29,6.24,1.79,2.92,5.19,3.9,3.25,8.77,7.14,5.52,6.17,2.27
2006-10-31,600508,6.16,6.24,6.27,6.16,28745,17857543.0,1.79,1.3,0.08,1.12,5.68,4.71,4.87,4.87,3.73,2.92,3.9,3.08,1.79,0.16,6.22,6.28,6.3,6.25,1.6,3.85,2.56,1.92,7.37,5.77,4.17,4.81,0.96,-1.44
2006-11-01,600508,6.24,6.34,6.34,6.21,33381,20993418.0,2.08,1.6,0.1,1.3,3.86,4.03,4.03,2.9,2.09,3.06,2.25,0.97,-0.64,0.97,6.23,6.27,6.31,6.27,2.21,0.95,0.32,5.68,4.1,2.52,3.15,-0.63,-3.0,-1.74
2006-11-02,600508,6.35,6.32,6.48,6.28,47100,30062545.0,3.15,-0.32,-0.02,1.83,2.87,2.87,1.75,0.96,1.91,1.11,-0.16,-1.75,-0.16,0.96,6.24,6.26,6.32,6.28,1.27,0.63,6.01,4.43,2.85,3.48,-0.32,-2.69,-1.42,-0.63
2006-11-03,600508,6.3,6.36,6.4,6.28,26851,17036631.0,1.9,0.63,0.04,1.04,2.87,1.75,0.96,1.91,1.11,-0.16,-1.75,-0.16,0.96,3.18,6.28,6.27,6.33,6.29,0.0,5.35,3.77,2.2,2.83,-0.94,-3.3,-2.04,-1.26,-1.73
2006-11-06,600508,6.27,6.33,6.36,6.27,29777,18805377.0,1.42,-0.47,-0.03,1.16,1.91,1.12,2.07,1.28,0.0,-1.59,0.0,1.12,3.35,2.07,6.32,6.28,6.33,6.29,5.85,4.27,2.69,3.32,-0.47,-2.84,-1.58,-0.79,-1.26,-0.79
2006-11-07,600508,6.33,6.61,6.7,6.31,134099,88164904.0,6.16,4.42,0.28,5.21,0.48,1.43,0.63,-0.63,-2.22,-0.63,0.48,2.69,1.43,0.79,6.39,6.31,6.35,6.3,-0.15,-1.66,-1.06,-4.69,-6.96,-5.75,-4.99,-5.45,-4.99,-2.12
2006-11-08,600508,6.6,6.45,6.6,6.45,47084,30639496.0,2.27,-2.42,-0.16,1.83,-0.78,-1.55,-2.79,-4.34,-2.79,-1.71,0.47,-0.78,-1.4,3.88,6.41,6.32,6.35,6.3,0.78,1.4,-2.33,-4.65,-3.41,-2.64,-3.1,-2.64,0.31,2.17
2006-11-09,600508,6.45,6.48,6.5,6.37,31306,20137942.0,2.02,0.47,0.03,1.22,-0.31,-1.57,-3.14,-1.57,-0.47,1.73,0.47,-0.16,5.18,3.61,6.45,6.34,6.36,6.31,0.93,-2.78,-5.09,-3.86,-3.09,-3.55,-3.09,-0.15,1.7,1.08
2006-11-10,600508,6.49,6.29,6.54,6.24,36772,23429022.0,4.63,-2.93,-0.19,1.43,0.48,-1.12,0.48,1.6,3.85,2.56,1.92,7.37,5.77,4.17,6.43,6.36,6.34,6.31,0.16,-2.23,-0.95,-0.16,-0.64,-0.16,2.86,4.77,4.13,3.82
2006-11-13,600508,6.3,6.06,6.3,6.03,37725,23180240.0,4.29,-3.66,-0.23,1.47,2.32,3.98,5.14,7.46,6.14,5.47,11.11,9.45,7.79,8.46,6.38,6.35,6.32,6.31,1.49,2.81,3.63,3.14,3.63,6.77,8.75,8.09,7.76,9.74
2006-11-14,600508,6.06,6.15,6.15,6.0,29432,17865222.0,2.48,1.49,0.09,1.14,4.5,5.67,8.0,6.67,6.0,11.67,10.0,8.33,9.0,5.0,6.29,6.34,6.31,6.31,1.3,2.11,1.63,2.11,5.2,7.15,6.5,6.18,8.13,8.62
2006-11-15,600508,6.16,6.21,6.23,6.05,24478,15052772.0,2.93,0.98,0.06,0.95,4.79,7.11,5.79,5.12,10.74,9.09,7.44,8.1,4.13,1.65,6.24,6.33,6.3,6.31,1.13,0.64,1.13,4.19,6.12,5.48,5.15,7.09,7.57,5.48
2006-11-16,600508,6.21,6.12,6.28,6.1,32407,19952668.0,2.9,-1.45,-0.09,1.26,6.23,4.92,4.26,9.84,8.2,6.56,7.21,3.28,0.82,2.13,6.17,6.31,6.28,6.31,2.12,2.61,5.72,7.68,7.03,6.7,8.66,9.15,7.03,8.66
2006-11-17,600508,6.1,6.19,6.25,6.05,23642,14534621.0,3.27,1.14,0.07,0.92,5.79,5.12,10.74,9.09,7.44,8.1,4.13,1.65,2.98,3.8,6.15,6.29,6.28,6.31,1.45,4.52,6.46,5.82,5.49,7.43,7.92,5.82,7.43,13.25
2006-11-20,600508,6.28,6.27,6.28,6.16,33875,21039342.0,1.94,1.29,0.08,1.32,3.25,8.77,7.14,5.52,6.17,2.27,-0.16,1.14,1.95,1.46,6.19,6.28,6.28,6.31,3.19,5.1,4.47,4.15,6.06,6.54,4.47,6.06,11.8,12.6
2006-11-21,600508,6.27,6.46,6.47,6.13,72510,45833990.0,5.42,3.03,0.19,2.82,9.3,7.67,6.04,6.69,2.77,0.33,1.63,2.45,1.96,2.45,6.25,6.27,6.29,6.32,2.01,1.39,1.08,2.94,3.41,1.39,2.94,8.51,9.29,10.53
2006-11-22,600508,6.49,6.49,6.59,6.45,124556,81342556.0,2.17,0.46,0.03,4.84,2.33,0.78,1.4,-2.33,-4.65,-3.41,-2.64,-3.1,-2.64,0.31,6.31,6.27,6.3,6.33,0.92,0.62,2.47,2.93,0.92,2.47,8.01,8.78,10.02,8.63
2006-11-23,600508,6.5,6.47,6.55,6.41,59996,38852959.0,2.16,-0.31,-0.02,2.33,1.4,2.03,-1.72,-4.06,-2.81,-2.03,-2.5,-2.03,0.94,2.81,6.38,6.27,6.31,6.33,0.93,2.78,3.25,1.24,2.78,8.35,9.12,10.36,8.96,7.26
2006-11-24,600508,6.49,6.52,6.53,6.41,47740,30932002.0,1.85,0.77,0.05,1.85,2.03,-1.72,-4.06,-2.81,-2.03,-2.5,-2.03,0.94,2.81,2.18,6.44,6.29,6.33,6.33,1.99,2.45,0.46,1.99,7.52,8.28,9.51,8.13,6.44,3.99
2006-11-27,600508,6.53,6.63,6.65,6.52,62134,41018077.0,1.99,1.69,0.11,2.41,-3.37,-5.67,-4.45,-3.68,-4.14,-3.68,-0.77,1.07,0.46,0.15,6.51,6.35,6.35,6.33,0.75,-1.21,0.3,5.73,6.49,7.69,6.33,4.68,2.26,0.0
2006-11-28,600508,6.62,6.54,6.68,6.52,64074,42396047.0,2.41,-1.36,-0.09,2.49,-5.67,-4.45,-3.68,-4.14,-3.68,-0.77,1.07,0.46,0.15,1.99,6.53,6.39,6.36,6.34,0.15,1.68,7.19,7.95,9.17,7.8,6.12,3.67,1.38,2.14
2006-11-29,600508,6.44,6.5,6.55,6.38,38998,25236811.0,2.6,-0.61,-0.04,1.52,-2.35,-1.57,-2.04,-1.57,1.41,3.29,2.66,2.35,4.23,4.7,6.53,6.42,6.37,6.34,2.31,7.85,8.62,9.85,8.46,6.77,4.31,2.0,2.77,4.62
2006-11-30,600508,6.55,6.64,6.65,6.52,75774,50034271.0,2.0,2.15,0.14,2.94,-3.68,-4.14,-3.68,-0.77,1.07,0.46,0.15,1.99,2.45,0.46,6.57,6.47,6.39,6.35,5.57,6.33,7.53,6.17,4.52,2.11,-0.15,0.6,2.41,4.67
2006-12-01,600508,6.64,6.91,7.01,6.64,174097,119520876.0,5.57,4.07,0.27,6.76,-5.87,-5.42,-2.56,-0.75,-1.36,-1.66,0.15,0.6,-1.36,0.15,6.64,6.54,6.42,6.37,2.17,3.33,2.03,0.43,-1.88,-4.05,-3.33,-1.59,0.58,1.01
2006-12-04,600508,6.92,7.0,7.06,6.86,105212,73496493.0,2.89,1.3,0.09,4.09,-8.45,-5.69,-3.94,-4.52,-4.81,-3.06,-2.62,-4.52,-3.06,2.19,6.72,6.62,6.45,6.39,2.0,0.71,-0.86,-3.14,-5.29,-4.57,-2.86,-0.71,-0.29,0.86
2006-12-05,600508,7.05,6.95,7.14,6.9,80608,56308946.0,3.43,-0.71,-0.05,3.13,-6.23,-4.49,-5.07,-5.36,-3.62,-3.19,-5.07,-3.62,1.59,2.32,6.8,6.67,6.47,6.41,1.44,-0.14,-2.45,-4.6,-3.88,-2.16,0.0,0.43,1.58,1.15
2006-12-06,600508,6.94,6.73,7.05,6.56,98399,66600215.0,7.05,-3.17,-0.22,3.82,0.46,-0.15,-0.46,1.37,1.83,-0.15,1.37,6.86,7.62,8.84,6.85,6.69,6.48,6.43,3.12,0.74,-1.49,-0.74,1.04,3.27,3.71,4.9,4.46,5.05
2006-12-07,600508,6.7,6.73,6.94,6.63,75125,51024938.0,4.61,0.0,0.0,2.92,-1.21,-1.51,0.3,0.75,-1.21,0.3,5.73,6.49,7.69,6.33,6.86,6.72,6.49,6.44,0.74,-1.49,-0.74,1.04,3.27,3.71,4.9,4.46,5.05,15.01
2006-12-08,600508,6.67,6.47,6.78,6.45,59025,38930176.0,4.9,-3.86,-0.26,2.29,1.24,3.1,3.57,1.55,3.1,8.68,9.46,10.7,9.3,7.6,6.78,6.71,6.5,6.45,2.47,3.25,5.1,7.42,7.88,9.12,8.66,9.27,19.63,15.77
2006-12-11,600508,6.47,6.62,6.63,6.43,35206,23051724.0,3.09,2.32,0.15,1.37,3.42,3.89,1.87,3.42,9.02,9.8,11.04,9.64,7.93,5.44,6.7,6.71,6.53,6.47,0.91,2.72,4.98,5.44,6.65,6.19,6.8,16.92,13.14,16.16
2006-12-12,600508,6.65,6.68,6.68,6.52,48125,31854623.0,2.42,0.91,0.06,1.87,2.45,0.46,1.99,7.52,8.28,9.51,8.13,6.44,3.99,1.69,6.65,6.72,6.56,6.48,1.8,4.04,4.49,5.69,5.24,5.84,15.87,12.13,15.12,11.38
2006-12-13,600508,6.68,6.74,6.8,6.63,45176,30389045.0,2.54,0.9,0.06,1.76,-1.21,0.3,5.73,6.49,7.69,6.33,4.68,2.26,0.0,0.75,6.65,6.75,6.58,6.5,3.12,3.56,4.75,4.3,4.9,14.84,11.13,14.09,10.39,8.46
2006-12-14,600508,6.75,6.88,6.95,6.75,58571,40229736.0,2.97,2.08,0.14,2.28,-1.48,3.85,4.59,5.78,4.44,2.81,0.44,-1.78,-1.04,0.74,6.68,6.77,6.62,6.52,1.45,2.62,2.18,2.76,12.5,8.87,11.77,8.14,6.25,7.85
2006-12-15,600508,6.9,6.94,6.98,6.85,82983,57497312.0,1.89,0.87,0.06,3.22,2.34,3.07,4.23,2.92,1.31,-1.02,-3.21,-2.48,-0.73,1.46,6.77,6.77,6.66,6.54,1.73,1.3,1.87,11.53,7.93,10.81,7.2,5.33,6.92,5.19
2006-12-18,600508,6.99,6.96,7.06,6.89,98120,68378740.0,2.45,0.29,0.02,3.81,2.47,3.63,2.32,0.73,-1.6,-3.77,-3.05,-1.31,0.87,1.31,6.84,6.77,6.69,6.56,1.01,1.58,11.21,7.61,10.49,6.9,5.03,6.61,4.89,7.61
2006-12-19,600508,6.97,6.91,7.03,6.72,90029,61526814.0,4.45,-0.72,-0.05,3.5,6.25,4.91,3.27,0.89,-1.34,-0.6,1.19,3.42,3.87,5.06,6.89,6.77,6.72,6.57,2.32,12.01,8.39,11.29,7.67,5.79,7.38,5.64,8.39,11.14
2006-12-20,600508,6.91,7.07,7.07,6.79,137886,96406413.0,4.05,2.32,0.16,5.36,3.83,2.21,-0.15,-2.36,-1.62,0.15,2.36,2.8,3.98,3.53,6.95,6.8,6.74,6.59,9.48,5.94,8.77,5.23,3.39,4.95,3.25,5.94,8.63,12.45
2006-12-21,600508,7.19,7.29,7.74,7.18,275772,204821915.0,7.92,3.11,0.22,10.71,-3.34,-5.57,-7.66,-6.96,-5.29,-3.2,-2.79,-1.67,-2.09,-1.53,7.03,6.86,6.79,6.61,2.74,5.49,2.06,0.27,1.78,0.14,2.74,5.35,9.05,8.23
2006-12-22,600508,7.25,7.29,7.49,7.2,105043,76972591.0,3.98,0.0,0.0,4.08,-5.83,-7.92,-7.22,-5.56,-3.47,-3.06,-1.94,-2.36,-1.81,7.5,7.1,6.94,6.82,6.65,5.49,2.06,0.27,1.78,0.14,2.74,5.35,9.05,8.23,10.43
2006-12-25,600508,7.65,7.36,7.69,7.25,120255,89092337.0,6.04,0.96,0.07,4.67,-8.55,-7.86,-6.21,-4.14,-3.72,-2.62,-3.03,-2.48,6.76,3.31,7.18,7.01,6.86,6.69,1.09,-0.68,0.82,-0.82,1.77,4.35,8.02,7.2,9.38,11.14
2006-12-26,600508,7.36,7.2,7.44,7.09,78415,56682983.0,4.76,-2.17,-0.16,3.05,-5.78,-4.09,-1.97,-1.55,-0.42,-0.85,-0.28,9.17,5.64,8.46,7.24,7.06,6.89,6.73,1.53,3.06,1.39,4.03,6.67,10.42,9.58,11.81,13.61,9.72
2006-12-27,600508,7.2,7.24,7.31,7.12,47460,34250543.0,2.64,0.56,0.04,1.84,-4.49,-2.39,-1.97,-0.84,-1.26,-0.7,8.71,5.2,8.01,4.49,7.28,7.11,6.93,6.76,2.49,0.83,3.45,6.08,9.81,8.98,11.19,12.98,9.12,6.35
2006-12-28,600508,7.34,7.13,7.42,7.09,76750,55593909.0,4.56,-1.52,-0.11,2.98,-1.97,-1.55,-0.42,-0.85,-0.28,9.17,5.64,8.46,4.94,3.1,7.24,7.14,6.95,6.79,2.38,5.05,7.71,11.5,10.66,12.9,14.73,10.8,7.99,10.1
2006-12-29,600508,7.22,7.21,7.3,7.09,93708,67394633.0,2.95,1.12,0.08,3.64,-1.55,-0.42,-0.85,-0.28,9.17,5.64,8.46,4.94,3.1,4.65,7.23,7.17,6.97,6.83,3.88,6.52,10.26,9.43,11.65,13.45,9.57,6.8,8.88,10.68
2007-01-04,600508,7.25,7.29,7.49,7.25,139670,102641981.0,3.33,1.11,0.08,5.43,-2.62,-3.03,-2.48,6.76,3.31,6.07,2.62,0.83,2.34,0.69,7.21,7.2,6.98,6.86,5.35,9.05,8.23,10.43,12.21,8.37,5.62,7.68,9.47,10.15
2007-01-05,600508,7.28,7.67,7.68,7.19,207478,156099438.0,6.72,5.21,0.38,8.06,-2.23,-1.67,7.65,4.17,6.95,3.48,1.67,3.2,1.53,4.17,7.31,7.28,7.02,6.9,3.65,2.87,4.95,6.65,3.0,0.39,2.35,4.04,4.69,8.08
2007-01-08,600508,7.7,7.78,7.95,7.65,172415,133748648.0,3.91,1.43,0.11,6.7,-7.58,1.18,-2.09,0.52,-2.75,-4.44,-3.01,-4.58,-2.09,0.39,7.42,7.35,7.07,6.94,1.41,3.47,5.14,1.54,-1.03,0.9,2.57,3.21,6.56,9.25
2007-01-09,600508,7.85,7.81,7.89,7.73,135599,105795357.0,2.06,0.39,0.03,5.27,0.13,-3.1,-0.52,-3.75,-5.43,-4.01,-5.56,-3.1,-0.65,2.85,7.55,7.4,7.13,6.99,3.07,4.74,1.15,-1.41,0.51,2.18,2.82,6.15,8.83,9.48
2007-01-10,600508,7.82,8.02,8.05,7.65,190339,149366413.0,5.12,2.69,0.21,7.39,-2.09,0.52,-2.75,-4.44,-3.01,-4.58,-2.09,0.39,3.92,3.14,7.71,7.47,7.2,7.04,2.0,-1.5,-3.99,-2.12,-0.5,0.12,3.37,5.99,6.61,5.61
2007-01-11,600508,8.04,7.94,8.18,7.9,157031,126341064.0,3.49,-1.0,-0.08,6.1,-2.66,-5.82,-7.47,-6.08,-7.59,-5.19,-2.78,0.63,-0.13,1.9,7.84,7.53,7.27,7.08,-0.5,-3.02,-1.13,0.5,1.13,4.41,7.05,7.68,6.68,4.53
2007-01-12,600508,7.82,7.4,7.9,7.32,135304,103457260.0,7.3,-6.8,-0.54,5.26,1.64,-0.14,1.37,-0.27,2.32,4.92,8.61,7.79,9.97,11.75,7.79,7.55,7.31,7.11,4.05,6.08,7.84,8.51,12.03,14.86,15.54,14.46,12.16,9.46
2007-01-15,600508,7.39,7.69,7.7,7.36,87895,66446743.0,4.59,3.92,0.29,3.41,-0.68,0.82,-0.82,1.77,4.35,8.02,7.2,9.38,11.14,7.34,7.77,7.59,7.35,7.15,2.08,3.77,4.42,7.8,10.53,11.18,10.14,7.93,5.33,13.91
2007-01-16,600508,7.79,7.71,7.85,7.55,95822,73481690.0,3.9,0.26,0.02,3.72,-1.72,-3.31,-0.79,1.72,5.3,4.5,6.62,8.34,4.64,1.99,7.75,7.65,7.4,7.19,3.5,4.15,7.52,10.25,10.89,9.86,7.65,5.06,13.62,15.3
2007-01-17,600508,7.73,7.72,7.98,7.6,142512,111256927.0,4.93,0.13,0.01,5.54,-3.95,-1.45,1.05,4.61,3.82,5.92,7.63,3.95,1.32,3.29,7.69,7.7,7.43,7.21,4.02,7.38,10.1,10.75,9.72,7.51,4.92,13.47,15.16,12.31
2007-01-18,600508,7.75,8.01,8.03,7.68,150618,118144840.0,4.53,3.76,0.29,5.85,-2.47,0.0,3.52,2.73,4.82,6.51,2.86,0.26,2.21,3.91,7.71,7.78,7.49,7.25,3.5,6.12,6.74,5.74,3.62,1.12,9.36,10.99,8.24,7.99
2007-01-19,600508,8.18,8.24,8.29,8.07,231282,189538202.0,2.75,2.87,0.23,8.99,-4.83,-1.49,-2.23,-0.25,1.36,-2.11,-4.58,-2.73,-1.12,-0.5,7.87,7.83,7.55,7.29,3.16,3.76,2.79,0.73,-1.7,6.31,7.89,5.22,4.98,6.43
2007-01-22,600508,8.35,8.48,8.5,8.25,235174,196043267.0,3.03,2.91,0.24,9.14,-3.64,-4.36,-2.42,-0.85,-4.24,-6.67,-4.85,-3.27,-2.67,0.48,8.03,7.9,7.62,7.35,0.83,-0.12,-2.12,-4.48,3.3,4.83,2.24,2.0,3.42,1.3
2007-01-23,600508,8.55,8.36,8.55,8.15,170006,141373669.0,4.72,-1.42,-0.12,6.6,-3.19,-1.23,0.37,-3.07,-5.52,-3.68,-2.09,-1.47,1.72,4.29,8.16,7.96,7.68,7.4,1.32,-0.72,-3.11,4.78,6.34,3.71,3.47,4.9,2.75,3.23
2007-01-24,600508,8.36,8.35,8.47,8.21,162204,135084538.0,3.11,-0.12,-0.01,6.3,-1.95,-0.37,-3.78,-6.21,-4.38,-2.8,-2.19,0.97,3.53,4.14,8.29,7.99,7.73,7.47,-0.6,-2.99,4.91,6.47,3.83,3.59,5.03,2.87,3.35,6.11
2007-01-25,600508,8.3,8.02,8.3,8.01,139006,113244402.0,3.47,-3.95,-0.33,5.12,2.12,-1.37,-3.87,-2.0,-0.37,0.25,3.5,6.12,6.74,5.74,8.29,8.0,7.76,7.51,1.0,9.23,10.85,8.1,7.86,9.35,7.11,7.61,10.47,13.47
2007-01-26,600508,7.95,8.08,8.1,7.76,129778,102732332.0,4.24,0.75,0.06,4.78,1.8,-0.77,1.16,2.84,3.48,6.83,9.54,10.18,9.15,6.96,8.26,8.07,7.81,7.56,8.42,10.02,7.3,7.05,8.54,6.31,6.81,9.65,12.62,12.0
2007-01-29,600508,8.1,8.65,8.76,8.1,237676,200363082.0,8.17,7.05,0.57,8.75,-4.94,-3.09,-1.48,-0.86,2.35,4.94,5.56,4.57,2.47,0.0,8.29,8.16,7.88,7.62,2.77,0.23,0.0,1.39,-0.69,-0.23,2.43,5.2,4.62,5.9
2007-01-30,600508,8.82,8.72,8.89,8.65,328758,288928207.0,2.77,0.81,0.07,12.11,-9.25,-7.75,-7.17,-4.16,-1.73,-1.16,-2.08,-4.05,-6.36,1.27,8.36,8.26,7.96,7.68,-0.57,-0.8,0.57,-1.49,-1.03,1.61,4.36,3.78,5.05,7.22
2007-01-31,600508,8.67,8.22,8.67,8.09,166342,140479698.0,6.65,-5.73,-0.5,6.13,-1.36,-0.74,2.47,5.07,5.69,4.7,2.6,0.12,8.28,9.89,8.34,8.31,8.01,7.73,5.23,6.69,4.5,4.99,7.79,10.71,10.1,11.44,13.75,15.33
2007-02-01,600508,8.18,8.48,8.65,8.11,142351,118804908.0,6.57,3.16,0.26,5.24,-0.99,2.22,4.81,5.43,4.44,2.34,-0.12,8.01,9.62,6.91,8.43,8.36,8.07,7.78,3.42,1.3,1.77,4.48,7.31,6.72,8.02,10.26,11.79,12.5
2007-02-02,600508,8.45,8.38,8.77,8.12,174486,149648618.0,7.67,-1.18,-0.1,6.43,2.09,4.68,5.3,4.31,2.22,-0.25,7.88,9.48,6.77,6.53,8.49,8.37,8.1,7.83,2.51,2.98,5.73,8.59,8.0,9.31,11.58,13.13,13.84,14.2
2007-02-05,600508,8.39,8.47,8.59,8.36,93570,79178076.0,2.74,1.07,0.09,3.45,1.67,2.27,1.32,-0.72,-3.11,4.78,6.34,3.71,3.47,4.9,8.45,8.37,8.14,7.87,1.89,4.6,7.44,6.85,8.15,10.39,11.92,12.63,12.99,21.49
2007-02-06,600508,8.55,8.52,8.63,8.35,78623,66613696.0,3.31,0.59,0.05,2.9,2.4,1.44,-0.6,-2.99,4.91,6.47,3.83,3.59,5.03,2.87,8.41,8.39,8.17,7.91,3.99,6.81,6.22,7.51,9.74,11.27,11.97,12.32,20.77,22.65
2007-02-07,600508,8.6,8.85,8.86,8.48,180218,156194376.0,4.46,3.87,0.33,6.64,-0.12,-2.12,-4.48,3.3,4.83,2.24,2.0,3.42,1.3,1.77,8.54,8.44,8.21,7.97,2.82,2.26,3.5,5.65,7.12,7.8,8.14,16.27,18.08,11.64
2007-02-08,600508,8.94,8.96,9.1,8.78,212902,190345387.0,3.62,1.24,0.11,7.84,-5.47,-7.74,-0.23,1.25,-1.25,-1.48,-0.11,-2.16,-1.71,0.91,8.64,8.53,8.27,8.02,1.0,2.23,4.35,5.8,6.47,6.81,14.84,16.63,10.27,10.49
2007-02-09,600508,9.0,8.85,9.05,8.73,118133,104498932.0,3.57,-1.23,-0.11,4.35,-7.22,0.34,1.83,-0.69,-0.92,0.46,-1.6,-1.15,1.49,4.24,8.73,8.61,8.34,8.08,3.5,5.65,7.12,7.8,8.14,16.27,18.08,11.64,11.86,8.14
2007-02-12,600508,8.85,9.06,9.16,8.8,119357,107924804.0,4.07,2.37,0.21,4.4,-0.45,1.02,-1.48,-1.7,-0.34,-2.39,-1.93,0.68,3.41,2.84,8.85,8.65,8.41,8.14,3.2,4.64,5.3,5.63,13.58,15.34,9.05,9.27,5.63,5.3
2007-02-13,600508,9.05,9.24,9.35,9.0,124246,113713422.0,3.86,1.99,0.18,4.58,-1.22,-3.67,-3.89,-2.56,-4.56,-4.11,-1.56,1.11,0.56,1.78,8.99,8.7,8.48,8.21,2.6,3.25,3.57,11.36,13.1,6.93,7.14,3.57,3.25,0.65
2007-02-14,600508,9.3,9.36,9.48,9.18,129372,120644469.0,3.25,1.3,0.12,4.76,-5.56,-5.77,-4.47,-6.43,-5.99,-3.49,-0.87,-1.42,-0.22,1.85,9.09,8.82,8.56,8.28,1.92,2.24,9.94,11.65,5.56,5.77,2.24,1.92,-0.64,1.5
2007-02-15,600508,9.43,9.47,9.54,9.33,137381,129533341.0,2.24,1.18,0.11,5.06,-7.29,-6.0,-7.93,-7.5,-5.04,-2.47,-3.0,-1.82,0.21,1.61,9.2,8.92,8.64,8.35,1.06,8.66,10.35,4.33,4.54,1.06,0.74,-1.8,0.32,2.85
2007-02-16,600508,9.51,9.39,9.57,9.35,134981,127638803.0,2.32,-0.84,-0.08,4.97,-6.2,-8.13,-7.7,-5.24,-2.67,-3.21,-2.03,0.0,1.39,2.03,9.3,9.02,8.7,8.41,9.58,11.29,5.22,5.43,1.92,1.6,-0.96,1.17,3.73,4.37
2007-02-26,600508,9.5,10.1,10.29,9.39,169021,166862199.0,9.58,7.56,0.71,6.22,-8.52,-8.09,-5.64,-3.09,-3.62,-2.45,-0.43,0.96,1.6,1.92,9.51,9.18,8.78,8.49,3.47,-2.18,-1.98,-5.25,-5.54,-7.92,-5.94,-3.56,-2.97,-4.16
2007-02-27,600508,10.25,9.1,10.45,9.09,259297,253843129.0,13.47,-9.9,-1.0,9.55,-5.06,-2.53,0.11,-0.44,0.77,2.86,4.29,4.95,5.28,13.2,9.48,9.24,8.81,8.53,8.57,8.79,5.16,4.84,2.2,4.4,7.03,7.69,6.37,9.34
2007-02-28,600508,9.09,9.79,9.88,9.07,172479,163530680.0,8.9,7.58,0.69,6.35,-2.32,0.33,-0.22,0.99,3.09,4.52,5.18,5.51,13.45,15.21,9.57,9.33,8.89,8.59,1.12,-2.25,-2.55,-5.01,-2.96,-0.51,0.1,-1.12,1.63,0.1
2007-03-01,600508,9.8,9.46,9.9,9.28,147045,139562843.0,6.33,-3.37,-0.33,5.42,-1.94,-2.48,-1.29,0.75,2.16,2.8,3.12,10.88,12.61,6.47,9.57,9.38,8.96,8.64,1.16,0.85,-1.69,0.42,2.96,3.59,2.33,5.18,3.59,5.18
2007-03-02,600508,9.4,9.46,9.57,9.3,92319,87412449.0,2.85,0.0,0.0,3.4,-2.69,-1.51,0.54,1.94,2.58,2.9,10.65,12.37,6.24,6.45,9.58,9.44,9.03,8.71,0.85,-1.69,0.42,2.96,3.59,2.33,5.18,3.59,5.18,4.65
2007-03-05,600508,9.5,9.2,9.54,8.89,116560,107740134.0,6.87,-2.75,-0.26,4.29,3.04,5.17,6.64,7.31,7.65,15.75,17.55,11.14,11.36,7.65,9.4,9.46,9.05,8.76,1.09,3.26,5.87,6.52,5.22,8.15,6.52,8.15,7.61,5.11
2007-03-06,600508,9.13,9.24,9.3,9.05,72199,66369723.0,2.72,0.43,0.04,2.66,3.31,4.75,5.41,5.75,13.7,15.47,9.17,9.39,5.75,5.41,9.43,9.46,9.08,8.81,2.81,5.41,6.06,4.76,7.68,6.06,7.68,7.14,4.65,6.06
2007-03-07,600508,9.28,9.48,9.5,9.28,87540,82440321.0,2.38,2.6,0.24,3.22,2.16,2.8,3.12,10.88,12.61,6.47,6.68,3.12,2.8,0.22,9.37,9.47,9.14,8.87,2.74,3.38,2.11,4.96,3.38,4.96,4.43,2.0,3.38,4.01
2007-03-08,600508,9.51,9.69,9.74,9.5,115004,110897093.0,2.53,2.22,0.21,4.24,0.42,0.74,8.32,10.0,4.0,4.21,0.74,0.42,-2.11,0.0,9.41,9.49,9.2,8.92,1.14,-0.1,2.68,1.14,2.68,2.17,-0.21,1.14,1.75,4.75
2007-03-09,600508,9.7,9.57,9.8,9.43,91604,87700648.0,3.82,-1.24,-0.12,3.37,1.48,9.12,10.82,4.77,4.98,1.48,1.17,-1.38,0.74,3.29,9.44,9.51,9.26,8.97,1.15,3.97,2.4,3.97,3.45,1.04,2.4,3.03,6.06,6.27
2007-03-12,600508,9.57,9.63,9.68,9.45,98005,94029785.0,2.4,0.63,0.06,3.61,8.89,10.58,4.55,4.76,1.27,0.95,-1.59,0.53,3.07,3.7,9.52,9.46,9.32,9.01,3.32,1.77,3.32,2.8,0.42,1.77,2.39,5.4,5.61,9.97
2007-03-13,600508,9.65,9.86,9.95,9.6,121069,118486922.0,3.63,2.39,0.23,4.46,8.85,2.92,3.12,-0.31,-0.63,-3.12,-1.04,1.46,2.08,0.83,9.65,9.54,9.39,9.06,-0.61,0.91,0.41,-1.93,-0.61,0.0,2.94,3.14,7.4,6.39
2007-03-14,600508,9.79,9.6,9.8,9.48,119372,114896161.0,3.25,-2.64,-0.26,4.4,4.22,4.43,0.95,0.63,-1.9,0.21,2.74,3.38,2.11,4.96,9.67,9.52,9.43,9.1,3.65,3.12,0.73,2.08,2.71,5.73,5.94,10.31,9.27,9.17
2007-03-15,600508,9.56,9.81,9.95,9.56,134458,131960588.0,4.06,2.19,0.21,4.95,3.56,0.1,-0.21,-2.72,-0.63,1.88,2.51,1.26,4.08,2.51,9.69,9.55,9.47,9.16,0.92,-1.43,-0.1,0.51,3.47,3.67,7.95,6.93,6.83,6.01
2007-03-16,600508,9.82,9.57,9.9,9.5,106213,102778220.0,4.08,-2.45,-0.24,3.91,0.74,0.42,-2.11,0.0,2.53,3.16,1.89,4.74,3.16,4.74,9.69,9.57,9.5,9.21,1.04,2.4,3.03,6.06,6.27,10.66,9.61,9.51,8.67,7.31
2007-03-19,600508,9.29,9.57,9.67,9.18,93792,89112398.0,5.12,0.0,0.0,3.45,3.92,1.31,3.49,6.1,6.75,5.45,8.39,6.75,8.39,7.84,9.68,9.6,9.53,9.24,2.4,3.03,6.06,6.27,10.66,9.61,9.51,8.67,7.31,12.64
2007-03-20,600508,9.57,9.75,9.8,9.57,84006,81669911.0,2.4,1.88,0.18,3.09,-2.82,-0.73,1.78,2.4,1.15,3.97,2.4,3.97,3.45,1.04,9.66,9.65,9.55,9.27,1.13,4.1,4.31,8.62,7.59,7.49,6.67,5.33,10.56,11.79
2007-03-21,600508,9.83,9.81,9.86,9.67,95601,93547105.0,1.95,0.62,0.06,3.52,-1.76,0.72,1.34,0.1,2.9,1.34,2.9,2.38,0.0,1.34,9.7,9.69,9.58,9.32,3.47,3.67,7.95,6.93,6.83,6.01,4.69,9.89,11.11,12.13
2007-03-22,600508,9.87,9.93,10.15,9.85,157614,157998904.0,3.06,1.22,0.12,5.8,-1.12,-0.51,-1.73,1.02,-0.51,1.02,0.51,-1.83,-0.51,0.1,9.73,9.71,9.6,9.37,2.42,6.65,5.64,5.54,4.73,3.42,8.56,9.77,10.78,16.31
2007-03-23,600508,9.93,10.16,10.17,9.81,132749,133190846.0,3.63,2.32,0.23,4.89,-0.1,-1.33,1.43,-0.1,1.43,0.92,-1.43,-0.1,0.51,3.47,9.84,9.77,9.64,9.43,4.23,3.25,3.15,2.36,1.08,6.1,7.28,8.27,13.68,14.76
2007-03-26,600508,10.25,10.39,10.59,10.25,143622,149581690.0,3.35,2.26,0.23,5.29,-5.56,-2.93,-4.39,-2.93,-3.41,-5.66,-4.39,-3.8,-0.98,-0.78,10.01,9.85,9.65,9.5,0.96,0.87,0.1,-1.15,3.75,4.91,5.87,11.16,12.22,21.27
2007-03-27,600508,10.4,10.42,10.49,10.28,111605,115806894.0,2.02,0.29,0.03,4.11,-3.21,-4.67,-3.21,-3.7,-5.93,-4.67,-4.09,-1.26,-1.07,3.02,10.14,9.9,9.72,9.56,0.58,-0.19,-1.44,3.45,4.61,5.57,10.84,11.9,20.92,20.54
2007-03-28,600508,10.45,10.22,10.48,9.8,154602,157988034.0,6.53,-1.92,-0.2,5.69,0.0,1.53,1.02,-1.33,0.0,0.61,3.57,3.78,8.06,7.04,10.22,9.96,9.74,9.6,1.76,0.49,5.48,6.65,7.63,13.01,14.09,23.29,22.9,25.44
2007-03-29,600508,10.23,10.02,10.4,9.97,118797,120606068.0,4.21,-1.96,-0.2,4.38,-0.2,-0.7,-3.01,-1.71,-1.1,1.81,2.01,6.22,5.22,5.12,10.24,9.98,9.77,9.64,2.5,7.58,8.78,9.78,15.27,16.37,25.75,25.35,27.94,26.25
2007-04-02,600508,10.2,10.21,10.27,10.07,83251,84901104.0,2.0,1.9,0.19,3.07,-1.69,-3.97,-2.68,-2.09,0.79,0.99,5.16,4.17,4.07,3.28,10.25,10.05,9.81,9.69,5.58,6.76,7.74,13.12,14.2,23.41,23.02,25.56,23.9,23.02
2007-04-03,600508,10.3,10.77,10.78,10.3,170511,179740664.0,4.7,5.48,0.56,6.28,-6.12,-4.85,-4.27,-1.46,-1.26,2.82,1.84,1.75,0.97,-0.29,10.33,10.17,9.88,9.74,1.21,2.14,7.24,8.26,16.99,16.62,19.03,17.46,16.62,23.12
2007-04-04,600508,10.79,10.79,10.9,10.67,150445,162187681.0,2.14,0.19,0.02,5.54,-8.15,-7.59,-4.87,-4.69,-0.75,-1.69,-1.78,-2.53,-3.75,1.03,10.4,10.27,9.96,9.79,1.95,7.04,8.06,16.77,16.4,18.81,17.24,16.4,22.89,27.06
2007-04-05,600508,10.83,10.9,11.0,10.75,111942,121937826.0,2.32,1.02,0.11,4.12,-8.28,-5.58,-5.4,-1.49,-2.42,-2.51,-3.26,-4.47,0.28,1.4,10.54,10.38,10.03,9.85,5.96,6.97,15.6,15.23,17.61,16.06,15.23,21.65,25.78,21.1
2007-04-06,600508,10.8,11.34,11.55,10.68,162456,181575892.0,7.98,4.04,0.44,5.98,-4.96,-4.78,-0.84,-1.78,-1.87,-2.62,-3.84,0.94,2.06,3.0,10.8,10.52,10.12,9.91,2.82,11.11,10.76,13.05,11.55,10.76,16.93,20.9,16.4,19.22
2007-04-09,600508,11.47,11.5,11.66,11.4,163677,188894923.0,2.29,1.41,0.16,6.03,-10.79,-7.11,-7.98,-8.07,-8.77,-9.91,-5.44,-4.39,-3.51,1.32,11.06,10.66,10.21,9.98,9.57,9.22,11.48,10.0,9.22,15.3,19.22,14.78,17.57,28.43
2007-04-10,600508,11.56,12.49,12.6,11.56,250025,300183544.0,9.04,8.61,0.99,9.21,-8.39,-9.26,-9.34,-10.03,-11.16,-6.75,-5.71,-4.84,-0.09,0.87,11.4,10.87,10.36,10.06,0.56,2.64,1.28,0.56,6.16,9.77,5.68,8.25,18.25,29.3
2007-04-11,600508,12.5,12.29,12.56,12.0,178420,218192382.0,4.48,-1.6,-0.2,6.57,-12.58,-12.67,-13.33,-14.42,-10.17,-9.17,-8.33,-3.75,-2.83,5.0,11.7,11.05,10.48,10.16,4.31,2.93,2.2,7.89,11.55,7.4,10.01,20.18,31.41,29.37
2007-04-12,600508,12.29,12.6,12.82,12.18,139356,175040371.0,5.21,2.52,0.31,5.13,-13.96,-14.61,-15.68,-11.49,-10.51,-9.69,-5.17,-4.27,3.45,3.12,12.04,11.29,10.63,10.26,0.4,-0.32,5.24,8.81,4.76,7.3,17.22,28.17,26.19,30.16
2007-04-13,600508,12.62,12.27,12.65,12.17,140742,174929029.0,3.81,-2.62,-0.33,5.18,-14.54,-15.61,-11.42,-10.44,-9.61,-5.09,-4.19,3.53,3.2,5.34,12.23,11.52,10.75,10.35,2.36,8.07,11.74,7.58,10.19,20.37,31.62,29.58,33.66,33.25
2007-04-16,600508,12.3,12.55,12.56,12.3,108140,134662383.0,2.12,2.28,0.28,3.98,-16.5,-12.36,-11.38,-10.57,-6.1,-5.2,2.44,2.11,4.23,2.85,12.44,11.75,10.9,10.45,5.66,9.24,5.18,7.73,17.69,28.69,26.69,30.68,30.28,29.4
2007-04-17,600508,12.6,13.21,13.26,12.58,191449,248635185.0,5.42,5.26,0.66,7.05,-14.31,-13.35,-12.56,-8.19,-7.31,0.16,-0.16,1.91,0.56,-0.16,12.58,11.99,11.08,10.59,3.79,-0.08,2.35,11.81,22.26,20.36,24.15,23.77,22.94,30.28
2007-04-18,600508,13.71,13.23,13.71,12.2,196427,261658502.0,11.43,0.15,0.02,7.23,-10.66,-9.84,-5.33,-4.43,3.28,2.95,5.08,3.69,2.95,8.69,12.77,12.24,11.25,10.72,-0.23,2.19,11.64,22.07,20.18,23.96,23.58,22.75,30.08,28.5
2007-04-19,600508,13.2,12.29,13.2,11.91,240098,301726747.0,9.75,-7.11,-0.94,8.84,-7.64,-3.02,-2.1,5.79,5.46,7.64,6.21,5.46,11.34,15.11,12.71,12.38,11.38,10.81,10.01,20.18,31.41,29.37,33.44,33.03,32.14,40.03,38.32,36.7
2007-04-20,600508,12.31,13.43,13.52,12.31,262796,344605384.0,9.85,9.28,1.14,9.68,-6.17,-5.28,2.36,2.03,4.14,2.76,2.03,7.72,11.37,7.23,12.94,12.59,11.55,10.94,9.98,20.25,18.39,22.11,21.74,20.92,28.15,26.58,25.09,22.86
2007-04-23,600508,13.7,14.77,14.77,13.7,258583,377863586.0,7.97,9.98,1.34,9.52,-14.89,-8.03,-8.32,-6.42,-7.66,-8.32,-3.21,0.07,-3.65,-1.31,13.39,12.91,11.78,11.11,9.34,7.65,11.04,10.7,9.95,16.52,15.1,13.74,11.71,11.65
2007-04-24,600508,15.05,15.31,16.15,15.0,295132,459120155.0,7.79,3.66,0.54,10.87,-16.0,-16.27,-14.53,-15.67,-16.27,-11.6,-8.6,-12.0,-9.87,-1.53,13.81,13.2,12.03,11.3,3.85,7.12,6.79,6.07,12.41,11.04,9.73,7.77,7.71,7.38
2007-04-25,600508,15.18,15.37,15.9,14.81,176662,272481109.0,7.12,0.39,0.06,6.51,-15.19,-13.44,-14.58,-15.19,-10.47,-7.43,-10.87,-8.71,-0.27,9.05,14.23,13.5,12.28,11.49,6.7,6.38,5.66,11.97,10.61,9.3,7.35,7.29,6.96,7.22
2007-04-26,600508,15.5,16.26,16.4,15.48,184011,297342322.0,5.99,5.79,0.89,6.78,-17.18,-18.28,-18.86,-14.34,-11.43,-14.73,-12.66,-4.59,4.33,2.71,15.03,13.87,12.58,11.71,0.55,-0.12,5.84,4.55,3.32,1.48,1.41,1.11,1.35,5.6
2007-04-27,600508,16.26,15.9,16.35,15.68,178350,286077831.0,4.12,-2.21,-0.36,6.57,-19.32,-19.9,-15.43,-12.56,-15.82,-13.78,-5.8,3.0,1.4,4.59,15.52,14.23,12.87,11.91,2.14,8.24,6.92,5.66,3.77,3.71,3.4,3.65,7.99,15.6
2007-04-30,600508,15.79,15.72,16.24,15.48,160435,253172420.0,4.78,-1.13,-0.18,5.91,-18.86,-14.34,-11.43,-14.73,-12.66,-4.59,4.33,2.71,5.94,5.62,15.71,14.55,13.15,12.12,9.48,8.14,6.87,4.96,4.9,4.58,4.83,9.22,16.92,25.45
2007-05-08,600508,16.05,16.84,17.21,16.05,152423,254302806.0,7.38,7.12,1.12,5.61,-17.38,-14.58,-17.76,-15.76,-7.98,0.62,-0.93,2.18,1.87,1.18,16.02,14.91,13.45,12.36,0.95,-0.24,-2.02,-2.08,-2.38,-2.14,1.96,9.14,17.1,13.3
2007-05-09,600508,16.9,16.27,17.0,15.57,167587,273980498.0,8.49,-3.38,-0.57,6.17,-11.95,-15.22,-13.17,-5.14,3.73,2.12,5.33,5.01,4.3,10.53,16.2,15.22,13.73,12.58,3.26,1.41,1.35,1.04,1.29,5.53,12.97,21.2,17.27,20.47
2007-05-10,600508,16.5,16.5,16.8,16.27,132726,218600926.0,3.26,1.41,0.23,4.89,-18.87,-16.9,-9.22,-0.74,-2.27,0.8,0.49,-0.18,5.78,4.49,16.25,15.64,14.01,12.8,0.0,-0.06,-0.36,-0.12,4.06,11.39,19.52,15.64,18.79,19.09
2007-05-11,600508,16.5,16.13,16.5,15.92,110589,178265589.0,3.52,-2.24,-0.37,4.07,-15.08,-7.22,1.44,-0.13,3.02,2.7,2.01,8.1,6.78,5.53,16.29,15.91,14.25,13.0,2.23,1.92,2.17,6.45,13.95,22.26,18.29,21.51,21.82,19.22
2007-05-14,600508,15.78,16.18,16.49,15.5,176456,284485993.0,6.14,0.31,0.05,6.5,-4.71,4.19,2.58,5.81,5.48,4.77,11.03,9.68,8.39,6.45,16.38,16.05,14.48,13.21,1.61,1.85,6.12,13.6,21.88,17.92,21.14,21.45,18.85,19.9
2007-05-15,600508,16.21,15.45,16.44,15.39,146330,233419550.0,6.49,-4.51,-0.73,5.39,4.94,3.31,6.56,6.24,5.52,11.83,10.46,9.16,7.21,7.15,16.11,16.06,14.63,13.37,6.67,11.13,18.96,27.64,23.5,26.86,27.18,24.47,25.57,22.65
2007-05-16,600508,15.36,16.28,16.48,15.36,161839,258291061.0,7.25,5.37,0.83,5.96,3.52,6.77,6.45,5.73,12.04,10.68,9.38,7.42,7.36,7.03,16.11,16.15,14.83,13.57,5.47,12.9,21.13,17.2,20.39,20.7,18.12,19.16,16.4,6.45
2007-05-17,600508,16.23,16.83,17.17,16.22,191554,321076537.0,5.84,3.38,0.55,7.05,1.11,0.8,0.12,6.1,4.81,3.58,1.73,1.66,1.36,1.6,16.17,16.21,15.04,13.79,9.21,17.17,13.37,16.46,16.76,14.26,15.27,12.6,2.97,2.2
2007-05-21,600508,16.21,18.21,18.38,16.18,231911,407752601.0,13.07,8.2,1.38,8.54,1.05,0.37,6.37,5.07,3.83,1.98,1.92,1.61,1.85,6.12,16.59,16.44,15.34,14.06,8.29,4.78,7.63,7.91,5.6,6.53,4.06,-4.83,-5.55,-8.51
2007-05-22,600508,18.55,18.7,19.72,18.55,263780,503538384.0,6.43,2.69,0.49,9.71,-12.45,-7.22,-8.36,-9.43,-11.05,-11.11,-11.37,-11.16,-7.44,-0.92,17.09,16.74,15.64,14.35,2.03,4.81,5.08,2.83,3.74,1.34,-7.33,-8.02,-10.91,-17.11
2007-05-23,600508,18.8,18.71,19.08,18.51,116753,219191614.0,3.05,0.05,0.01,4.3,-7.02,-8.16,-9.24,-10.86,-10.91,-11.18,-10.97,-7.24,-0.7,6.54,17.75,16.93,15.92,14.61,4.76,5.02,2.78,3.69,1.28,-7.38,-8.07,-10.96,-17.16,-12.08
2007-05-24,600508,18.76,19.01,19.6,18.3,169190,318923996.0,6.95,1.6,0.3,6.23,-7.1,-8.2,-9.84,-9.89,-10.16,-9.95,-6.17,0.44,7.76,4.26,18.29,17.2,16.21,14.88,3.37,1.16,2.05,-0.32,-8.84,-9.52,-12.36,-18.46,-13.47,-9.42
2007-05-25,600508,19.03,18.78,19.65,18.73,156685,299030437.0,4.84,-1.21,-0.23,5.77,-10.3,-11.91,-11.96,-12.23,-12.01,-8.33,-1.87,5.29,1.87,4.64,18.68,17.43,16.53,15.15,2.4,3.3,0.91,-7.72,-8.41,-11.29,-17.47,-12.41,-8.31,-9.74
2007-05-28,600508,18.85,18.91,19.23,18.58,158187,298487595.0,3.46,0.69,0.13,5.83,-11.19,-11.25,-11.52,-11.3,-7.59,-1.08,6.14,2.69,5.49,5.76,18.82,17.71,16.81,15.4,2.59,0.21,-8.36,-9.04,-11.9,-18.03,-13.01,-8.94,-10.36,-8.14
2007-05-29,600508,18.9,19.26,19.4,18.7,210017,400092967.0,3.7,1.85,0.35,7.73,-11.82,-12.09,-11.87,-8.18,-1.71,5.45,2.03,4.81,5.08,2.83,18.93,18.01,17.03,15.66,-1.61,-10.02,-10.7,-13.5,-19.52,-14.59,-10.59,-11.99,-9.81,-4.98
2007-05-30,600508,18.12,17.33,18.95,17.33,253172,455730105.0,8.41,-10.02,-1.93,9.32,-5.14,-4.9,-0.92,6.06,13.79,10.1,13.1,13.39,10.96,11.94,18.66,18.2,17.13,15.82,0.0,-0.75,-3.87,-10.56,-5.08,-0.63,-2.19,0.23,5.6,7.91
2007-05-31,600508,16.85,16.76,17.33,15.6,237103,390058134.0,9.98,-3.29,-0.57,8.73,5.64,10.06,17.82,26.41,22.31,25.64,25.96,23.27,24.36,21.47,18.21,18.25,17.2,15.97,2.63,-0.6,-7.52,-1.85,2.74,1.13,3.64,9.19,11.58,7.94
2007-06-01,600508,16.8,15.89,17.2,15.7,223568,369816139.0,8.95,-5.19,-0.87,8.23,9.36,17.07,25.61,21.53,24.84,25.16,22.48,23.57,20.7,10.38,17.63,18.16,17.18,16.08,4.85,-2.45,3.52,8.37,6.67,9.31,15.17,17.68,13.85,11.26
2007-06-04,600508,16.28,14.3,16.66,14.3,206755,316795252.0,14.85,-10.01,-1.59,7.61,28.53,37.9,33.43,37.06,37.41,34.48,35.66,32.52,21.19,20.28,16.71,17.76,17.1,16.15,8.39,15.03,20.42,18.53,21.47,27.97,30.77,26.5,23.64,26.57
2007-06-05,600508,14.1,15.43,15.5,12.93,268615,384156724.0,17.97,7.9,1.13,9.89,52.51,47.56,51.59,51.97,48.72,50.04,46.56,34.03,33.02,28.85,15.94,17.44,17.09,16.24,6.61,11.6,9.85,12.57,18.6,21.19,17.24,14.58,17.3,16.92
2007-06-06,600508,15.7,16.28,16.45,15.3,254953,409029786.0,7.45,5.51,0.85,9.39,24.71,28.1,28.43,25.69,26.8,23.86,13.27,12.42,8.89,1.31,15.73,17.2,17.06,16.34,5.77,4.12,6.7,12.41,14.86,11.12,8.6,11.18,10.81,13.08
2007-06-07,600508,16.3,16.71,17.22,16.3,203309,342002292.0,5.65,2.64,0.43,7.49,20.25,20.55,17.98,19.02,16.26,6.32,5.52,2.21,-4.91,0.92,15.72,16.97,17.08,16.46,1.44,3.95,9.52,11.91,8.26,5.8,8.32,7.96,10.17,4.73
2007-06-08,600508,16.8,16.74,16.95,16.36,174103,290249390.0,3.53,0.18,0.03,6.41,20.11,17.54,18.58,15.83,5.93,5.13,1.83,-5.26,0.55,5.26,15.89,16.76,17.09,16.61,3.76,9.32,11.71,8.06,5.62,8.12,7.77,9.98,4.54,3.23
2007-06-11,600508,16.75,17.05,17.37,16.75,149432,255307588.0,3.7,1.85,0.31,5.5,14.81,15.82,13.13,3.46,2.69,-0.54,-7.46,-1.79,2.81,1.19,16.44,16.58,17.14,16.73,7.33,9.68,6.1,3.7,6.16,5.81,7.98,2.64,1.35,-2.7
2007-06-12,600508,17.26,18.21,18.3,16.67,214410,373556456.0,9.56,6.8,1.16,7.9,16.38,13.68,3.96,3.18,-0.06,-7.02,-1.32,3.3,1.68,4.2,17.0,16.47,17.24,16.84,2.69,-0.66,-2.91,-0.6,-0.93,1.1,-3.9,-5.11,-8.9,-14.33
2007-06-13,600508,18.6,18.29,18.7,18.03,176467,323480143.0,3.68,0.44,0.08,6.5,5.1,-3.88,-4.6,-7.6,-14.03,-8.76,-4.49,-5.99,-3.66,1.5,17.4,16.57,17.38,16.94,-1.09,-3.34,-1.04,-1.37,0.66,-4.32,-5.52,-9.29,-14.71,-14.16
2007-06-14,600508,17.8,17.51,18.09,17.23,119032,209920973.0,4.7,-4.26,-0.78,4.38,0.58,-0.17,-3.31,-10.04,-4.53,-0.06,-1.63,0.81,6.21,8.53,17.56,16.64,17.45,17.01,0.97,3.37,3.03,5.14,-0.06,-1.31,-5.25,-10.91,-10.34,-10.45
2007-06-15,600508,17.25,17.23,17.68,17.03,92929,160432540.0,3.71,-1.6,-0.28,3.42,1.0,-2.17,-8.98,-3.41,1.12,-0.47,2.0,7.46,9.81,6.22,17.66,16.78,17.47,17.05,5.05,4.7,6.85,1.57,0.29,-3.71,-9.46,-8.88,-9.0,-17.3
2007-06-18,600508,17.71,17.6,18.1,17.51,118371,210367406.0,3.42,2.15,0.37,4.36,-4.85,-11.48,-6.05,-1.66,-3.2,-0.8,4.51,6.8,3.31,0.97,17.77,17.11,17.44,17.1,2.5,4.6,-0.57,-1.82,-5.74,-11.36,-10.8,-10.91,-19.03,-18.92
2007-06-19,600508,17.55,18.0,18.04,17.11,155886,275136591.0,5.28,2.27,0.4,5.74,-9.41,-3.86,0.64,-0.94,1.52,6.95,9.29,5.73,3.33,5.79,17.73,17.36,17.4,17.18,2.28,-2.78,-4.0,-7.83,-13.33,-12.78,-12.89,-20.83,-20.72,-18.33
2007-06-20,600508,18.06,17.43,18.41,17.36,162948,293559117.0,5.83,-3.17,-0.57,6.0,-5.24,-0.81,-2.36,0.06,5.41,7.72,4.21,1.84,4.26,3.92,17.55,17.48,17.34,17.2,0.4,-0.86,-4.82,-10.5,-9.93,-10.04,-18.24,-18.13,-15.66,-14.0
2007-06-21,600508,17.08,17.29,17.5,17.0,103199,177645457.0,2.87,-0.8,-0.14,3.8,1.29,-0.29,2.18,7.65,10.0,6.41,4.0,6.47,6.12,8.29,17.51,17.54,17.25,17.23,-0.06,-4.05,-9.77,-9.2,-9.31,-17.58,-17.47,-14.98,-13.3,-18.57
2007-06-22,600508,17.2,16.31,17.28,15.78,121330,201667722.0,8.68,-5.67,-0.98,4.47,7.41,10.08,15.97,18.5,14.64,12.04,14.7,14.32,16.67,10.9,17.33,17.49,17.13,17.23,1.72,-4.35,-3.74,-3.86,-12.63,-12.51,-9.87,-8.09,-13.67,-11.4
2007-06-25,600508,16.0,14.8,16.59,14.7,121898,188699963.0,11.59,-9.26,-1.51,4.49,18.16,24.49,27.21,23.06,20.27,23.13,22.72,25.24,19.05,17.55,16.77,17.27,16.92,17.18,5.41,6.08,5.95,-3.72,-3.58,-0.68,1.28,-4.86,-2.36,4.46
2007-06-26,600508,14.55,15.27,15.6,14.4,107798,161955386.0,8.11,3.18,0.47,3.97,27.08,29.86,25.62,22.78,25.69,25.28,27.85,21.53,20.0,15.21,16.22,16.97,16.72,17.15,2.82,2.69,-6.68,-6.55,-3.73,-1.83,-7.79,-5.37,1.24,0.07
2007-06-27,600508,15.45,15.62,15.7,15.0,81138,125400294.0,4.58,2.29,0.35,2.99,24.67,20.6,17.87,20.67,20.27,22.73,16.67,15.2,10.6,4.0,15.86,16.71,16.64,17.16,0.38,-8.77,-8.64,-5.89,-4.03,-9.86,-7.49,-1.02,-2.18,-2.69
2007-06-28,600508,15.68,14.42,15.68,14.4,100455,150472731.0,8.19,-7.68,-1.2,3.7,25.62,22.78,25.69,25.28,27.85,21.53,20.0,15.21,8.33,9.03,15.28,16.4,16.52,17.1,-1.18,-1.04,1.94,3.95,-2.36,0.21,7.21,5.96,5.41,4.72
2007-06-29,600508,14.08,13.71,14.25,13.41,94931,131923405.0,5.83,-4.92,-0.71,3.5,31.84,34.97,34.53,37.29,30.5,28.86,23.71,16.33,17.08,16.93,14.76,16.05,16.41,16.99,4.08,7.22,9.34,2.7,5.4,12.76,11.45,10.87,10.14,9.63
2007-07-02,600508,13.79,14.25,14.27,13.6,70084,97826848.0,4.89,3.94,0.54,2.58,33.09,32.65,35.37,28.68,27.06,21.99,14.71,15.44,15.29,4.78,14.65,15.71,16.41,16.86,3.16,5.19,-1.19,1.4,8.49,7.23,6.67,5.96,5.47,14.53
2007-07-03,600508,14.33,14.62,14.7,14.25,59210,85950453.0,3.16,2.6,0.37,2.18,26.6,29.19,22.81,21.26,16.42,9.47,10.18,10.04,0.0,0.14,14.52,15.37,16.37,16.72,2.53,-3.69,-1.16,5.75,4.51,3.97,3.28,2.8,11.63,8.55
2007-07-04,600508,14.63,14.22,14.99,14.02,54429,79497503.0,6.63,-2.74,-0.4,2.0,31.31,24.82,23.25,18.33,11.27,11.98,11.84,1.64,1.78,4.85,14.24,15.05,16.26,16.57,-0.98,1.62,8.72,7.45,6.89,6.19,5.7,14.77,11.6,11.46
2007-07-05,600508,13.98,13.42,14.08,13.4,56391,77717029.0,4.78,-5.63,-0.8,2.08,30.6,28.96,23.81,16.42,17.16,17.01,6.34,6.49,9.7,11.87,14.04,14.66,16.1,16.39,7.68,15.2,13.86,13.26,12.52,12.0,21.61,18.26,18.11,19.45
2007-07-06,600508,13.39,14.36,14.45,13.21,69834,96667931.0,9.24,7.0,0.94,2.57,30.81,25.59,18.09,18.85,18.7,7.87,8.02,11.28,13.47,6.59,14.17,14.47,15.98,16.24,7.66,6.41,5.85,5.15,4.67,13.65,10.52,10.38,11.63,12.19
2007-07-09,600508,14.51,15.19,15.46,14.45,131325,198153241.0,7.03,5.78,0.83,4.84,14.81,7.96,8.65,8.51,-1.38,-1.25,1.73,3.74,-2.56,0.0,14.36,14.51,15.89,16.12,0.59,0.07,-0.59,-1.05,7.44,4.48,4.34,5.53,6.06,11.92
2007-07-10,600508,15.19,14.68,15.28,14.62,71705,107212909.0,4.34,-3.36,-0.51,2.64,6.7,7.39,7.25,-2.53,-2.39,0.55,2.53,-3.69,-1.16,5.75,14.37,14.45,15.71,15.96,3.54,2.86,2.38,11.17,8.11,7.97,9.2,9.74,15.8,19.75
2007-07-11,600508,14.45,14.87,15.2,14.39,41874,62403037.0,5.52,1.29,0.19,1.54,9.1,8.96,-0.97,-0.83,2.15,4.17,-2.15,0.42,7.44,6.18,14.5,14.37,15.54,15.88,1.55,1.08,9.75,6.72,6.59,7.8,8.34,14.32,18.22,23.74
2007-07-12,600508,14.99,14.99,15.1,14.8,37752,56530350.0,2.02,0.81,0.12,1.39,5.95,-3.72,-3.58,-0.68,1.28,-4.86,-2.36,4.46,3.24,2.7,14.82,14.43,15.41,15.82,0.27,8.87,5.87,5.74,6.94,7.47,13.41,17.28,22.75,22.68
2007-07-13,600508,14.95,14.91,15.03,14.68,29419,43805835.0,2.33,-0.53,-0.08,1.08,-2.93,-2.79,0.14,2.11,-4.09,-1.57,5.31,4.09,3.54,2.86,14.93,14.55,15.3,15.79,9.46,6.44,6.3,7.51,8.05,14.02,17.91,23.41,23.34,29.78
2007-07-16,600508,15.15,15.47,16.32,15.15,153166,242480233.0,7.85,3.76,0.56,5.64,-5.81,-2.97,-1.06,-7.06,-4.62,2.05,0.86,0.33,-0.33,-0.79,14.98,14.67,15.19,15.83,2.59,2.46,3.62,4.14,9.89,13.64,18.94,18.88,25.08,37.23
2007-07-17,600508,15.72,15.73,15.87,15.4,80449,126635860.0,3.04,1.68,0.26,2.96,-4.55,-2.66,-8.57,-6.17,0.39,-0.78,-1.3,-1.95,-2.4,5.97,15.19,14.78,15.08,15.84,0.76,1.91,2.42,8.07,11.76,16.97,16.91,23.01,34.97,42.09
2007-07-18,600508,15.7,15.52,15.85,15.4,76012,118548086.0,2.86,-1.34,-0.21,2.8,-2.66,-8.57,-6.17,0.39,-0.78,-1.3,-1.95,-2.4,5.97,3.05,15.32,14.91,14.98,15.81,3.29,3.8,9.54,13.27,18.56,18.49,24.68,36.79,44.01,38.85
2007-07-19,600508,15.44,15.79,16.03,15.43,52273,82534761.0,3.87,1.74,0.27,1.93,-8.75,-6.35,0.19,-0.97,-1.49,-2.14,-2.59,5.77,2.85,2.72,15.48,15.15,14.91,15.78,2.03,7.66,11.34,16.53,16.47,22.55,34.45,41.55,36.48,37.43
2007-07-20,600508,15.69,16.06,16.11,15.69,79503,126917189.0,2.66,1.71,0.27,2.93,-7.9,-1.47,-2.61,-3.12,-3.76,-4.21,4.02,1.15,1.02,2.17,15.71,15.32,14.9,15.76,5.85,9.46,14.57,14.51,20.49,32.19,39.17,34.18,35.12,38.85
2007-07-23,600508,16.07,16.95,17.0,16.07,123219,206092764.0,5.79,5.54,0.89,4.54,-3.8,-4.92,-5.41,-6.04,-6.47,1.56,-1.24,-1.37,-0.25,0.25,16.01,15.5,15.0,15.76,3.72,8.55,8.5,14.16,25.25,31.86,27.14,28.02,31.56,37.76
2007-07-24,600508,17.08,17.0,17.58,16.88,118439,204007187.0,4.13,0.29,0.05,4.36,-9.48,-9.95,-10.55,-10.96,-3.32,-5.98,-6.1,-5.04,-4.56,0.71,16.26,15.73,15.09,15.72,8.24,8.18,13.82,24.88,31.47,26.76,27.65,31.18,37.35,40.0
2007-07-25,600508,17.0,18.21,18.4,16.98,200617,360589943.0,8.35,7.12,1.21,7.39,-10.48,-11.07,-11.48,-3.89,-6.54,-6.65,-5.59,-5.12,0.12,3.53,16.8,16.06,15.22,15.71,0.99,6.26,16.58,22.73,18.34,19.17,22.46,28.23,30.7,23.28
2007-07-26,600508,18.25,18.09,18.39,17.76,125575,227817924.0,3.46,-0.66,-0.12,4.62,-14.98,-15.37,-8.11,-10.64,-10.75,-9.74,-9.29,-4.28,-1.01,3.6,17.26,16.37,15.4,15.73,6.97,17.36,23.55,19.13,19.96,23.27,29.08,31.56,24.1,22.94
2007-07-27,600508,18.0,19.3,19.35,17.77,226979,430458379.0,8.73,6.69,1.21,8.36,-15.42,-8.16,-10.69,-10.8,-9.79,-9.34,-4.33,-1.07,3.55,3.49,17.91,16.81,15.68,15.8,10.0,15.8,11.66,12.44,15.54,20.98,23.32,16.32,15.23,13.16
2007-07-30,600508,19.35,21.23,21.23,19.3,224704,463481468.0,10.0,10.0,1.93,8.28,-15.44,-17.77,-17.88,-16.94,-16.53,-11.92,-8.91,-4.66,-4.72,0.26,18.77,17.39,16.03,15.92,5.28,1.51,2.21,5.04,9.99,12.11,5.75,4.76,2.87,-0.38
2007-07-31,600508,21.53,21.21,22.35,20.81,222488,476924118.0,7.25,-0.09,-0.02,8.19,-23.74,-23.83,-22.97,-22.59,-18.31,-15.52,-11.58,-11.63,-7.02,2.02,19.61,17.94,16.36,16.03,1.6,2.31,5.14,10.09,12.21,5.85,4.86,2.97,-0.28,3.68
2007-08-01,600508,21.5,20.11,21.55,20.1,182743,377845255.0,6.84,-5.19,-1.1,6.73,-21.14,-20.25,-19.85,-15.42,-12.54,-8.46,-8.51,-3.73,5.62,11.19,19.99,18.4,16.65,16.12,7.91,10.89,16.11,18.35,11.64,10.59,8.6,5.17,9.35,8.65
2007-08-02,600508,20.28,21.48,21.7,20.28,151923,321222976.0,7.06,6.81,1.37,5.6,-20.96,-20.56,-16.17,-13.31,-9.27,-9.32,-4.59,4.68,10.21,6.26,20.67,18.96,17.06,16.26,3.82,8.71,10.8,4.52,3.54,1.68,-1.54,2.37,1.72,1.72
2007-08-03,600508,21.89,22.02,22.3,21.56,156153,343294226.0,3.45,2.51,0.54,5.75,-25.28,-21.15,-18.46,-14.66,-14.7,-10.25,-1.53,3.66,-0.05,0.65,21.21,19.56,17.44,16.45,6.04,8.08,1.95,1.0,-0.82,-3.95,-0.14,-0.77,-0.77,-1.54
2007-08-06,600508,22.0,23.09,23.35,21.49,150907,332523641.0,8.45,4.86,1.07,5.56,-20.89,-18.19,-14.38,-14.43,-9.96,-1.21,4.0,0.28,0.98,3.77,21.58,20.17,17.84,16.73,3.07,-2.77,-3.68,-5.41,-8.4,-4.76,-5.37,-5.37,-6.11,-0.91
2007-08-07,600508,22.88,22.75,23.8,22.03,127867,292880868.0,7.67,-1.47,-0.34,4.71,-20.2,-16.48,-16.52,-12.17,-3.63,1.45,-2.18,-1.5,1.23,5.99,21.89,20.75,18.24,16.98,-1.32,-2.24,-4.0,-7.03,-3.34,-3.96,-3.96,-4.7,0.57,1.45
2007-08-08,600508,22.45,21.62,22.45,21.18,107365,233492537.0,5.58,-4.97,-1.13,3.95,-13.13,-13.17,-8.64,0.24,5.52,1.75,2.46,5.29,10.25,12.37,22.19,21.09,18.58,17.18,2.87,1.02,-2.17,1.71,1.06,1.06,0.28,5.83,6.75,6.29
2007-08-09,600508,21.43,21.84,22.24,21.31,79497,173783602.0,4.3,1.02,0.22,2.93,-13.7,-9.2,-0.38,4.88,1.13,1.83,4.65,9.57,11.68,5.35,22.26,21.47,18.92,17.42,0.0,-3.16,0.69,0.05,0.05,-0.73,4.76,5.68,5.22,10.53
2007-08-10,600508,21.84,21.0,21.84,20.5,116571,244278271.0,6.14,-3.85,-0.84,4.29,-5.61,3.56,9.02,5.12,5.85,8.78,13.9,16.1,9.51,8.49,22.06,21.64,19.22,17.67,0.71,4.71,4.05,4.05,3.24,8.95,9.9,9.43,14.95,24.38
2007-08-13,600508,21.0,20.53,21.15,20.25,66996,137812254.0,4.29,-2.24,-0.47,2.47,4.84,10.37,6.42,7.16,10.12,15.31,17.53,10.86,9.83,7.85,21.55,21.57,19.48,17.88,7.11,6.43,6.43,5.6,11.45,12.42,11.93,17.58,27.23,33.17
2007-08-14,600508,20.37,21.37,21.99,20.37,56371,121057888.0,7.89,4.09,0.84,2.08,9.72,5.79,6.53,9.47,14.63,16.84,10.21,9.18,7.22,3.83,21.27,21.58,19.76,18.1,2.25,2.25,1.45,7.07,8.0,7.53,12.96,22.23,27.94,27.28
2007-08-15,600508,21.41,21.67,21.85,20.78,68028,145182965.0,5.01,1.4,0.3,2.51,3.71,4.43,7.31,12.37,14.53,8.04,7.03,5.1,1.78,5.82,21.28,21.74,20.07,18.35,0.83,0.05,5.58,6.51,6.05,11.4,20.54,26.17,25.52,27.83
2007-08-16,600508,21.64,21.29,21.85,21.01,42854,91822321.0,3.88,-1.75,-0.38,1.58,3.28,6.14,11.14,13.28,6.85,5.85,3.95,0.67,4.66,4.0,21.17,21.72,20.34,18.61,1.83,7.47,8.41,7.94,13.39,22.69,28.42,27.76,30.11,37.62
2007-08-17,600508,21.0,21.07,21.68,20.81,57117,121157446.0,4.09,-1.03,-0.22,2.1,7.16,12.21,14.37,7.88,6.87,4.95,1.63,5.67,5.0,5.0,21.19,21.62,20.59,18.83,8.59,9.54,9.07,14.57,23.97,29.76,29.09,31.47,39.06,48.08
2007-08-20,600508,21.8,22.76,22.88,21.53,95374,213333286.0,6.41,8.02,1.69,3.51,8.45,10.54,4.27,3.3,1.44,-1.76,2.14,1.49,1.49,0.7,21.63,21.59,20.88,19.09,1.41,0.97,6.06,14.76,20.12,19.51,21.7,28.73,37.08,49.87
2007-08-21,600508,22.9,22.64,23.08,22.38,69122,156664844.0,3.08,-0.53,-0.12,2.55,6.34,0.31,-0.63,-2.41,-5.5,-1.74,-2.37,-2.37,-3.13,2.23,21.89,21.58,21.16,19.35,1.5,6.63,15.37,20.76,20.14,22.35,29.42,37.81,50.66,49.29
2007-08-22,600508,22.2,22.85,22.98,22.02,77130,175042198.0,4.24,0.93,0.21,2.84,1.95,1.0,-0.82,-3.95,-0.14,-0.77,-0.77,-1.54,3.91,4.81,22.12,21.7,21.4,19.62,5.65,14.31,19.65,19.04,21.23,28.23,36.54,49.28,47.92,51.95
2007-08-23,600508,22.99,23.93,24.14,22.42,124386,292098348.0,7.53,4.73,1.08,4.58,-0.8,-2.59,-5.66,-1.92,-2.54,-2.54,-3.3,2.05,2.94,2.5,22.65,21.91,21.69,19.92,9.15,14.25,13.66,15.75,22.44,30.38,42.54,41.25,45.09,48.06
2007-08-24,600508,24.03,25.56,26.12,24.02,182033,453410784.0,8.78,6.81,1.63,6.7,-9.08,-11.95,-8.45,-9.03,-9.03,-9.74,-4.75,-3.91,-4.33,0.5,23.55,22.37,22.0,20.27,6.96,6.42,8.37,14.63,22.07,33.45,32.24,35.84,38.62,33.45
2007-08-27,600508,25.66,26.3,27.34,25.66,127496,338578028.0,6.57,2.9,0.74,4.7,-17.58,-14.3,-14.85,-14.85,-15.51,-10.83,-10.05,-10.44,-5.92,1.79,24.26,22.94,22.25,20.63,3.42,5.32,11.41,18.63,29.7,28.52,32.02,34.71,29.7,21.9
2007-08-28,600508,26.05,26.52,27.2,25.4,89406,237125275.0,6.84,0.84,0.22,3.29,-13.43,-13.98,-13.98,-14.65,-9.92,-9.13,-9.53,-4.96,2.83,7.64,25.03,23.46,22.52,20.99,4.45,10.48,17.65,28.62,27.45,30.92,33.6,28.62,20.89,24.92
2007-08-29,600508,26.1,26.93,27.7,25.8,94163,254226377.0,7.16,1.55,0.41,3.47,-15.31,-15.31,-15.97,-11.32,-10.54,-10.93,-6.43,1.24,5.97,5.43,25.85,23.98,22.86,21.37,8.8,15.86,26.66,25.51,28.93,31.56,26.66,19.05,23.02,13.63
2007-08-30,600508,26.83,28.68,29.3,26.83,89639,252632109.0,9.17,6.5,1.75,3.3,-18.56,-19.19,-14.72,-13.98,-14.35,-10.03,-2.65,1.9,1.38,3.24,26.8,24.72,23.22,21.8,8.79,18.93,17.85,21.06,23.54,18.93,11.79,15.52,6.69,15.48
2007-08-31,600508,28.86,31.02,31.2,28.38,123154,364953301.0,9.83,8.16,2.34,4.54,-23.61,-19.38,-18.68,-19.03,-14.94,-7.96,-3.66,-4.16,-2.4,3.24,27.89,25.72,23.67,22.3,9.96,8.96,11.93,14.22,9.96,3.35,6.8,-1.35,6.77,12.64
2007-09-03,600508,31.25,33.68,34.11,31.25,114970,380820293.0,9.22,8.58,2.66,4.23,-26.78,-26.14,-26.46,-22.75,-16.42,-12.51,-12.96,-11.36,-6.24,-0.16,29.37,26.81,24.2,22.86,0.36,3.09,5.2,1.28,-4.81,-1.63,-9.14,-1.66,3.74,-2.05
2007-09-04,600508,33.7,32.21,33.8,31.5,102401,330267201.0,6.83,-4.36,-1.47,3.77,-26.73,-27.05,-23.37,-17.08,-13.21,-13.65,-12.06,-6.98,-0.95,8.29,30.5,27.77,24.67,23.37,7.79,10.0,5.9,-0.47,2.86,-5.0,2.83,8.48,2.42,9.22
2007-09-05,600508,31.98,33.82,34.72,31.0,108222,361182270.0,11.55,5.0,1.61,3.99,-25.87,-22.13,-15.74,-11.81,-12.26,-10.65,-5.48,0.65,10.03,9.03,31.88,28.86,25.28,23.89,4.76,0.86,-5.2,-2.04,-9.52,-2.07,3.31,-2.45,4.02,13.9
2007-09-06,600508,33.97,34.6,35.43,33.13,65287,224523159.0,6.8,2.31,0.78,2.4,-27.14,-21.16,-17.48,-17.9,-16.39,-11.56,-5.83,2.96,2.02,4.8,33.07,29.93,25.92,24.44,-1.42,-7.34,-4.25,-11.56,-4.28,0.98,-4.65,1.68,11.33,19.25
2007-09-07,600508,34.02,32.56,34.11,32.5,91733,305382045.0,4.65,-5.9,-2.04,3.38,-19.63,-15.88,-16.31,-14.77,-9.85,-4.0,4.95,4.0,6.83,9.02,33.37,30.63,26.5,24.88,-1.54,1.75,-6.02,1.72,7.31,1.32,8.05,18.3,26.72,34.77
2007-09-10,600508,31.95,31.86,32.06,30.5,80185,251580595.0,4.79,-2.15,-0.7,2.95,-10.36,-10.82,-9.18,-3.93,2.3,11.84,10.82,13.84,16.16,11.84,33.01,31.19,27.07,25.23,3.99,-3.95,3.95,9.67,3.55,10.42,20.9,29.5,37.73,28.69
2007-09-11,600508,30.88,29.79,33.13,29.62,70701,223023179.0,11.02,-6.5,-2.07,2.6,-8.17,-6.48,-1.08,5.33,15.16,14.11,17.22,19.62,15.16,8.24,32.53,31.52,27.49,25.52,2.72,11.18,17.29,10.74,18.09,29.31,38.5,47.3,37.63,30.48
2007-09-12,600508,29.7,30.11,30.6,29.33,69312,208086981.0,4.26,1.07,0.32,2.55,-5.56,-0.1,6.38,16.3,15.24,18.38,20.8,16.3,9.31,12.96,31.78,31.83,27.91,25.85,10.0,16.04,9.56,16.84,27.93,37.03,45.73,36.17,29.09,29.53
2007-09-13,600508,30.31,33.12,33.12,30.11,77131,247590510.0,10.0,10.0,3.01,2.84,-2.69,3.62,13.28,12.26,15.31,17.67,13.28,6.48,10.03,1.63,31.49,32.28,28.5,26.24,5.5,-0.39,6.22,16.3,24.58,32.49,23.79,17.36,17.75,25.27
2007-09-17,600508,34.08,32.2,34.94,31.0,90432,293077553.0,11.9,-2.78,-0.92,3.33,0.65,10.03,9.03,12.0,14.29,10.03,3.42,6.87,-1.29,6.84,31.42,32.4,29.06,26.58,2.45,9.25,19.63,28.14,36.27,27.33,20.71,21.12,28.85,30.43
2007-09-18,600508,32.3,31.98,32.99,31.08,73197,231647107.0,5.93,-0.68,-0.22,2.7,9.75,8.75,11.71,14.0,9.75,3.15,6.6,-1.54,6.56,12.42,31.44,32.23,29.52,26.88,10.01,20.45,29.02,37.21,28.21,21.54,21.95,29.74,31.33,26.64
2007-09-19,600508,31.38,35.18,35.18,31.38,172213,591401717.0,11.88,10.01,3.2,6.34,7.71,10.64,12.91,8.7,2.17,5.58,-2.49,5.54,11.34,5.13,32.52,32.52,30.15,27.29,9.49,17.28,24.73,16.54,10.49,10.86,17.94,19.39,15.12,14.5
2007-09-20,600508,35.3,37.51,38.52,34.1,141745,515332778.0,12.56,6.62,2.33,5.22,1.82,3.9,0.03,-5.98,-2.84,-10.26,-2.87,2.46,-3.26,3.17,34.0,32.89,30.88,27.82,10.0,16.98,9.3,3.63,3.97,10.61,11.97,7.97,7.38,2.16
2007-09-21,600508,37.38,41.25,41.26,36.7,117204,464812551.0,12.16,9.97,3.74,4.32,-3.46,-7.06,-12.64,-9.73,-16.62,-9.75,-4.8,-10.11,-4.14,4.96,35.62,33.56,31.74,28.47,6.38,-0.61,-5.77,-5.45,0.58,1.82,-1.82,-2.35,-7.1,-8.46
2007-09-24,600508,43.37,39.88,43.88,39.25,103400,430056958.0,11.22,-3.32,-1.37,3.81,-13.1,-18.32,-15.59,-22.04,-15.62,-10.98,-15.95,-10.37,-1.86,5.12,37.16,34.29,32.46,29.1,2.81,-2.53,-2.21,4.04,5.32,1.55,1.0,-3.91,-5.32,-2.23
2007-09-25,600508,39.0,38.07,41.0,37.25,90562,347492897.0,9.4,-4.54,-1.81,3.34,-13.93,-11.06,-17.85,-11.09,-6.2,-11.44,-5.56,3.41,10.77,17.8,38.38,34.91,33.05,29.68,2.1,2.44,8.98,10.32,6.38,5.81,0.66,-0.81,2.42,7.62
2007-09-26,600508,37.61,35.69,38.87,35.28,62508,230113429.0,9.43,-6.25,-2.38,2.3,-6.09,-13.27,-6.12,-0.96,-6.49,-0.28,9.18,16.95,24.38,16.21,38.48,35.5,33.51,30.16,9.27,16.25,17.68,13.48,12.86,7.37,5.8,9.25,14.79,13.48
2007-09-27,600508,36.05,38.96,39.0,35.61,76314,288470800.0,9.5,9.16,3.27,2.81,-14.07,-6.99,-1.88,-7.36,-1.21,8.17,15.87,23.22,15.14,9.15,38.77,36.38,34.11,30.73,6.49,7.8,3.95,3.39,-1.64,-3.08,0.08,5.16,3.95,-0.98
2007-09-28,600508,39.35,40.87,41.49,39.33,79410,322552010.0,5.54,4.9,1.91,2.92,-15.79,-11.16,-16.12,-10.55,-2.06,4.91,11.57,4.25,-1.17,-0.84,38.69,37.16,34.72,31.39,2.76,-0.91,-1.44,-6.24,-7.61,-4.6,0.24,-0.91,-5.6,-8.0
2007-10-08,600508,42.0,40.18,42.0,38.8,74628,295692349.0,7.83,-1.69,-0.69,2.75,-9.95,-14.97,-9.33,-0.72,6.34,13.09,5.67,0.18,0.52,6.93,38.75,37.96,35.18,32.02,0.8,0.25,-4.63,-6.02,-2.96,1.97,0.8,-3.98,-6.42,-9.46
2007-10-09,600508,40.5,37.9,40.5,37.5,77625,296126605.0,7.47,-5.67,-2.28,2.86,-12.03,-6.19,2.72,10.03,17.01,9.33,3.65,4.0,10.64,12.0,38.72,38.55,35.39,32.53,6.28,1.11,-0.37,2.88,8.1,6.86,1.79,-0.79,-4.01,-8.58
2007-10-10,600508,38.02,38.11,40.28,37.2,99835,384644211.0,8.13,0.55,0.21,3.68,-5.43,3.55,10.91,17.96,10.22,4.49,4.84,11.53,12.9,8.87,39.2,38.84,35.68,33.04,0.55,-0.92,2.31,7.5,6.27,1.23,-1.34,-4.54,-9.08,-13.43
2007-10-11,600508,38.3,37.0,38.32,36.21,102435,377864828.0,5.54,-2.91,-1.11,3.77,6.38,13.95,21.18,13.23,7.35,7.71,14.58,15.99,11.85,11.24,38.81,38.79,35.84,33.52,2.05,5.38,10.73,9.46,4.27,1.62,-1.68,-6.35,-10.84,-15.41
2007-10-12,600508,37.2,37.32,37.76,34.48,106553,386781417.0,8.86,0.86,0.32,3.92,19.66,27.26,18.91,12.73,13.11,20.33,21.81,17.46,16.82,11.14,38.1,38.4,35.98,33.96,4.47,9.78,8.52,3.38,0.75,-2.52,-7.15,-11.6,-16.13,-18.01
2007-10-15,600508,37.4,38.33,38.99,37.01,102412,391705810.0,5.31,2.71,1.01,3.77,18.56,10.78,5.03,5.38,12.1,13.48,9.43,8.84,3.54,2.03,37.73,38.24,36.27,34.39,6.89,5.66,0.65,-1.9,-5.09,-9.6,-13.93,-18.34,-20.17,-14.95
2007-10-16,600508,38.8,40.78,40.97,37.6,166773,655940093.0,8.79,6.39,2.45,6.14,9.04,3.38,3.72,10.35,11.7,7.71,7.13,1.91,0.43,3.7,38.31,38.51,36.71,34.87,-0.69,-5.39,-7.8,-10.79,-15.03,-19.1,-23.25,-24.96,-20.06,-18.17
2007-10-17,600508,40.5,38.85,40.5,38.56,79393,312787526.0,4.76,-4.73,-1.93,2.92,0.8,1.14,7.6,8.92,5.03,4.46,-0.62,-2.07,1.12,6.25,38.46,38.83,37.16,35.28,-0.69,-3.22,-6.36,-10.81,-15.08,-19.43,-21.24,-16.09,-14.11,-14.29
2007-10-18,600508,38.19,36.4,38.58,36.3,62151,230750127.0,5.87,-6.31,-2.45,2.29,7.44,14.3,15.7,11.57,10.96,5.56,4.02,7.41,12.87,11.57,38.34,38.57,37.48,35.6,3.3,-0.05,-4.81,-9.37,-14.01,-15.93,-10.44,-8.32,-8.52,-5.22
2007-10-19,600508,36.58,36.96,37.6,35.9,40682,149646570.0,4.67,1.54,0.56,1.5,15.57,16.99,12.81,12.2,6.74,5.18,8.61,14.12,12.81,7.47,38.26,38.18,37.67,35.87,-1.57,-6.25,-10.74,-15.31,-17.21,-11.8,-9.71,-9.9,-6.66,-12.07
2007-10-22,600508,36.01,34.51,36.38,33.3,53077,185488468.0,8.33,-6.63,-2.45,1.95,26.13,21.62,20.96,15.08,13.39,17.09,23.03,21.62,15.86,12.91,37.5,37.62,37.79,35.99,0.41,-4.4,-9.3,-11.33,-5.53,-3.3,-3.51,-0.03,-5.82,-7.56
2007-10-23,600508,34.49,32.27,34.65,31.06,103723,334332962.0,10.4,-6.49,-2.24,3.82,30.39,29.68,23.37,21.57,25.53,31.91,30.39,24.21,21.06,17.13,35.8,37.05,37.8,35.94,2.23,-3.01,-5.18,1.02,3.41,3.19,6.91,0.71,-1.15,-2.76
2007-10-24,600508,32.4,31.77,32.99,31.6,50763,164449113.0,4.31,-1.55,-0.5,1.87,27.47,21.27,19.49,23.39,29.65,28.16,22.09,18.99,15.13,9.65,34.38,36.42,37.63,35.93,-1.48,-3.68,2.61,5.04,4.82,8.59,2.3,0.41,-1.23,-0.54
2007-10-25,600508,31.3,28.6,31.3,28.59,62947,186478913.0,8.53,-9.98,-3.17,2.32,34.03,32.07,36.38,43.3,41.66,34.94,31.51,27.25,21.2,15.39,32.82,35.58,37.19,35.75,6.99,13.99,16.68,16.43,20.63,13.64,11.54,9.72,10.49,10.31
2007-10-26,600508,28.5,30.16,30.6,27.81,46450,135594498.0,9.76,5.45,1.56,1.71,35.78,40.2,47.32,45.63,38.73,35.2,30.82,24.6,18.63,12.55,31.46,34.86,36.63,35.61,8.09,10.64,10.41,14.39,7.76,5.77,4.05,4.77,4.61,-2.22
2007-10-29,600508,30.98,32.11,32.6,30.18,68761,217940014.0,8.02,6.47,1.95,2.53,29.19,35.75,34.19,27.83,24.59,20.54,14.81,9.31,3.71,1.39,30.98,34.24,36.24,35.59,3.92,3.71,7.44,1.21,-0.65,-2.27,-1.59,-1.74,-8.16,-13.36
2007-10-30,600508,32.3,32.61,33.37,32.15,45049,147472362.0,3.8,1.56,0.5,1.66,27.43,25.97,20.0,16.95,13.16,7.78,2.61,-2.64,-4.82,1.4,31.05,33.42,35.97,35.62,2.12,5.8,-0.34,-2.18,-3.77,-3.1,-3.25,-9.57,-14.69,-17.42
2007-10-31,600508,32.83,32.86,33.3,32.0,45513,148399854.0,3.99,0.77,0.25,1.68,26.56,20.56,17.5,13.69,8.28,3.09,-2.19,-4.37,1.88,4.28,31.27,32.83,35.83,35.72,4.99,-1.1,-2.92,-4.5,-3.83,-3.99,-10.26,-15.34,-18.05,-17.07
2007-11-01,600508,33.0,33.34,34.5,33.0,71412,242357524.0,4.56,1.46,0.48,2.63,16.91,13.94,10.24,5.0,-0.03,-5.15,-7.27,-1.21,1.12,0.91,32.22,32.52,35.55,35.83,-2.52,-4.32,-5.88,-5.22,-5.37,-11.55,-16.56,-19.23,-18.27,-16.62
2007-11-02,600508,32.01,31.42,32.5,30.8,58436,183909814.0,5.1,-5.76,-1.92,2.15,22.08,18.12,12.5,7.11,1.62,-0.65,5.84,8.34,8.12,12.01,32.47,31.97,35.07,35.77,1.53,-0.13,0.57,0.41,-6.14,-11.46,-14.29,-13.27,-11.52,-12.48
2007-11-05,600508,30.08,30.5,31.9,29.85,33845,103766240.0,6.52,-2.93,-0.92,1.25,21.88,16.08,10.52,4.86,2.51,9.21,11.79,11.56,15.58,8.88,32.15,31.56,34.59,35.71,2.89,3.61,3.44,-3.31,-8.79,-11.7,-10.66,-8.85,-9.84,-2.3
2007-11-06,600508,30.45,30.5,31.38,30.07,39774,122665464.0,4.3,0.0,0.0,1.46,15.23,9.71,4.09,1.76,8.41,10.97,10.74,14.73,8.08,6.09,31.72,31.39,34.22,35.66,3.61,3.44,-3.31,-8.79,-11.7,-10.66,-8.85,-9.84,-2.3,-4.26
2007-11-07,600508,31.0,31.55,31.6,30.6,37912,118145685.0,3.28,3.44,1.05,1.4,7.81,2.29,0.0,6.54,9.05,8.82,12.75,6.21,4.25,2.55,31.46,31.37,33.89,35.54,0.0,-6.53,-11.82,-14.64,-13.63,-11.89,-12.84,-5.55,-7.45,-4.63
2007-11-08,600508,31.55,29.33,31.55,29.29,30422,92526952.0,7.16,-7.04,-2.22,1.12,6.86,4.47,11.3,13.93,13.69,17.79,10.96,8.91,7.14,7.89,30.66,31.44,33.51,35.27,0.55,-5.15,-8.18,-7.09,-5.22,-6.24,1.6,-0.44,2.59,-2.15
2007-11-09,600508,29.0,28.78,29.49,28.0,47944,137174242.0,5.08,-1.88,-0.55,1.77,9.29,16.43,19.18,18.93,23.21,16.07,13.93,12.07,12.86,12.68,30.13,31.3,33.08,34.85,-3.34,-6.43,-5.32,-3.41,-4.45,3.54,1.46,4.55,-0.28,-2.15
2007-11-12,600508,27.8,25.92,27.82,25.9,55113,145068659.0,6.67,-9.94,-2.86,2.03,25.87,28.84,28.57,33.2,25.48,23.17,21.16,22.01,21.81,13.86,29.22,30.68,32.46,34.39,3.9,5.13,7.25,6.1,14.97,12.65,16.09,10.73,8.64,13.81
2007-11-13,600508,26.4,25.2,26.93,24.62,57300,148194499.0,8.91,-2.78,-0.72,2.11,35.54,35.26,40.13,32.01,29.57,27.46,28.35,28.15,19.78,13.0,28.16,29.94,31.68,33.96,8.13,10.32,9.13,18.25,15.87,19.4,13.89,11.75,17.06,14.29
2007-11-14,600508,25.76,27.2,27.25,25.0,59287,155081857.0,8.93,7.94,2.0,2.18,33.2,38.0,30.0,27.6,25.52,26.4,26.2,17.96,11.28,7.72,27.29,29.37,31.1,33.68,2.21,1.1,9.56,7.35,10.62,5.51,3.53,8.46,5.88,5.88
2007-11-15,600508,26.8,26.52,27.8,26.43,54499,147530309.0,5.04,-2.5,-0.68,2.01,30.53,22.97,20.7,18.73,19.56,19.37,11.58,5.26,1.89,3.1,26.72,28.69,30.61,33.26,3.7,12.37,10.11,13.46,8.22,6.18,11.24,8.6,8.6,10.78
2007-11-16,600508,26.0,27.33,27.5,25.61,61764,166644159.0,7.13,3.05,0.81,2.27,26.9,24.56,22.53,23.39,23.19,15.15,8.63,5.15,6.4,8.55,26.43,28.28,30.12,32.81,9.04,6.84,10.1,5.01,3.04,7.94,5.38,5.38,7.5,10.5
2007-11-19,600508,27.75,28.5,29.8,27.38,45053,128807155.0,8.85,4.28,1.17,1.66,16.51,14.61,15.41,15.23,7.71,1.61,-1.64,-0.47,1.53,0.44,26.95,28.08,29.82,32.42,2.46,5.58,0.7,-1.19,3.51,1.05,1.05,3.09,5.96,4.21
2007-11-20,600508,28.3,28.86,29.2,27.9,34470,99204227.0,4.56,1.26,0.36,1.27,12.47,13.26,13.08,5.7,-0.29,-3.48,-2.33,-0.36,-1.43,6.81,27.68,27.92,29.65,32.12,4.26,-0.55,-2.43,2.22,-0.21,-0.21,1.8,4.64,2.91,1.14
2007-11-21,600508,29.18,28.99,30.09,28.95,39391,116210895.0,3.95,0.45,0.13,1.45,9.15,8.98,1.87,-3.9,-6.98,-5.87,-3.97,-5.01,2.94,0.86,28.04,27.66,29.51,31.82,-1.0,-2.86,1.76,-0.66,-0.66,1.35,4.17,2.45,0.69,0.72
2007-11-22,600508,28.18,26.82,28.7,26.7,38646,107447253.0,6.9,-7.49,-2.17,1.42,18.16,10.45,4.19,0.86,2.06,4.12,3.0,11.61,9.36,12.7,28.1,27.41,29.43,31.48,5.0,9.99,7.38,7.38,9.55,12.6,10.74,8.84,8.87,12.57
2007-11-23,600508,26.3,28.12,28.16,26.05,33402,90238313.0,7.87,4.85,1.3,1.23,13.21,6.79,3.38,4.61,6.72,5.57,14.4,12.09,15.51,10.17,28.26,27.35,29.32,31.17,4.91,2.42,2.42,4.48,7.4,5.62,3.81,3.84,7.36,5.97
2007-11-26,600508,28.6,27.96,29.5,27.9,40176,115392682.0,5.69,-0.57,-0.16,1.48,-0.29,-3.48,-2.33,-0.36,-1.43,6.81,4.66,7.85,2.87,0.93,28.15,27.55,29.12,30.82,3.0,3.0,5.08,8.01,6.22,4.4,4.43,7.98,6.58,10.09
2007-11-27,600508,27.5,28.04,28.8,27.1,21018,59159080.0,6.08,0.29,0.08,0.77,-0.63,0.55,2.58,1.48,9.96,7.75,11.03,5.9,3.91,8.86,27.99,27.83,28.89,30.4,2.71,4.78,7.7,5.92,4.1,4.14,7.67,6.28,9.77,9.84
2007-11-28,600508,27.99,28.07,28.8,27.75,22737,64488088.0,3.74,0.11,0.03,0.84,-1.8,0.18,-0.9,7.39,5.23,8.43,3.42,1.48,6.31,3.78,27.8,27.92,28.65,30.04,4.67,7.59,5.81,3.99,4.03,7.55,6.16,9.65,9.73,10.05
2007-11-29,600508,28.5,29.37,29.38,28.2,45672,132463164.0,4.2,4.63,1.3,1.68,-1.42,-2.48,5.67,3.55,6.7,1.77,-0.14,4.61,2.13,2.13,28.31,28.21,28.45,29.81,2.83,1.12,-0.61,-0.58,2.79,1.46,4.8,4.87,5.18,3.71
2007-11-30,600508,29.7,29.4,30.2,29.0,48509,143656529.0,4.09,0.1,0.03,1.79,-5.17,2.76,0.69,3.76,-1.03,-2.9,1.72,-0.69,-0.69,1.31,28.57,28.41,28.35,29.55,1.02,-0.71,-0.68,2.69,1.36,4.69,4.76,5.07,3.61,-1.46
2007-12-03,600508,29.4,28.85,29.7,28.48,24358,70577236.0,4.15,-1.87,-0.55,0.9,4.63,2.53,5.65,0.77,-1.12,3.58,1.12,1.12,3.16,6.04,28.75,28.45,28.27,29.36,1.18,1.21,4.64,3.29,6.69,6.76,7.07,5.58,0.42,0.38
2007-12-04,600508,28.98,28.1,29.19,27.9,31193,88639892.0,4.47,-2.6,-0.75,1.15,4.66,7.85,2.87,0.93,5.73,3.23,3.23,5.3,8.24,6.45,28.76,28.37,28.15,29.23,3.91,7.44,6.05,9.54,9.61,9.93,8.4,3.1,3.06,0.64
2007-12-05,600508,28.2,28.9,29.2,27.81,34048,96972902.0,4.95,2.85,0.8,1.25,8.2,3.2,1.26,6.08,3.56,3.56,5.65,8.59,6.8,4.96,28.92,28.36,28.01,29.13,4.46,3.11,6.51,6.57,6.89,5.4,0.24,0.21,-2.15,-1.7
2007-12-06,600508,29.15,29.42,30.19,29.0,45976,136280565.0,4.12,1.8,0.52,1.69,-1.03,-2.9,1.72,-0.69,-0.69,1.31,4.14,2.41,0.66,0.69,28.93,28.62,28.02,29.16,1.29,4.62,4.69,5.0,3.54,-1.53,-1.56,-3.87,-3.43,-3.2
2007-12-07,600508,29.7,29.7,29.8,29.06,28670,84499092.0,2.52,0.95,0.28,1.06,-3.1,1.51,-0.89,-0.89,1.1,3.92,2.2,0.45,0.48,3.89,28.99,28.78,28.06,29.14,3.64,3.7,4.01,2.56,-2.46,-2.49,-4.78,-4.34,-4.11,-0.3
2007-12-10,600508,29.2,30.58,30.78,28.9,42975,129325867.0,6.33,2.96,0.88,1.58,2.08,-0.35,-0.35,1.66,4.5,2.77,1.0,1.04,4.46,3.11,29.34,29.04,28.3,29.09,0.72,1.01,-0.39,-5.26,-5.3,-7.52,-7.1,-6.87,-3.17,0.72
2007-12-11,600508,30.78,30.39,30.8,29.81,36552,110459064.0,3.24,-0.62,-0.19,1.35,-3.39,-3.39,-1.44,1.31,-0.37,-2.08,-2.05,1.27,-0.03,3.25,29.8,29.28,28.56,29.02,1.65,0.23,-4.67,-4.71,-6.94,-6.52,-6.28,-2.57,1.35,0.86
2007-12-12,600508,30.05,30.4,30.89,29.9,25605,78046270.0,3.26,0.03,0.01,0.94,-3.68,-1.74,1.0,-0.67,-2.37,-2.34,0.97,-0.33,2.94,3.01,30.1,29.51,28.72,28.94,0.2,-4.7,-4.74,-6.97,-6.55,-6.32,-2.6,1.32,0.82,0.92
2007-12-13,600508,30.4,28.58,30.46,28.5,36553,107336747.0,6.45,-5.99,-1.82,1.35,3.09,5.96,4.21,2.42,2.46,5.93,4.56,8.0,8.07,8.39,29.93,29.43,28.82,28.78,1.36,1.33,-1.05,-0.59,-0.35,3.6,7.77,7.24,7.35,10.22
2007-12-14,600508,28.01,28.85,28.97,27.3,28763,80905465.0,5.84,0.94,0.27,1.06,10.62,8.79,6.92,6.96,10.59,9.16,12.75,12.82,13.15,11.58,29.76,29.38,28.9,28.69,0.38,-1.98,-1.53,-1.28,2.63,6.76,6.24,6.34,9.19,11.61
2007-12-17,600508,28.87,27.01,28.96,27.0,63801,175491109.0,6.79,-6.38,-1.84,2.35,10.0,8.11,8.15,11.81,10.37,14.0,14.07,14.41,12.81,7.3,29.05,29.19,28.82,28.57,4.7,5.18,5.44,9.63,14.03,13.48,13.59,16.62,19.22,17.18
2007-12-18,600508,27.4,27.59,28.28,27.38,23981,66737317.0,3.33,2.15,0.58,0.88,6.61,6.65,10.26,8.84,12.42,12.49,12.82,11.25,5.81,5.77,28.49,29.14,28.76,28.48,2.97,3.23,7.32,11.63,11.09,11.2,14.17,16.71,14.72,13.37
2007-12-19,600508,28.0,28.0,28.41,27.73,28101,78781025.0,2.46,1.49,0.41,1.03,5.3,8.87,7.46,11.0,11.07,11.4,9.84,4.47,4.44,1.98,28.01,29.05,28.71,28.36,1.71,5.75,10.0,9.46,9.57,12.5,15.0,13.04,11.71,15.64
2007-12-20,600508,28.35,28.48,28.48,27.8,31132,87777966.0,2.43,1.71,0.48,1.15,8.6,7.19,10.72,10.79,11.12,9.57,4.21,4.17,1.73,2.19,27.99,28.96,28.79,28.33,3.97,8.15,7.62,7.72,10.6,13.06,11.13,9.83,13.69,21.42
2007-12-21,600508,28.23,29.53,29.61,28.22,52089,150464471.0,4.88,3.69,1.05,1.92,5.6,9.07,9.14,9.46,7.94,2.66,2.62,0.21,0.67,0.92,28.12,28.94,28.86,28.36,4.3,3.79,3.89,6.67,9.04,7.18,5.93,9.65,17.1,21.88
2007-12-24,600508,29.83,30.4,30.8,29.83,66879,203535465.0,3.28,2.95,0.87,2.46,3.18,3.25,3.55,2.11,-2.88,-2.92,-5.2,-4.76,-4.53,-0.74,28.8,28.92,28.98,28.51,0.82,0.92,3.62,5.92,4.11,2.89,6.51,13.75,18.39,17.86
2007-12-25,600508,30.4,29.82,30.65,29.78,64868,194352599.0,2.86,-1.91,-0.58,2.39,3.43,3.73,2.28,-2.72,-2.75,-5.04,-4.6,-4.37,-0.57,3.43,29.25,28.87,29.07,28.66,2.88,5.63,7.98,6.14,4.9,8.58,15.96,20.69,20.15,25.82
2007-12-26,600508,29.95,30.55,30.68,29.95,42230,128307485.0,2.45,2.45,0.73,1.56,3.14,1.7,-3.27,-3.31,-5.58,-5.14,-4.91,-1.14,2.84,2.34,29.76,28.88,29.2,28.77,3.11,5.4,3.6,2.39,5.99,13.19,17.81,17.28,22.82,22.42
2007-12-27,600508,30.76,31.4,31.5,30.5,57587,180052434.0,3.27,2.78,0.85,2.12,-0.13,-5.02,-5.05,-7.28,-6.85,-6.62,-2.92,0.98,0.49,0.59,30.34,29.16,29.3,28.93,2.55,0.8,-0.38,3.12,10.13,14.62,14.11,19.49,19.11,16.56
2007-12-28,600508,31.53,31.15,32.2,31.02,48332,152826281.0,3.76,-0.8,-0.25,1.78,-6.61,-6.64,-8.83,-8.41,-8.19,-4.55,-0.71,-1.19,-1.1,1.55,30.66,29.39,29.39,29.06,1.61,0.42,3.95,11.01,15.54,15.02,20.45,20.06,17.5,16.21
2008-01-02,600508,31.4,30.63,31.65,30.3,57235,175948860.0,4.33,-1.67,-0.52,2.11,-4.42,-6.67,-6.24,-6.01,-2.28,1.65,1.16,1.25,3.96,6.27,30.71,29.75,29.47,29.13,2.12,5.71,12.9,17.5,16.98,22.49,22.1,19.49,18.18,16.23
2008-01-03,600508,30.71,30.99,31.28,29.98,97186,295588366.0,4.24,1.18,0.36,3.58,-5.67,-5.24,-5.0,-1.23,2.74,2.23,2.33,5.07,7.4,5.57,30.94,30.09,29.62,29.2,4.49,11.58,16.13,15.62,21.07,20.68,18.1,16.81,14.88,11.26
2008-01-04,600508,31.51,31.98,32.38,31.51,93707,299383646.0,2.81,3.19,0.99,3.45,-9.84,-9.62,-6.03,-2.25,-2.73,-2.63,-0.03,2.19,0.44,-0.73,31.23,30.49,29.77,29.3,8.13,12.54,12.04,17.32,16.95,14.45,13.2,11.32,7.82,8.19
2008-01-07,600508,32.05,34.25,34.58,32.05,103360,346271235.0,7.91,7.1,2.27,3.81,-11.14,-7.61,-3.9,-4.37,-4.27,-1.72,0.47,-1.25,-2.4,1.03,31.8,31.07,30.01,29.55,5.08,4.61,9.55,9.2,6.86,5.69,3.94,0.67,1.02,0.23
2008-01-08,600508,35.02,34.03,35.99,33.5,127372,445878077.0,7.27,-0.64,-0.22,4.69,-11.61,-8.06,-8.51,-8.42,-5.97,-3.88,-5.52,-6.63,-3.34,3.22,32.38,31.52,30.23,29.75,5.29,10.26,9.9,7.55,6.38,4.61,1.32,1.67,0.88,-10.43
2008-01-09,600508,34.06,35.8,35.83,34.06,78340,274637617.0,5.2,5.2,1.77,2.89,-9.57,-10.01,-9.92,-7.52,-5.46,-7.08,-8.16,-4.93,1.53,5.67,33.41,32.06,30.49,30.01,4.8,4.47,2.23,1.12,-0.56,-3.69,-3.35,-4.11,-14.86,-18.24
2008-01-10,600508,36.18,37.2,37.52,35.51,87175,320579050.0,5.61,3.91,1.4,3.21,-13.69,-13.6,-11.29,-9.32,-10.87,-11.91,-8.81,-2.62,1.35,0.9,34.65,32.8,30.83,30.31,0.54,-1.61,-2.69,-4.3,-7.31,-6.99,-7.72,-18.06,-21.32,-17.88
2008-01-11,600508,37.2,36.74,37.4,36.23,58365,214371640.0,3.15,-1.24,-0.46,2.15,-15.32,-13.06,-11.12,-12.64,-13.66,-10.63,-4.55,-0.66,-1.1,3.56,35.6,33.42,31.15,30.6,-0.38,-1.47,-3.1,-6.15,-5.82,-6.56,-17.04,-20.33,-16.85,-16.33
2008-01-14,600508,36.27,35.62,36.6,34.99,73733,262113062.0,4.38,-3.05,-1.12,2.72,-9.97,-7.97,-9.55,-10.6,-7.46,-1.17,2.86,2.4,7.23,6.89,35.88,33.84,31.5,30.81,1.63,-0.06,-3.2,-2.86,-3.62,-14.43,-17.83,-14.23,-13.7,-14.94
2008-01-15,600508,35.5,35.33,36.2,35.05,63714,225638035.0,3.23,-0.81,-0.29,2.35,-8.13,-9.7,-10.76,-7.62,-1.34,2.68,2.23,7.05,6.7,4.42,36.14,34.26,31.83,31.01,0.76,-2.41,-2.07,-2.83,-13.73,-17.15,-13.53,-12.99,-14.24,-20.72
2008-01-16,600508,35.1,33.79,35.6,33.58,84808,291465964.0,5.72,-4.36,-1.54,3.12,-5.75,-6.85,-3.57,2.98,7.18,6.7,11.73,11.38,8.99,7.8,35.74,34.57,32.16,31.17,2.04,2.4,1.6,-9.8,-13.38,-9.59,-9.03,-10.33,-17.11,-17.31
2008-01-17,600508,33.11,33.13,34.48,30.56,73055,239991225.0,11.6,-1.95,-0.66,2.69,2.36,5.96,13.15,17.77,17.24,22.77,22.38,19.76,18.46,16.49,34.92,34.79,32.44,31.34,4.44,3.62,-8.0,-11.65,-7.79,-7.21,-8.54,-15.45,-15.67,-23.51
2008-01-18,600508,32.8,33.97,34.6,31.83,98663,331033291.0,8.36,2.54,0.84,3.63,1.73,8.64,13.07,12.57,17.88,17.5,14.99,13.73,11.84,8.33,34.37,34.99,32.74,31.51,1.06,-10.27,-13.84,-10.07,-9.51,-10.8,-17.54,-17.75,-25.4,-25.7
2008-01-21,600508,33.99,31.29,34.33,31.0,64354,208123390.0,9.8,-7.89,-2.68,2.37,11.55,16.1,15.58,21.03,20.65,18.06,16.77,14.84,11.23,11.61,33.5,34.69,32.88,31.57,-2.59,-6.46,-2.36,-1.76,-3.16,-10.48,-10.71,-19.02,-19.34,-16.78
2008-01-22,600508,30.48,28.16,30.48,28.16,109752,314136336.0,7.41,-10.0,-3.13,4.04,27.81,27.24,33.24,32.81,29.97,28.55,26.42,22.44,22.87,21.91,32.07,34.1,32.81,31.52,3.94,8.49,9.16,7.6,-0.53,-0.78,-10.01,-10.37,-7.53,-3.44
2008-01-23,600508,28.0,29.02,29.27,27.0,90675,257964949.0,8.06,3.05,0.86,3.34,32.7,38.96,38.52,35.56,34.07,31.85,27.7,28.15,27.15,12.89,31.11,33.43,32.74,31.47,5.27,5.93,4.41,-3.48,-3.72,-12.68,-13.03,-10.27,-6.31,-8.68
2008-01-24,600508,29.3,29.7,30.55,28.7,93293,279119173.0,6.37,2.34,0.68,3.44,30.73,30.31,27.53,26.13,24.04,20.14,20.56,19.62,6.2,1.99,30.43,32.68,32.74,31.45,3.5,2.02,-5.69,-5.93,-14.68,-15.02,-12.32,-8.45,-10.77,-10.84
2008-01-25,600508,29.8,29.67,30.74,29.41,93539,281020580.0,4.48,-0.1,-0.03,3.44,27.17,24.45,23.09,21.05,17.24,17.65,16.73,3.64,-0.48,3.88,29.57,31.97,32.69,31.42,2.12,-5.59,-5.83,-14.59,-14.93,-12.23,-8.36,-10.68,-10.75,-13.38
2008-01-28,600508,29.69,26.8,30.3,26.72,97631,273852087.0,12.07,-9.67,-2.87,3.6,36.98,35.48,33.23,29.04,29.49,28.48,14.07,9.54,14.33,15.04,28.67,31.09,32.46,31.36,4.51,4.25,-5.45,-5.82,-2.84,1.46,-1.12,-1.19,-4.1,-3.47
2008-01-29,600508,27.3,26.92,28.01,26.6,60495,164280795.0,5.26,0.45,0.12,2.23,36.09,33.83,29.62,30.08,29.06,14.59,10.04,14.85,15.56,13.91,28.42,30.25,32.25,31.3,3.79,-5.87,-6.24,-3.27,1.0,-1.56,-1.63,-4.53,-3.9,1.63
2008-01-30,600508,27.65,25.41,27.94,24.25,120883,311076985.0,13.71,-5.61,-1.51,4.45,46.8,42.19,42.68,41.57,25.69,20.7,25.98,26.76,24.95,15.51,27.7,29.41,31.99,31.24,-0.28,-0.67,2.48,7.01,4.29,4.21,1.14,1.81,7.67,11.33
2008-01-31,600508,25.34,24.49,25.34,24.41,62049,153538228.0,3.66,-3.62,-0.92,2.29,41.25,41.75,40.64,24.87,19.91,25.15,25.93,24.13,14.75,14.46,26.66,28.54,31.67,31.14,3.06,6.33,11.02,8.21,8.13,4.94,5.63,11.72,15.52,13.03
2008-02-01,600508,24.8,23.67,25.24,23.0,51280,122952328.0,9.15,-3.35,-0.82,1.89,50.43,49.26,32.52,27.26,32.83,33.65,31.74,21.78,21.48,10.17,25.46,27.51,31.25,31.0,10.01,14.87,11.96,11.87,8.58,9.29,15.59,19.52,16.94,15.46
2008-02-04,600508,24.5,26.04,26.04,24.3,53555,136465565.0,7.35,10.01,2.37,1.97,41.28,25.43,20.45,25.72,26.5,24.69,15.27,14.98,4.28,3.87,25.31,26.99,30.84,30.92,4.42,1.77,1.69,-1.31,-0.65,5.07,8.64,6.3,4.95,0.81
2008-02-05,600508,26.65,26.7,27.19,26.0,63911,170245255.0,4.57,2.53,0.66,2.35,17.23,12.58,17.5,18.23,16.54,7.73,7.46,-2.54,-2.92,0.15,25.26,26.84,30.47,30.82,-0.75,-0.82,-3.75,-3.11,2.47,5.96,3.67,2.36,-1.69,-6.67
2008-02-13,600508,26.5,25.84,26.5,25.8,33160,86531560.0,2.62,-3.22,-0.86,1.22,13.45,18.41,19.15,17.44,8.57,8.29,-1.78,-2.17,0.93,5.39,25.35,26.52,29.97,30.67,2.48,-0.54,0.12,5.88,9.48,7.12,5.77,1.59,-3.56,-1.24
2008-02-14,600508,26.18,25.89,26.48,25.75,43597,113558872.0,2.83,0.19,0.05,1.61,18.64,19.38,17.67,8.78,8.5,-1.59,-1.98,1.13,5.59,2.91,25.63,26.14,29.41,30.54,-0.73,-0.08,5.68,9.27,6.91,5.56,1.39,-3.75,-1.43,-0.93
2008-02-15,600508,25.7,25.09,25.7,24.63,41627,103793902.0,4.13,-3.09,-0.8,1.53,24.81,23.02,13.72,13.44,2.88,2.48,5.72,10.39,7.59,7.51,25.91,25.68,28.83,30.36,3.11,9.05,12.75,10.32,8.93,4.62,-0.68,1.71,2.23,2.11
2008-02-18,600508,25.61,25.69,25.87,25.0,54359,138616900.0,3.47,2.39,0.6,2.0,21.2,12.04,11.76,1.36,0.96,4.16,8.76,6.0,5.92,2.8,25.84,25.57,28.33,30.17,6.5,10.12,7.75,6.38,2.18,-3.0,-0.66,-0.16,-0.27,1.17
2008-02-19,600508,26.01,27.22,27.36,25.7,63473,168931179.0,6.46,5.96,1.53,2.34,8.99,8.72,-1.4,-1.79,1.32,5.8,3.11,3.04,0.0,0.66,25.95,25.6,27.92,30.04,3.93,1.69,0.4,-3.56,-8.45,-6.25,-5.77,-5.88,-4.52,-2.35
2008-02-20,600508,27.65,27.14,28.29,27.0,96410,265715030.0,4.74,-0.29,-0.08,3.55,3.48,-6.15,-6.52,-3.56,0.7,-1.85,-1.93,-4.81,-4.19,1.33,26.21,25.78,27.59,29.92,1.99,0.7,-3.28,-8.18,-5.97,-5.49,-5.6,-4.24,-2.06,-4.94
2008-02-21,600508,26.88,27.35,27.68,26.5,44894,121928193.0,4.35,0.77,0.21,1.65,-4.38,-4.75,-1.74,2.6,0.0,-0.08,-3.02,-2.38,3.25,6.75,26.5,26.06,27.3,29.8,-0.07,-4.02,-8.88,-6.69,-6.22,-6.33,-4.97,-2.82,-5.67,-6.22
2008-02-22,600508,26.93,26.0,27.33,25.56,46991,123535881.0,6.47,-4.94,-1.35,1.73,-1.25,1.88,6.38,3.68,3.6,0.55,1.21,7.04,10.68,8.29,26.68,26.3,26.9,29.6,0.96,-4.15,-1.85,-1.35,-1.46,-0.04,2.23,-0.77,-1.35,-2.77
2008-02-25,600508,25.98,23.99,26.25,23.88,59333,145776722.0,9.12,-7.73,-2.01,2.19,9.05,13.86,10.97,10.89,7.62,8.33,14.57,18.47,15.91,14.45,26.34,26.09,26.54,29.26,3.88,6.38,6.92,6.79,8.34,10.8,7.54,6.92,5.38,4.21
2008-02-26,600508,24.77,24.32,24.92,23.5,49234,118709262.0,5.92,1.38,0.33,1.81,15.7,12.77,12.68,9.36,10.09,16.43,20.38,17.79,16.3,11.7,25.76,25.85,26.35,28.93,4.93,5.47,5.35,6.87,9.29,6.09,5.47,3.95,2.8,2.59
2008-02-27,600508,24.5,25.0,25.52,24.32,35608,88873075.0,4.93,2.8,0.68,1.31,8.96,8.88,5.67,6.37,12.5,16.32,13.82,12.38,7.94,2.47,25.33,25.77,26.15,28.57,2.6,2.48,3.96,6.32,3.2,2.6,1.12,0.0,-0.2,3.44
2008-02-28,600508,25.23,25.15,25.65,24.88,30082,75973949.0,3.08,0.6,0.15,1.11,6.43,3.3,3.98,9.97,13.71,11.25,9.85,5.51,0.16,2.57,24.89,25.7,25.92,28.17,1.87,3.34,5.69,2.58,1.99,0.52,-0.6,-0.8,2.82,3.38
2008-02-29,600508,25.18,25.2,25.62,25.05,29998,75819123.0,2.27,0.2,0.05,1.1,2.59,3.27,9.22,12.93,10.5,9.1,4.79,-0.52,1.88,2.4,24.73,25.71,25.7,27.79,3.13,5.48,2.38,1.79,0.32,-0.79,-0.99,2.62,3.17,2.46
2008-03-03,600508,25.1,25.94,25.99,24.5,43604,110966744.0,5.91,2.94,0.74,1.61,5.59,11.67,15.47,12.98,11.55,7.14,1.71,4.16,4.69,4.57,25.12,25.73,25.65,27.46,2.47,-0.54,-1.12,-2.54,-3.62,-3.82,-0.31,0.23,-0.46,2.12
2008-03-04,600508,26.18,25.61,26.58,25.45,48735,126977386.0,4.36,-1.27,-0.33,1.79,7.5,11.16,8.76,7.39,3.14,-2.08,0.28,0.79,0.67,2.12,25.38,25.57,25.59,27.14,0.74,0.16,-1.29,-2.38,-2.58,0.98,1.52,0.82,3.44,-8.2
2008-03-05,600508,25.22,24.77,25.8,24.58,54320,135280064.0,4.76,-3.28,-0.84,2.0,15.09,12.61,11.19,6.79,1.38,3.82,4.35,4.23,5.74,8.14,25.33,25.33,25.56,26.84,3.55,2.06,0.93,0.73,4.4,4.97,4.24,6.94,-5.09,-8.84
2008-03-06,600508,24.85,25.03,25.65,24.58,37266,93527420.0,4.32,1.05,0.26,1.37,12.61,11.19,6.79,1.38,3.82,4.35,4.23,5.74,8.14,4.96,25.31,25.1,25.58,26.57,1.0,-0.12,-0.32,3.32,3.88,3.16,5.83,-6.07,-9.79,-10.51
2008-03-07,600508,24.8,24.99,25.28,24.6,22389,55785365.0,2.72,-0.16,-0.04,0.82,11.1,6.71,1.3,3.74,4.27,4.15,5.65,8.05,4.88,4.27,25.27,25.0,25.65,26.27,0.04,-0.16,3.48,4.04,3.32,6.0,-5.92,-9.64,-10.36,-11.12
2008-03-10,600508,24.8,23.97,25.0,23.9,39013,94661108.0,4.4,-4.08,-1.02,1.44,9.83,4.27,6.78,7.32,7.2,8.74,11.21,7.95,7.32,5.77,24.87,25.0,25.54,26.03,4.09,7.88,8.47,7.72,10.51,-1.92,-5.8,-6.55,-7.34,-11.18
2008-03-11,600508,23.7,24.92,24.95,23.7,27280,66259956.0,5.21,3.96,0.95,1.0,5.15,7.68,8.23,8.1,9.66,12.15,8.86,8.23,6.67,5.49,24.74,25.06,25.46,25.92,3.77,4.33,3.61,6.3,-5.66,-9.39,-10.11,-10.87,-14.57,-13.72
2008-03-12,600508,25.5,24.49,25.86,24.3,53747,135418489.0,6.26,-1.73,-0.43,1.98,5.02,5.56,5.43,6.95,9.38,6.17,5.56,4.03,2.88,2.67,24.68,25.01,25.39,25.77,6.17,5.43,8.17,-4.0,-7.8,-8.53,-9.31,-13.07,-12.21,-15.97
2008-03-13,600508,24.35,25.27,26.0,24.2,85495,216039046.0,7.35,3.18,0.78,3.15,5.99,5.87,7.4,9.83,6.61,5.99,4.46,3.31,3.1,6.86,24.73,25.02,25.36,25.62,2.18,4.83,-6.96,-10.65,-11.36,-12.11,-15.75,-14.92,-18.56,-20.97
2008-03-14,600508,25.36,25.72,25.82,25.0,71753,182919790.0,3.24,1.78,0.45,2.64,2.48,3.96,6.32,3.2,2.6,1.12,0.0,-0.2,3.44,4.0,24.87,25.07,25.39,25.49,2.99,-8.59,-12.21,-12.91,-13.65,-17.22,-16.41,-19.98,-22.36,-24.18
2008-03-17,600508,25.71,24.1,26.49,24.0,107915,277048058.0,9.68,-6.3,-1.62,3.97,8.29,10.75,7.5,6.87,5.33,4.17,3.96,7.75,8.33,7.58,24.9,24.89,25.31,25.4,-2.45,-6.31,-7.05,-7.84,-11.66,-10.79,-14.61,-17.14,-19.09,-21.99
2008-03-18,600508,23.5,21.69,23.51,21.69,73787,164345513.0,7.55,-10.0,-2.41,2.72,22.54,18.95,18.26,16.55,15.26,15.03,19.23,19.87,19.04,22.13,24.25,24.5,25.03,25.22,4.1,3.27,2.4,-1.84,-0.88,-5.12,-7.93,-10.1,-13.32,-19.78
2008-03-19,600508,21.6,21.8,22.58,20.3,82587,179245508.0,10.51,0.51,0.11,3.04,27.09,26.35,24.53,23.15,22.91,27.39,28.08,27.19,30.49,15.81,23.72,24.2,24.77,25.1,2.75,1.88,-2.34,-1.38,-5.6,-8.39,-10.55,-13.76,-20.18,-21.97
2008-03-20,600508,21.15,21.76,22.4,19.62,80340,166383457.0,12.75,-0.18,-0.04,2.96,30.73,28.85,27.42,27.17,31.8,32.52,31.6,35.02,19.83,15.09,23.01,23.87,24.49,25.01,2.07,-2.16,-1.19,-5.42,-8.23,-10.39,-13.6,-20.04,-21.83,-15.07
2008-03-21,600508,21.76,21.81,22.21,21.1,46348,101072088.0,5.1,0.23,0.05,1.71,19.81,18.48,18.25,22.56,23.22,22.37,25.55,11.42,7.01,6.16,22.23,23.55,24.28,24.95,-2.38,-1.42,-5.64,-8.44,-10.59,-13.8,-20.22,-22.01,-15.27,-9.86
2008-03-25,600508,20.1,20.76,21.29,19.85,43812,90191448.0,6.6,-4.81,-1.05,1.61,25.94,25.69,30.28,30.98,30.08,33.45,18.44,13.75,12.85,11.89,21.56,23.23,24.12,24.77,3.56,-0.87,-3.81,-6.07,-9.44,-16.18,-18.06,-10.98,-5.3,-3.18
2008-03-26,600508,20.81,20.93,21.5,20.65,29587,62467926.0,4.09,0.82,0.17,1.09,20.82,25.23,25.91,25.04,28.28,13.85,9.35,8.47,7.55,3.1,21.41,22.83,23.95,24.58,-1.67,-4.59,-6.83,-10.18,-16.87,-18.73,-11.71,-6.07,-3.97,-5.45
2008-03-27,600508,20.55,19.38,20.58,19.37,35893,71823504.0,5.78,-7.41,-1.55,1.32,33.51,34.23,33.3,36.76,21.37,16.57,15.64,14.66,9.91,11.0,20.93,22.32,23.66,24.37,3.04,0.62,-2.99,-10.22,-12.23,-4.64,1.44,3.72,2.12,4.23
2008-03-28,600508,18.87,19.73,19.97,17.85,53596,101535143.0,10.94,1.81,0.35,1.97,45.66,44.65,48.4,31.71,26.5,25.49,24.43,19.27,20.45,15.29,20.52,21.77,23.39,24.16,-1.17,-4.71,-11.81,-13.79,-6.34,-0.35,1.88,0.3,2.38,-2.94
2008-03-31,600508,18.6,18.5,19.5,18.33,29867,56347140.0,5.93,-6.23,-1.23,1.1,40.86,44.52,28.26,23.19,22.2,21.17,16.15,17.29,12.27,8.95,19.86,21.05,23.06,23.94,1.62,-5.95,-8.05,-0.11,6.27,8.65,6.97,9.19,3.51,-1.62
2008-04-01,600508,18.24,16.69,18.8,16.65,44564,78359675.0,11.62,-9.78,-1.81,1.64,59.1,41.2,35.62,34.53,33.39,27.87,29.13,23.6,19.94,17.12,19.05,20.3,22.6,23.64,4.25,1.92,10.72,17.8,20.43,18.57,21.03,14.74,9.05,13.24
2008-04-02,600508,17.03,15.83,17.4,15.7,55233,90993316.0,10.19,-5.15,-0.86,2.03,49.75,43.82,42.68,41.46,35.61,36.94,31.08,27.2,24.2,19.75,18.03,19.72,22.11,23.26,7.45,16.74,24.19,26.97,25.02,27.61,20.97,14.97,19.39,16.87
2008-04-03,600508,15.88,16.95,17.01,15.08,68632,110349209.0,12.19,7.08,1.12,2.53,49.73,48.54,47.28,41.18,42.57,36.47,32.43,29.31,24.67,15.38,17.54,19.23,21.72,22.92,9.03,15.99,18.58,16.76,19.17,12.98,7.37,11.5,9.14,3.3
2008-04-07,600508,16.6,18.03,18.48,16.41,93083,165424003.0,12.21,6.37,1.08,3.43,36.5,35.34,29.74,31.02,25.41,21.69,18.83,14.56,6.03,3.66,17.2,18.86,21.37,22.61,9.04,11.48,9.76,12.04,6.21,0.94,4.83,2.61,-2.88,0.17
2008-04-08,600508,18.06,19.19,19.66,18.06,97005,185745091.0,8.87,6.43,1.16,3.57,22.98,17.88,19.05,13.95,10.58,7.97,4.1,-3.65,-5.81,2.33,17.34,18.6,21.08,22.38,4.74,3.13,5.26,-0.21,-5.16,-1.51,-3.6,-8.75,-5.89,-8.91
2008-04-09,600508,19.15,18.6,20.1,18.37,82221,158446510.0,9.02,-3.07,-0.59,3.03,15.9,17.04,12.03,8.71,6.15,2.34,-5.28,-7.4,0.6,7.02,17.72,18.38,20.81,22.2,6.4,8.6,2.96,-2.15,1.61,-0.54,-5.86,-2.9,-6.02,2.85
2008-04-10,600508,18.6,19.75,19.79,17.67,101563,191769461.0,11.4,6.18,1.15,3.74,21.68,16.47,13.02,10.36,6.4,-1.53,-3.74,4.58,11.26,13.75,18.5,18.26,20.55,22.05,2.28,-3.04,-7.85,-4.3,-6.33,-11.34,-8.56,-11.49,-3.14,5.82
2008-04-11,600508,19.98,19.42,20.2,19.3,59094,115761067.0,4.56,-1.67,-0.33,2.18,6.63,3.47,1.04,-2.59,-9.84,-11.87,-4.25,1.87,4.15,2.54,19.0,18.27,20.3,21.87,-1.39,-6.28,-2.68,-4.74,-9.84,-7.0,-9.99,-1.49,7.62,13.7
2008-04-14,600508,18.8,17.61,19.15,17.58,52268,95369830.0,8.08,-9.32,-1.81,1.92,13.59,10.92,6.94,-1.02,-3.24,5.12,11.83,14.33,12.57,14.9,18.91,18.06,19.91,21.61,3.35,7.33,5.05,-0.57,2.56,-0.74,8.63,18.68,25.38,22.03
2008-04-15,600508,17.01,18.18,18.2,16.97,45054,78835568.0,6.98,3.24,0.57,1.66,14.91,10.78,2.53,0.24,8.9,15.85,18.44,16.62,19.03,12.85,18.71,18.03,19.54,21.38,3.96,1.76,-3.69,-0.66,-3.85,5.23,14.96,21.45,18.21,20.41
2008-04-16,600508,18.03,18.08,18.9,17.85,51221,94640754.0,5.78,-0.55,-0.1,1.89,5.32,-2.52,-4.71,3.53,10.14,12.61,10.87,13.17,7.28,1.96,18.61,18.16,19.23,21.12,2.32,-3.15,-0.11,-3.32,5.81,15.6,22.12,18.86,21.07,22.73
2008-04-17,600508,17.9,17.38,18.5,17.1,30890,54863827.0,7.74,-3.87,-0.7,1.14,1.75,-0.53,8.07,14.97,17.54,15.73,18.13,11.99,6.43,10.53,18.13,18.32,19.02,20.84,0.75,3.91,0.58,10.07,20.25,27.04,23.65,25.95,27.68,37.23
2008-04-18,600508,17.38,16.42,17.51,16.21,37925,63194965.0,7.48,-5.52,-0.96,1.4,4.94,14.0,21.28,24.0,22.09,24.61,18.14,12.28,16.59,14.13,17.53,18.27,18.75,20.57,9.99,6.46,16.5,27.28,34.47,30.88,33.31,35.14,45.25,53.96
2008-04-21,600508,18.05,17.09,18.06,16.8,71632,124325269.0,7.67,4.08,0.67,2.64,10.0,17.02,19.64,17.8,20.24,13.99,8.33,12.5,10.12,4.23,17.43,18.17,18.52,20.3,2.28,11.94,22.29,29.2,25.75,28.09,29.84,39.56,47.92,43.24
2008-04-22,600508,16.98,17.39,17.48,16.71,57857,98927852.0,4.51,1.76,0.3,2.13,17.65,20.29,18.43,20.89,14.6,8.92,13.11,10.71,4.79,8.08,17.27,17.99,18.3,20.05,10.01,20.18,26.97,23.58,25.88,27.6,37.15,45.37,40.77,44.8
2008-04-23,600508,17.59,19.0,19.13,17.19,104206,191794795.0,11.16,9.26,1.61,3.84,16.93,15.13,17.51,11.4,5.88,9.95,7.62,1.86,5.06,1.69,17.46,18.03,18.21,19.88,10.0,16.21,13.11,15.21,16.79,25.53,33.05,28.84,32.53,38.95
2008-04-24,600508,20.9,20.9,20.9,20.12,193112,400776282.0,4.11,10.0,1.9,7.11,-1.64,0.4,-4.82,-9.54,-6.06,-8.05,-12.97,-10.24,-13.12,-4.92,18.16,18.15,18.21,19.75,5.65,2.82,4.74,6.17,14.11,20.96,17.13,20.48,26.32,21.53
2008-04-25,600508,21.0,21.19,22.08,20.81,140051,301249432.0,6.08,1.39,0.29,5.16,-2.93,-7.98,-12.54,-9.18,-11.1,-15.86,-13.21,-16.0,-8.07,0.43,19.11,18.32,18.3,19.64,1.42,3.3,4.72,12.55,19.3,15.53,18.83,24.59,19.87,24.07
2008-04-28,600508,20.8,20.62,21.49,20.55,76711,160001272.0,4.44,-2.69,-0.57,2.83,-6.81,-11.44,-8.03,-9.98,-14.79,-12.12,-14.94,-6.91,1.7,7.45,19.82,18.62,18.34,19.48,6.16,7.61,15.66,22.6,18.72,22.11,28.03,23.18,27.5,28.71
2008-04-29,600508,20.6,21.54,21.89,20.6,91763,196510614.0,6.26,4.46,0.92,3.38,-11.65,-8.25,-10.19,-15.0,-12.33,-15.15,-7.14,1.46,7.18,4.32,20.65,18.96,18.49,19.34,3.02,10.72,17.36,13.65,16.9,22.56,17.92,22.05,23.21,22.1
2008-04-30,600508,21.8,22.1,22.19,21.3,119638,261394979.0,4.13,2.6,0.56,4.41,-11.27,-13.15,-17.79,-15.21,-17.93,-10.19,-1.88,3.66,0.89,2.77,21.27,19.36,18.76,19.28,7.92,14.39,10.77,13.94,19.46,14.93,18.96,20.09,19.0,21.72
2008-05-05,600508,22.59,23.8,23.85,22.38,132984,307544419.0,6.65,7.69,1.7,4.9,-17.34,-21.76,-19.3,-21.89,-14.52,-6.61,-1.34,-3.98,-2.19,-0.85,21.85,20.01,19.16,19.35,6.22,2.86,5.8,10.92,6.72,10.46,11.51,10.5,13.03,12.77
2008-05-06,600508,23.82,23.76,25.28,23.5,165291,401696018.0,7.48,-0.17,-0.04,6.09,-25.49,-23.15,-25.62,-18.6,-11.06,-6.04,-8.55,-6.85,-5.57,1.49,22.36,20.74,19.5,19.41,3.03,5.98,11.11,6.9,10.65,11.7,10.69,13.22,12.96,6.86
2008-05-07,600508,23.48,22.89,24.48,22.85,101125,240406153.0,6.86,-3.66,-0.87,3.72,-20.96,-23.5,-16.28,-8.53,-3.37,-5.95,-4.2,-2.89,4.38,10.63,22.82,21.32,19.75,19.45,10.0,15.33,10.97,14.85,15.95,14.9,17.52,17.26,10.92,14.77
2008-05-08,600508,22.66,25.18,25.18,22.5,151726,365788137.0,11.71,10.0,2.29,5.59,-22.31,-14.98,-7.11,-1.87,-4.49,-2.71,-1.38,6.0,12.36,8.8,23.55,22.1,20.05,19.56,4.85,0.87,4.41,5.4,4.45,6.83,6.59,0.83,4.33,1.27
2008-05-12,600508,24.6,24.9,26.4,24.28,201513,513432131.0,8.42,-1.11,-0.28,7.42,-21.21,-13.92,-9.06,-11.49,-9.84,-8.61,-1.77,4.12,0.82,3.71,24.11,22.69,20.36,19.7,2.01,5.58,6.59,5.62,8.03,7.79,1.97,5.5,2.41,-2.01
2008-05-13,600508,24.11,24.58,25.4,23.86,141160,346831000.0,6.18,-1.29,-0.32,5.2,-12.41,-7.46,-9.93,-8.26,-7.0,-0.04,5.95,2.6,5.53,10.65,24.26,23.06,20.6,19.82,6.96,7.97,7.0,9.44,9.19,3.3,6.88,3.74,-0.73,-4.88
2008-05-14,600508,24.5,25.99,26.29,24.28,140561,360377964.0,8.18,5.74,1.41,5.18,-9.06,-11.49,-9.84,-8.61,-1.77,4.12,0.82,3.71,8.73,4.61,24.71,23.54,20.93,20.04,2.12,1.19,3.5,3.27,-2.31,1.08,-1.89,-6.12,-10.04,-8.5
2008-05-15,600508,26.31,25.64,26.54,25.5,111400,290155417.0,4.0,-1.35,-0.35,4.1,-15.73,-14.16,-12.98,-6.47,-0.86,-4.0,-1.25,3.53,-0.39,3.1,25.26,24.04,21.33,20.24,2.57,4.91,4.68,-0.98,2.46,-0.55,-4.84,-8.81,-7.25,-5.42
2008-05-16,600508,25.9,25.78,26.3,25.15,111970,289110565.0,4.49,0.55,0.14,4.12,-12.96,-11.77,-5.17,0.52,-2.66,0.12,4.97,0.99,4.53,5.53,25.38,24.46,21.71,20.48,4.34,4.11,-1.51,1.9,-1.09,-5.35,-9.31,-7.76,-5.93,-9.43
2008-05-19,600508,25.78,26.69,26.9,25.71,115547,305432058.0,4.62,3.53,0.91,4.26,-13.69,-7.23,-1.67,-4.78,-2.06,2.68,-1.21,2.26,3.23,2.29,25.74,24.92,22.14,20.82,0.56,-4.87,-1.57,-4.46,-8.58,-12.4,-10.9,-9.14,-12.51,-14.2
2008-05-20,600508,26.8,24.28,26.84,24.15,122658,312341729.0,10.08,-9.03,-2.41,4.52,-1.24,4.68,1.37,4.27,9.32,5.18,8.86,9.9,8.9,11.39,25.68,24.97,22.49,21.1,4.57,8.2,5.02,0.49,-3.71,-2.06,-0.12,-3.83,-5.68,-5.56
2008-05-21,600508,24.15,25.18,25.39,23.25,126394,304937982.0,8.81,3.71,0.9,4.65,8.73,5.29,8.3,13.55,9.25,13.08,14.15,13.12,15.7,15.44,25.51,25.11,22.93,21.37,4.33,1.27,-3.1,-7.15,-5.56,-3.69,-7.27,-9.05,-8.94,-10.29
2008-05-22,600508,25.0,25.24,26.27,24.6,145277,374815218.0,6.63,0.24,0.06,5.35,-0.49,2.36,7.32,3.25,6.87,7.89,6.91,9.35,9.11,3.21,25.43,25.35,23.33,21.61,1.03,-3.33,-7.37,-5.78,-3.92,-7.49,-9.27,-9.15,-10.5,-15.61
2008-05-23,600508,25.19,24.64,25.5,24.18,68230,168995108.0,5.23,-2.38,-0.6,2.51,4.14,9.18,5.05,8.73,9.76,8.77,11.25,11.0,5.0,8.64,25.21,25.29,23.7,21.79,-0.97,-5.11,-3.49,-1.58,-5.24,-7.06,-6.94,-8.32,-13.56,-16.96
2008-05-26,600508,24.29,22.95,24.4,22.9,71639,168847498.0,6.09,-6.86,-1.69,2.64,15.28,10.92,14.8,15.9,14.85,17.47,17.21,10.87,14.72,11.35,24.46,25.1,23.89,21.94,1.87,3.62,5.66,1.74,-0.22,-0.09,-1.57,-7.19,-10.85,-12.07
2008-05-27,600508,22.85,22.85,23.38,22.43,44878,102613556.0,4.14,-0.44,-0.1,1.65,13.24,17.21,18.32,17.25,19.93,19.66,13.2,17.12,13.69,8.78,24.17,24.92,23.99,22.04,4.07,6.13,2.19,0.22,0.35,-1.14,-6.78,-10.46,-11.68,-14.84
2008-05-28,600508,22.9,23.54,23.78,22.9,50986,119062209.0,3.85,3.02,0.69,1.88,14.8,15.9,14.85,17.47,17.21,10.87,14.72,11.35,6.55,2.1,23.84,24.68,24.11,22.18,3.02,-0.81,-2.72,-2.59,-4.04,-9.52,-13.08,-14.27,-17.33,-16.82
2008-05-29,600508,23.75,22.9,24.25,22.88,49302,116195751.0,5.82,-2.72,-0.64,1.82,16.0,14.95,17.57,17.31,10.97,14.82,11.45,6.64,2.19,3.93,23.38,24.4,24.22,22.36,1.97,0.0,0.13,-1.35,-6.99,-10.66,-11.88,-15.02,-14.5,-15.81
2008-05-30,600508,23.0,22.27,23.35,21.61,73463,163450342.0,7.6,-2.75,-0.63,2.71,21.7,24.48,24.2,17.49,21.56,18.0,12.91,8.19,10.04,12.22,22.9,24.05,24.26,22.49,2.83,2.96,1.44,-4.36,-8.13,-9.38,-12.62,-12.08,-13.43,-17.83
2008-06-02,600508,22.22,22.28,22.9,21.91,49356,110905024.0,4.45,0.04,0.01,1.82,22.77,22.5,15.88,19.9,16.39,11.36,6.71,8.53,10.68,6.57,22.77,23.61,24.27,22.63,2.92,1.39,-4.4,-8.17,-9.43,-12.66,-12.12,-13.46,-17.86,-21.45
2008-06-03,600508,22.36,22.68,22.93,22.28,43400,98097028.0,2.92,1.8,0.4,1.6,20.47,13.96,17.91,14.45,9.52,4.94,6.73,8.84,4.8,2.78,22.73,23.45,24.21,22.81,-0.4,-6.08,-9.79,-11.02,-14.2,-13.67,-14.99,-19.31,-22.84,-22.4
2008-06-04,600508,22.55,21.66,22.59,21.58,44622,97684884.0,4.45,-4.5,-1.02,1.64,17.66,21.73,18.16,13.07,8.34,10.19,12.37,8.2,6.12,6.26,22.36,23.1,24.11,22.98,-1.66,-5.54,-6.83,-10.16,-9.6,-10.99,-15.51,-19.21,-18.74,-14.59
2008-06-05,600508,21.3,19.83,21.3,19.8,78908,159955370.0,6.93,-8.45,-1.83,2.91,32.68,28.79,23.23,18.08,20.1,22.47,17.93,15.66,15.81,14.09,21.74,22.56,23.95,23.07,3.18,1.77,-1.87,-1.26,-2.77,-7.72,-11.75,-11.25,-6.71,-9.83
2008-06-06,600508,20.25,20.14,20.46,19.92,29548,59476746.0,2.72,1.56,0.31,1.09,28.01,22.49,17.37,19.38,21.74,17.22,14.96,15.11,13.4,6.93,21.32,22.11,23.7,23.17,0.2,-3.38,-2.78,-4.27,-9.14,-13.11,-12.61,-8.14,-11.22,-13.16
2008-06-10,600508,19.35,18.75,20.18,18.13,57775,110746045.0,10.18,-6.9,-1.39,2.13,34.58,28.96,31.16,33.76,28.79,26.31,26.48,24.6,17.48,12.85,20.61,21.69,23.39,23.16,3.79,4.43,2.83,-2.4,-6.67,-6.13,-1.33,-4.64,-6.72,-6.93
2008-06-11,600508,18.52,19.19,19.46,18.52,62030,118262769.0,5.01,2.35,0.44,2.28,26.24,28.4,30.94,26.08,23.65,23.81,21.98,15.01,10.48,8.96,19.91,21.32,23.12,23.1,2.03,0.47,-4.64,-8.81,-8.29,-3.6,-6.83,-8.86,-9.07,-3.86
2008-06-12,600508,19.35,18.99,19.58,18.3,40920,77235055.0,6.67,-1.04,-0.2,1.51,29.95,32.51,27.6,25.14,25.3,23.44,16.39,11.8,10.27,6.34,19.38,20.87,22.77,23.03,1.53,-3.63,-7.85,-7.32,-2.58,-5.85,-7.9,-8.11,-2.84,0.05
2008-06-13,600508,19.05,18.01,19.28,17.95,37255,68769088.0,7.0,-5.16,-0.98,1.37,35.1,30.08,27.58,27.74,25.85,18.66,13.98,12.42,8.41,9.08,19.02,20.38,22.39,22.94,1.61,-2.83,-2.28,2.72,-0.72,-2.89,-3.11,2.44,5.5,1.55
2008-06-16,600508,18.0,17.21,18.3,17.02,36952,64284675.0,7.11,-4.44,-0.8,1.36,37.19,34.55,34.72,32.73,25.15,20.21,18.57,14.34,15.04,13.28,18.43,19.87,21.96,22.8,1.69,2.27,7.5,3.89,1.63,1.39,7.21,10.4,6.28,2.09
2008-06-17,600508,16.96,16.0,17.5,15.92,46196,76199056.0,9.18,-7.03,-1.21,1.7,43.84,44.03,41.9,33.79,28.52,26.76,22.24,22.99,21.11,14.95,17.88,19.25,21.43,22.59,10.0,15.62,11.75,9.31,9.06,15.31,18.75,14.31,9.81,9.87
2008-06-18,600508,16.0,17.6,17.6,15.11,87019,146849996.0,15.56,10.0,1.6,3.2,51.75,49.5,40.97,35.41,33.55,28.79,29.58,27.6,21.11,15.82,17.56,18.74,21.1,22.39,5.11,1.59,-0.63,-0.85,4.83,7.95,3.92,-0.17,-0.11,-0.28
2008-06-19,600508,17.8,16.46,18.5,16.2,103883,182999739.0,13.07,-6.48,-1.14,3.83,39.44,31.48,26.3,24.57,20.12,20.86,19.01,12.96,8.02,8.64,17.06,18.22,20.66,22.14,8.63,6.26,6.01,12.09,15.43,11.12,6.74,6.8,6.62,11.36
2008-06-20,600508,17.0,17.3,17.88,15.6,98366,169126839.0,13.85,5.1,0.84,3.62,36.54,31.15,29.36,24.74,25.51,23.59,17.31,12.18,12.82,18.59,16.91,17.96,20.26,21.96,1.1,0.87,6.65,9.83,5.72,1.56,1.62,1.45,5.95,4.74
2008-06-23,600508,16.98,16.73,17.49,16.11,48247,81472213.0,7.98,-3.29,-0.57,1.78,27.0,25.26,20.79,21.54,19.68,13.59,8.63,9.25,14.84,10.99,16.82,17.62,19.87,21.68,4.3,10.28,13.57,9.32,5.02,5.08,4.9,9.56,8.31,7.29
2008-06-24,600508,16.7,17.36,17.45,16.4,43341,74275201.0,6.28,3.77,0.63,1.6,23.05,18.66,19.39,17.56,11.59,6.71,7.32,12.8,9.02,6.65,17.09,17.48,19.59,21.42,6.28,9.45,5.36,1.21,1.27,1.09,5.59,4.38,3.4,10.02
2008-06-25,600508,17.3,18.43,18.45,17.06,70276,126763591.0,8.01,6.16,1.07,2.59,14.07,14.77,13.01,7.27,2.58,3.17,8.44,4.81,2.52,2.29,17.26,17.41,19.37,21.22,3.09,-0.76,-4.67,-4.61,-4.77,-0.54,-1.68,-2.6,3.64,3.64
2008-06-26,600508,18.4,18.52,19.0,17.99,74282,137169227.0,5.48,0.49,0.09,2.74,8.84,7.17,1.72,-2.72,-2.17,2.83,-0.61,-2.78,-3.0,2.56,17.67,17.36,19.12,20.97,-1.24,-5.13,-5.08,-5.24,-1.03,-2.16,-3.08,3.13,3.13,5.02
2008-06-27,600508,17.8,17.19,18.29,16.9,74363,130338389.0,7.51,-7.18,-1.33,2.74,14.08,8.28,3.55,4.14,9.47,5.8,3.49,3.25,9.17,12.43,17.65,17.28,18.83,20.69,2.21,2.27,2.09,6.63,5.41,4.42,11.11,11.11,13.15,11.87
2008-06-30,600508,16.94,17.33,17.57,16.8,32671,56201725.0,4.48,0.81,0.14,1.2,8.93,4.17,4.76,10.12,6.43,4.11,3.87,9.82,13.1,8.87,17.77,17.29,18.58,20.41,1.44,1.27,5.77,4.56,3.58,10.21,10.21,12.23,10.96,11.66
2008-07-01,600508,17.37,16.98,17.58,16.89,33441,57184303.0,3.98,-2.02,-0.35,1.23,3.61,4.2,9.53,5.86,3.55,3.32,9.24,12.49,8.29,4.03,17.69,17.39,18.32,20.08,3.36,7.95,6.71,5.71,12.49,12.49,14.55,13.25,13.96,13.6
2008-07-02,600508,17.13,17.27,17.55,16.99,39976,69252997.0,3.3,1.71,0.29,1.47,3.59,8.89,5.24,2.94,2.71,8.59,11.83,7.65,3.41,3.47,17.46,17.36,18.05,19.85,6.14,4.92,3.94,10.6,10.6,12.62,11.35,12.04,11.7,4.23
2008-07-03,600508,16.9,17.99,18.33,16.61,76069,133735412.0,9.96,4.17,0.72,2.8,11.38,7.65,5.3,5.06,11.08,14.39,10.11,5.78,5.84,5.66,17.35,17.51,17.86,19.61,0.72,-0.22,6.17,6.17,8.12,6.89,7.56,7.23,0.06,-2.89
2008-07-04,600508,17.7,17.15,18.12,16.65,78643,135228492.0,8.17,-4.67,-0.84,2.9,7.39,5.05,4.8,10.81,14.11,9.85,5.53,5.59,5.41,10.09,17.34,17.49,17.73,19.34,4.66,11.37,11.37,13.41,12.13,12.83,12.48,4.96,1.87,0.87
2008-07-07,600508,17.02,17.85,17.95,16.9,70764,124121207.0,6.12,4.08,0.7,2.61,3.49,3.25,9.17,12.43,8.22,3.96,4.02,3.85,8.46,7.22,17.45,17.61,17.62,19.11,7.0,7.0,8.96,7.73,8.4,8.07,0.84,-2.13,-3.08,-0.84
2008-07-08,600508,18.08,18.59,19.1,18.08,98070,183083042.0,5.71,4.15,0.74,3.61,-3.48,2.05,5.09,1.16,-2.82,-2.77,-2.93,1.38,0.22,-0.72,17.77,17.73,17.61,18.97,2.74,4.63,3.44,4.09,3.77,-3.17,-6.02,-6.94,-4.79,-3.71
2008-07-09,600508,18.58,19.05,19.1,18.23,79472,148289545.0,4.68,2.47,0.46,2.93,1.21,4.22,0.33,-3.62,-3.57,-3.73,0.55,-0.6,-1.54,4.77,18.13,17.79,17.6,18.84,2.1,0.94,1.57,1.26,-5.51,-8.29,-9.19,-7.09,-6.04,-6.98
2008-07-10,600508,18.68,18.64,19.45,18.5,82780,157749263.0,4.99,-2.15,-0.41,3.05,2.7,-1.14,-5.03,-4.97,-5.14,-0.92,-2.05,-2.97,3.24,3.24,18.26,17.8,17.58,18.68,3.17,3.81,3.49,-3.43,-6.28,-7.19,-5.04,-3.97,-4.94,-6.12
2008-07-11,600508,18.65,18.89,19.23,18.59,55048,103731521.0,3.43,1.34,0.25,2.03,-1.61,-5.49,-5.43,-5.59,-1.4,-2.53,-3.44,2.74,2.74,4.63,18.6,17.97,17.63,18.54,2.44,2.12,-4.71,-7.52,-8.42,-6.3,-5.24,-6.19,-7.36,-8.63
2008-07-14,600508,18.98,19.05,19.35,18.8,44033,84013036.0,2.91,0.85,0.16,1.62,-6.54,-6.49,-6.65,-2.5,-3.62,-4.52,1.6,1.6,3.46,2.29,18.84,18.15,17.72,18.44,1.26,-5.51,-8.29,-9.19,-7.09,-6.04,-6.98,-8.14,-9.4,-8.92
2008-07-15,600508,19.1,18.06,19.29,18.0,55983,103212548.0,6.77,-5.2,-0.99,2.06,-2.33,-2.5,1.83,0.67,-0.28,6.11,6.11,8.06,6.83,7.5,18.74,18.25,17.82,18.3,-0.33,-3.27,-4.21,-1.99,-0.89,-1.88,-3.1,-4.43,-3.93,5.43
2008-07-16,600508,18.0,16.91,18.0,16.6,52987,90850452.0,7.75,-6.37,-1.15,1.95,5.72,10.42,9.16,8.13,15.06,15.06,17.17,15.84,16.57,16.2,18.31,18.22,17.79,18.1,3.31,2.31,4.67,5.85,4.79,3.49,2.07,2.6,12.6,16.5
2008-07-17,600508,17.28,16.93,17.47,16.56,34697,58896999.0,5.38,0.12,0.02,1.28,10.69,9.42,8.39,15.34,15.34,17.45,16.12,16.85,16.49,8.7,17.97,18.11,17.81,17.95,2.19,4.55,5.73,4.67,3.37,1.95,2.48,12.46,16.36,14.83
2008-07-18,600508,17.1,17.14,17.3,16.06,42179,70452002.0,7.32,1.24,0.21,1.55,12.83,11.77,18.93,18.93,21.11,19.74,20.49,20.11,12.08,8.78,17.62,18.11,17.8,17.86,3.27,4.43,3.38,2.1,0.7,1.23,11.09,14.94,13.42,9.04
2008-07-21,600508,16.9,17.64,17.7,16.58,54942,94461489.0,6.53,2.92,0.5,2.02,8.26,15.2,15.2,17.31,15.98,16.71,16.34,8.56,5.37,4.34,17.34,18.09,17.85,17.77,1.47,0.45,-0.79,-2.15,-1.64,7.94,11.68,10.2,5.95,3.17
2008-07-22,600508,17.69,17.62,17.9,17.42,35822,63387250.0,2.72,-0.11,-0.02,1.32,9.64,9.64,11.65,10.39,11.08,10.73,3.33,0.29,-0.69,1.61,17.25,17.99,17.86,17.74,0.57,-0.68,-2.04,-1.53,8.06,11.8,10.33,6.07,3.29,0.0
2008-07-23,600508,17.56,17.12,17.72,17.02,38923,67316623.0,3.97,-2.84,-0.5,1.43,12.22,14.28,12.98,13.69,13.34,5.76,2.64,1.65,4.0,5.17,17.29,17.8,17.8,17.67,2.22,0.82,1.34,11.21,15.07,13.55,9.17,6.31,2.92,-0.99
2008-07-24,600508,17.06,17.42,17.5,17.06,30065,51938023.0,2.57,1.75,0.3,1.11,14.01,12.72,13.42,13.07,5.51,2.4,1.41,3.75,4.92,3.87,17.39,17.68,17.74,17.61,-0.92,-0.4,9.3,13.09,11.6,7.29,4.48,1.15,-2.7,-0.69
2008-07-25,600508,17.26,16.85,17.26,16.64,42722,72083811.0,3.56,-3.27,-0.57,1.57,15.56,16.29,15.93,8.17,4.99,3.97,6.37,7.57,6.49,5.17,17.33,17.47,17.72,17.58,2.97,13.0,16.91,15.37,10.92,8.01,4.57,0.59,2.67,3.68
2008-07-28,600508,16.87,17.31,17.35,16.87,30806,52867854.0,2.85,2.73,0.46,1.13,14.7,14.34,6.7,3.56,2.55,4.92,6.11,5.04,3.73,2.31,17.26,17.3,17.72,17.58,9.99,13.81,12.31,7.97,5.14,1.79,-2.08,-0.06,0.92,-6.41
2008-07-29,600508,18.0,19.04,19.04,18.0,177323,329738714.0,6.01,9.99,1.73,6.53,7.17,0.0,-2.94,-3.89,-1.67,-0.56,-1.56,-2.78,-4.11,-3.61,17.55,17.4,17.83,17.68,3.47,2.1,-1.84,-4.41,-7.46,-10.98,-9.14,-8.25,-14.92,-18.86
2008-07-30,600508,19.67,18.92,19.7,18.9,208540,400607110.0,4.2,-0.63,-0.12,7.68,-4.76,-7.57,-8.47,-6.35,-5.29,-6.24,-7.41,-8.68,-8.2,0.74,17.91,17.6,17.91,17.72,2.75,-1.22,-3.81,-6.87,-10.41,-8.56,-7.66,-14.38,-18.34,-18.18
2008-07-31,600508,19.1,18.56,19.44,18.5,130346,248499872.0,4.97,-1.9,-0.36,4.8,-5.57,-6.49,-4.32,-3.24,-4.22,-5.41,-6.7,-6.22,2.92,6.49,18.14,17.76,17.94,17.79,0.7,-1.94,-5.06,-8.67,-6.79,-5.87,-12.72,-16.76,-16.59,-14.98
2008-08-01,600508,18.31,18.32,18.69,17.5,85326,154692613.0,6.41,-1.29,-0.24,3.14,-1.14,1.14,2.29,1.26,0.0,-1.37,-0.86,8.8,12.57,11.09,18.43,17.88,18.0,17.83,-0.66,-3.82,-7.48,-5.57,-4.64,-11.57,-15.67,-15.5,-13.86,-14.36
2008-08-04,600508,18.2,17.62,18.2,17.55,39099,69958726.0,3.55,-3.82,-0.7,1.44,0.85,1.99,0.97,-0.28,-1.65,-1.14,8.49,12.25,10.77,6.5,18.49,17.88,17.98,17.86,0.0,-3.8,-1.82,-0.85,-8.06,-12.32,-12.15,-10.44,-10.95,-12.09
2008-08-05,600508,17.46,16.49,17.62,16.38,96260,161788415.0,7.04,-6.41,-1.13,3.55,9.28,8.18,6.84,5.37,5.92,16.24,20.27,18.68,14.1,11.11,17.98,17.77,17.88,17.83,2.79,4.91,5.94,-1.76,-6.31,-6.12,-4.31,-4.85,-6.06,-13.28
2008-08-06,600508,16.65,16.78,16.95,16.06,49630,82039197.0,5.4,1.76,0.29,1.83,10.34,8.97,7.47,8.03,18.56,22.67,21.05,16.38,13.33,9.71,17.55,17.73,17.77,17.77,3.1,4.11,-3.46,-7.93,-7.75,-5.96,-6.5,-7.69,-14.78,-7.03
2008-08-07,600508,16.85,17.26,17.3,16.66,43079,73268717.0,3.81,2.86,0.48,1.59,5.04,3.6,4.14,14.29,18.25,16.69,12.18,9.24,5.76,1.74,17.29,17.72,17.7,17.73,1.22,-6.14,-10.49,-10.31,-8.57,-9.1,-10.25,-17.15,-9.62,-8.46
2008-08-08,600508,17.38,16.2,17.47,16.18,50229,84693087.0,7.47,-6.14,-1.06,1.85,6.67,7.23,17.68,21.76,20.15,15.51,12.48,8.9,4.76,6.92,16.87,17.65,17.56,17.7,0.0,-4.63,-4.44,-2.59,-3.15,-4.38,-11.73,-3.7,-2.47,-5.06
2008-08-11,600508,15.97,14.87,16.2,14.6,66434,101800475.0,9.88,-8.21,-1.33,2.45,18.84,30.41,34.93,33.15,28.01,24.66,20.68,16.1,18.49,19.66,16.32,17.41,17.35,17.62,3.9,4.1,6.12,5.51,4.17,-3.83,4.91,6.25,3.43,0.87
2008-08-12,600508,14.77,15.19,15.45,14.66,45599,68611128.0,5.31,2.15,0.32,1.68,29.88,34.38,32.61,27.49,24.15,20.19,15.62,18.01,19.17,10.5,16.06,17.02,17.21,17.56,1.91,3.88,3.29,1.97,-5.86,2.7,4.02,1.25,-1.25,-3.88
2008-08-13,600508,15.08,15.26,15.48,14.55,39889,59581811.0,6.12,0.46,0.07,1.47,35.4,33.61,28.45,25.09,21.1,16.49,18.9,20.07,11.34,6.19,15.76,16.66,17.13,17.49,3.41,2.82,1.51,-6.29,2.23,3.54,0.79,-1.7,-4.33,-7.34
2008-08-14,600508,15.17,15.52,15.78,14.85,51230,79534534.0,6.09,1.7,0.26,1.89,30.91,25.86,22.56,18.65,14.14,16.5,17.64,9.09,4.04,4.24,15.41,16.35,17.06,17.41,1.1,-0.19,-7.86,0.52,1.8,-0.9,-3.35,-5.93,-8.89,-7.54
2008-08-15,600508,15.46,15.28,15.69,15.02,25016,38492007.0,4.32,-1.55,-0.24,0.92,24.43,21.17,17.31,12.85,15.18,16.31,7.86,2.86,3.06,5.06,15.22,16.05,16.96,17.35,1.37,-6.41,2.09,3.4,0.65,-1.83,-4.45,-7.46,-6.09,-2.62
2008-08-18,600508,15.3,13.96,15.49,13.9,33356,48980895.0,10.41,-8.64,-1.32,1.23,30.94,26.76,21.94,24.46,25.68,16.55,11.15,11.37,13.53,12.88,15.04,15.68,16.78,17.22,2.44,11.75,13.18,10.17,7.45,4.58,1.29,2.79,6.59,4.94
2008-08-19,600508,13.8,14.18,14.3,13.55,35640,49818482.0,5.37,1.58,0.22,1.31,30.04,25.09,27.68,28.93,19.56,14.02,14.24,16.46,15.79,14.32,14.84,15.45,16.61,17.07,10.01,11.42,8.46,5.78,2.96,-0.28,1.2,4.94,3.31,-0.21
2008-08-20,600508,14.11,15.6,15.6,14.0,62008,93850960.0,11.28,10.01,1.42,2.28,21.07,23.57,24.79,15.71,10.36,10.57,12.71,12.07,10.64,2.14,14.91,15.33,16.53,16.95,1.28,-1.41,-3.85,-6.41,-9.36,-8.01,-4.62,-6.09,-9.29,-10.9
2008-08-21,600508,15.2,14.91,15.8,14.85,54294,82670267.0,6.09,-4.42,-0.69,2.0,16.5,17.64,9.09,4.04,4.24,6.26,5.66,4.31,-3.7,5.05,14.79,15.1,16.41,16.83,3.15,0.6,-2.08,-5.16,-3.76,-0.2,-1.74,-5.1,-6.77,-12.21
2008-08-22,600508,15.05,15.0,15.38,14.71,32436,48903386.0,4.49,0.6,0.09,1.19,18.76,10.13,5.03,5.23,7.27,6.66,5.3,-2.79,6.05,7.41,14.73,14.98,16.31,16.7,0.0,-2.67,-5.73,-4.33,-0.8,-2.33,-5.67,-7.33,-12.73,-16.73
2008-08-25,600508,14.89,14.66,15.0,14.4,20055,29588040.0,4.0,-2.27,-0.34,0.74,12.5,7.29,7.5,9.58,8.96,7.57,-0.69,8.33,9.72,6.81,14.87,14.96,16.18,16.55,-0.41,-3.55,-2.11,1.5,-0.07,-3.48,-5.18,-10.71,-14.8,-15.83
2008-08-26,600508,14.3,13.83,14.6,13.73,25281,35527646.0,5.93,-5.66,-0.83,0.93,12.53,12.75,14.93,14.28,12.82,4.15,13.62,15.08,12.02,9.25,14.8,14.82,15.92,16.41,2.24,3.76,7.59,5.93,2.31,0.51,-5.35,-9.69,-10.77,-17.93
2008-08-27,600508,13.83,13.94,14.14,13.6,19992,27707055.0,3.9,0.8,0.11,0.74,13.82,16.03,15.37,13.9,5.15,14.71,16.18,13.09,10.29,7.35,14.47,14.69,15.67,16.31,2.94,6.74,5.09,1.51,-0.29,-6.1,-10.4,-11.48,-18.58,-17.43
2008-08-28,600508,14.0,14.1,14.35,13.87,19640,27722812.0,3.44,1.15,0.16,0.72,13.77,13.12,11.68,3.1,12.47,13.91,10.89,8.15,5.26,1.95,14.31,14.55,15.45,16.22,5.53,3.9,0.35,-1.42,-7.16,-11.42,-12.48,-19.5,-18.37,-19.57
2008-08-29,600508,14.18,14.6,14.88,14.15,29995,43630421.0,5.18,3.55,0.5,1.1,10.88,9.47,1.06,10.25,11.66,8.69,6.01,3.18,-0.07,1.41,14.23,14.48,15.26,16.13,0.34,-3.08,-4.79,-10.34,-14.45,-15.48,-22.26,-21.16,-22.33,-24.32
2008-09-01,600508,14.65,14.1,14.65,13.9,22183,31502635.0,5.14,-3.42,-0.5,0.82,11.44,2.88,12.23,13.67,10.65,7.91,5.04,1.73,3.24,7.05,14.11,14.49,15.09,16.02,0.35,-1.42,-7.16,-11.42,-12.48,-19.5,-18.37,-19.57,-21.63,-23.83
2008-09-02,600508,13.92,13.93,14.15,13.85,30324,42375727.0,2.13,-1.21,-0.17,1.12,3.25,12.64,14.08,11.05,8.3,5.42,2.09,3.61,7.44,5.78,14.13,14.47,14.96,15.89,-0.22,-6.03,-10.34,-11.41,-18.52,-17.37,-18.59,-20.67,-22.9,-25.63
2008-09-03,600508,13.79,12.75,13.9,12.68,69160,89942730.0,8.76,-8.47,-1.18,2.55,23.03,24.61,21.29,18.3,15.14,11.51,13.17,17.35,15.54,11.59,13.9,14.18,14.76,15.75,2.67,-2.04,-3.22,-10.98,-9.73,-11.06,-13.33,-15.76,-18.75,-18.43
2008-09-04,600508,12.76,12.9,13.09,12.69,33857,43460440.0,3.14,1.18,0.15,1.25,24.51,21.2,18.2,15.05,11.43,13.08,17.26,15.45,11.51,9.54,13.66,13.98,14.54,15.6,-3.18,-4.34,-12.02,-10.78,-12.09,-14.34,-16.74,-19.69,-19.38,-12.87
2008-09-05,600508,12.39,12.08,12.49,12.0,40328,49247259.0,3.8,-6.36,-0.82,1.49,28.17,25.0,21.67,17.83,19.58,24.0,22.08,17.92,15.83,9.08,13.15,13.69,14.33,15.44,2.15,-6.04,-4.72,-6.13,-8.53,-11.09,-14.24,-13.91,-6.95,2.32
2008-09-08,600508,12.33,11.21,12.34,11.2,47583,54956461.0,9.44,-7.2,-0.87,1.75,33.93,30.36,26.25,28.12,32.86,30.8,26.34,24.11,16.87,11.52,12.57,13.34,14.15,15.24,1.25,2.68,1.16,-1.43,-4.19,-7.58,-7.23,0.27,10.26,15.08
2008-09-09,600508,11.31,11.23,11.35,11.0,25113,28071379.0,3.12,0.18,0.02,0.92,32.73,28.55,30.45,35.27,33.18,28.64,26.36,19.0,13.55,12.18,12.03,13.08,13.95,14.97,2.49,0.98,-1.6,-4.36,-7.75,-7.39,0.09,10.06,14.87,8.55
2008-09-10,600508,11.0,11.18,11.51,10.82,32232,36037383.0,6.14,-0.45,-0.05,1.19,30.68,32.62,37.52,35.4,30.78,28.47,20.98,15.43,14.05,4.9,11.72,12.81,13.75,14.72,1.43,-1.16,-3.94,-7.33,-6.98,0.54,10.55,15.38,9.03,15.83
2008-09-11,600508,11.08,10.8,11.34,10.78,24492,26955228.0,5.01,-3.4,-0.38,0.9,33.12,38.03,35.9,31.26,28.94,21.43,15.86,14.47,5.29,6.77,11.3,12.48,13.51,14.46,2.31,-0.56,-4.07,-3.7,4.07,14.44,19.44,12.87,19.91,18.7
2008-09-12,600508,10.81,10.83,11.05,10.68,19309,20987395.0,3.43,0.28,0.03,0.71,39.33,37.17,32.49,30.15,22.57,16.95,15.54,6.27,7.77,6.18,11.05,12.1,13.29,14.21,-0.83,-4.34,-3.97,3.79,14.13,19.11,12.56,19.58,18.37,10.8
2008-09-16,600508,10.74,10.12,10.74,10.1,34810,35953127.0,5.91,-6.56,-0.71,1.28,45.05,40.1,37.62,29.6,23.66,22.18,12.38,13.96,12.28,9.41,10.83,11.7,13.1,13.96,2.37,2.77,11.07,22.13,27.47,20.45,27.96,26.68,18.58,11.26
2008-09-17,600508,10.1,10.17,10.36,10.05,24011,24518954.0,3.06,0.49,0.05,0.88,40.8,38.31,30.25,24.28,22.79,12.94,14.53,12.84,9.95,6.87,10.62,11.33,12.9,13.75,2.26,10.52,21.53,26.84,19.86,27.34,26.06,17.99,10.72,7.96
2008-09-18,600508,9.9,10.22,10.4,9.5,59849,59778038.0,8.85,0.49,0.05,2.2,46.32,37.79,31.47,29.89,19.47,21.16,19.37,16.32,13.05,9.05,10.43,11.07,12.63,13.53,9.98,20.94,26.22,19.28,26.71,25.44,17.42,10.18,7.44,6.75
2008-09-19,600508,11.24,11.24,11.24,11.0,40059,44904406.0,2.35,9.98,1.02,1.48,19.0,13.55,12.18,3.18,4.64,3.09,0.45,-2.36,-5.82,-5.45,10.52,10.91,12.44,13.33,9.96,14.77,8.45,15.21,14.06,6.76,0.18,-2.31,-2.94,-11.92
2008-09-22,600508,12.36,12.36,12.36,11.61,137164,167217973.0,6.67,9.96,1.12,5.05,7.58,6.29,-2.24,-0.86,-2.33,-4.82,-7.49,-10.77,-10.42,-3.19,10.82,10.94,12.31,13.2,4.37,-1.38,4.77,3.72,-2.91,-8.9,-11.17,-11.73,-19.9,-20.23
2008-09-23,600508,11.9,12.02,12.9,11.8,131104,161779150.0,8.9,-2.75,-0.34,4.83,4.58,-3.81,-2.46,-3.9,-6.36,-8.98,-12.2,-11.86,-4.75,4.75,11.2,11.02,12.18,13.11,1.41,7.74,6.66,-0.17,-6.32,-8.65,-9.23,-17.64,-17.97,-13.98
2008-09-24,600508,11.6,12.14,12.19,11.28,69467,80833620.0,7.57,1.0,0.12,2.56,0.62,2.04,0.53,-2.04,-4.79,-8.16,-7.8,-0.35,9.57,14.36,11.6,11.11,12.1,13.0,6.67,5.6,-1.15,-7.25,-9.56,-10.13,-18.45,-18.78,-14.83,-21.75
2008-09-25,600508,12.04,12.55,12.95,12.04,107795,135310723.0,7.5,3.38,0.41,3.97,-4.4,-5.81,-8.22,-10.8,-13.95,-13.62,-6.64,2.66,7.14,1.25,12.06,11.25,12.03,12.91,2.15,-4.38,-10.28,-12.51,-13.07,-21.12,-21.43,-17.61,-24.3,-27.97
2008-09-26,600508,12.76,12.55,12.82,12.28,62700,78543495.0,4.3,0.0,0.0,2.31,-7.65,-10.02,-12.54,-15.64,-15.31,-8.47,0.65,5.05,-0.73,5.46,12.32,11.42,11.95,12.81,-4.38,-10.28,-12.51,-13.07,-21.12,-21.43,-17.61,-24.3,-27.97,-30.28
2008-10-06,600508,12.0,11.3,12.0,11.3,60657,70010791.0,5.58,-9.96,-1.25,2.23,-2.21,-4.96,-8.32,-7.96,-0.53,9.38,14.16,7.88,14.6,13.45,12.11,11.47,11.78,12.68,-0.35,-2.83,-3.45,-12.39,-12.74,-8.5,-15.93,-20.0,-22.57,-17.17
2008-10-07,600508,10.58,10.99,11.26,10.35,44908,48528338.0,8.05,-2.74,-0.31,1.65,3.77,0.1,0.48,8.6,19.42,24.64,17.78,25.12,23.86,15.94,11.91,11.55,11.63,12.58,-0.09,-0.73,-9.92,-10.28,-5.91,-13.56,-17.74,-20.38,-14.83,-11.92
2008-10-08,600508,10.66,10.59,10.98,10.46,28752,30662617.0,4.73,-3.64,-0.4,1.06,-0.96,-0.57,7.46,18.16,23.33,16.54,23.8,22.56,14.72,7.65,11.6,11.6,11.46,12.46,3.02,-6.52,-6.89,-2.36,-10.29,-14.64,-17.37,-11.61,-8.59,-11.71
2008-10-09,600508,10.91,10.4,10.91,10.39,25207,26718740.0,4.91,-1.79,-0.19,0.93,0.1,8.18,18.96,24.16,17.32,24.64,23.39,15.5,8.37,5.68,11.17,11.61,11.34,12.29,-4.81,-5.19,-0.58,-8.65,-13.08,-15.87,-10.0,-6.92,-10.1,-10.67
2008-10-10,600508,9.9,9.52,9.9,9.5,34804,33728495.0,3.85,-8.46,-0.88,1.28,18.32,30.11,35.79,28.32,36.32,34.95,26.32,18.53,15.58,14.84,10.56,11.44,11.18,12.11,3.57,8.61,-0.21,-5.04,-8.09,-1.68,1.68,-1.79,-2.42,-1.37
2008-10-13,600508,9.6,9.85,9.86,9.0,35577,33583458.0,9.03,3.47,0.33,1.31,37.33,43.33,35.44,43.89,42.44,33.33,25.11,22.0,21.22,10.0,10.27,11.19,11.06,11.94,4.97,-3.55,-8.22,-11.17,-4.97,-1.73,-5.08,-5.69,-4.67,-10.25
2008-10-14,600508,10.3,9.62,10.34,9.6,42471,43046652.0,7.51,-2.34,-0.23,1.56,34.38,26.98,34.9,33.54,25.0,17.29,14.38,13.65,3.12,2.71,10.0,10.95,10.98,11.77,-1.25,-6.03,-9.04,-2.7,0.62,-2.81,-3.43,-2.39,-8.11,-10.19
2008-10-15,600508,9.5,9.35,9.5,9.03,27089,25134766.0,4.89,-2.81,-0.27,1.0,34.99,43.41,41.97,32.89,24.7,21.59,20.82,9.63,9.19,14.51,9.75,10.67,10.89,11.62,-3.32,-6.42,0.11,3.53,0.0,-0.64,0.43,-5.45,-7.59,-5.88
2008-10-16,600508,8.9,8.5,9.04,8.45,32541,28557266.0,6.31,-9.09,-0.85,1.2,53.25,51.72,42.01,33.25,29.94,29.11,17.16,16.69,22.37,12.43,9.37,10.27,10.76,11.44,2.94,10.12,13.88,10.0,9.29,10.47,4.0,1.65,3.53,2.59
2008-10-17,600508,8.46,8.64,8.75,8.46,19976,17248754.0,3.41,1.65,0.14,0.74,51.54,41.84,33.1,29.79,28.96,17.02,16.55,22.22,12.29,6.86,9.19,9.88,10.65,11.26,8.33,12.04,8.22,7.52,8.68,2.31,0.0,1.85,0.93,-0.58
2008-10-20,600508,8.68,9.26,9.36,8.55,32439,29174865.0,9.38,7.18,0.62,1.19,40.35,31.7,28.42,27.6,15.79,15.32,20.94,11.11,5.73,2.34,9.07,9.67,10.57,11.08,4.54,0.97,0.32,1.4,-4.54,-6.7,-4.97,-5.83,-7.24,-7.78
2008-10-21,600508,9.35,9.25,9.68,9.24,46904,44160915.0,4.75,-0.11,-0.01,1.73,21.86,18.83,18.07,7.14,6.71,11.9,2.81,-2.16,-5.3,1.3,9.0,9.5,10.53,10.92,1.08,0.43,1.51,-4.43,-6.59,-4.86,-5.73,-7.14,-7.68,-9.51
2008-10-22,600508,9.0,8.98,9.35,8.91,23739,21561582.0,4.76,-2.92,-0.27,0.87,23.23,22.45,11.11,10.66,16.05,6.62,1.46,-1.8,5.05,8.64,8.93,9.34,10.47,10.75,3.45,4.57,-1.56,-3.79,-2.0,-2.9,-4.34,-4.9,-6.79,-5.46
2008-10-23,600508,8.53,9.25,9.29,8.53,25611,23062203.0,8.46,3.01,0.27,0.94,27.9,16.06,15.59,21.22,11.37,5.98,2.58,9.73,13.48,9.61,9.08,9.22,10.42,10.64,1.51,-4.43,-6.59,-4.86,-5.73,-7.14,-7.68,-9.51,-8.22,-11.68
2008-10-24,600508,9.19,9.09,9.39,8.96,25083,23054387.0,4.65,-1.73,-0.16,0.92,10.49,10.04,15.4,6.03,0.89,-2.34,4.46,8.04,4.35,3.68,9.17,9.18,10.31,10.51,-2.75,-4.95,-3.19,-4.07,-5.5,-6.05,-7.92,-6.6,-10.12,-9.79
2008-10-27,600508,8.84,8.23,8.84,8.18,42776,36289741.0,7.26,-9.46,-0.86,1.58,20.54,26.41,16.14,10.51,6.97,14.43,18.34,14.3,13.57,14.79,8.96,9.02,10.1,10.38,4.98,6.93,5.95,4.37,3.77,1.7,3.16,-0.73,-0.36,9.36
2008-10-28,600508,8.0,8.57,8.64,7.88,33399,27985954.0,9.23,4.13,0.34,1.23,31.22,20.56,14.72,11.04,18.78,22.84,18.65,17.89,19.16,12.18,8.82,8.91,9.93,10.29,2.68,1.75,0.23,-0.35,-2.33,-0.93,-4.67,-4.32,5.02,7.12
2008-10-29,600508,8.71,8.31,8.8,8.3,31755,27145469.0,5.83,-3.03,-0.26,1.17,14.46,8.92,5.42,12.77,16.63,12.65,11.93,13.13,6.51,4.1,8.69,8.81,9.74,10.2,4.93,3.37,2.77,0.72,2.17,-1.68,-1.32,8.3,10.47,7.34
2008-10-30,600508,8.48,8.6,8.72,8.31,35305,30322469.0,4.93,3.49,0.29,1.3,8.78,5.29,12.64,16.49,12.52,11.79,13.0,6.38,3.97,5.9,8.56,8.82,9.54,10.11,-0.12,-0.7,-2.67,-1.28,-5.0,-4.65,4.65,6.74,3.72,13.49
2008-10-31,600508,8.5,8.4,8.59,8.3,18205,15388114.0,3.37,-2.33,-0.2,0.67,5.42,12.77,16.63,12.65,11.93,13.13,6.51,4.1,6.02,5.06,8.42,8.79,9.34,10.03,1.67,-0.36,1.07,-2.74,-2.38,7.14,9.29,6.19,16.19,20.12
2008-11-03,600508,8.32,8.36,8.54,8.3,11369,9545782.0,2.86,-0.48,-0.04,0.42,12.77,16.63,12.65,11.93,13.13,6.51,4.1,6.02,5.06,3.49,8.45,8.7,9.19,9.95,0.12,1.56,-2.27,-1.91,7.66,9.81,6.7,16.75,20.69,22.97
2008-11-04,600508,8.31,8.05,8.37,7.96,17169,13926380.0,4.9,-3.71,-0.31,0.63,21.61,17.46,16.71,17.96,11.06,8.54,10.55,9.55,7.91,7.29,8.34,8.58,9.04,9.88,5.47,1.49,1.86,11.8,14.04,10.81,21.24,25.34,27.7,25.84
2008-11-05,600508,8.21,8.32,8.49,8.2,22930,19157187.0,3.6,3.35,0.27,0.84,14.02,13.29,14.51,7.8,5.37,7.32,6.34,4.76,4.15,2.07,8.35,8.52,8.93,9.82,-1.8,-1.44,8.17,10.34,7.21,17.31,21.27,23.56,21.75,18.99
2008-11-06,600508,8.17,8.07,8.17,8.02,16393,13230978.0,1.8,-3.0,-0.25,0.6,15.84,17.08,10.22,7.73,9.73,8.73,7.11,6.48,4.36,5.86,8.24,8.4,8.81,9.75,1.61,11.52,13.75,10.53,20.94,25.03,27.39,25.53,22.68,23.54
2008-11-07,600508,7.96,8.18,8.2,7.91,16479,13345765.0,3.59,1.36,0.11,0.61,18.71,11.76,9.23,11.25,10.24,8.6,7.96,5.82,7.33,3.29,8.2,8.31,8.74,9.64,10.02,12.22,9.05,19.32,23.35,25.67,23.84,21.03,21.88,18.7
2008-11-10,600508,8.33,9.0,9.0,8.33,50424,43998408.0,8.19,10.02,0.82,1.86,6.12,3.72,5.64,4.68,3.12,2.52,0.48,1.92,-1.92,-1.56,8.32,8.39,8.7,9.53,2.0,-0.89,8.44,12.11,14.22,12.56,10.0,10.78,7.89,6.67
2008-11-11,600508,9.0,8.83,9.18,8.81,56673,50983085.0,4.11,-1.89,-0.17,2.09,-1.93,-0.11,-1.02,-2.5,-3.06,-4.99,-3.63,-7.26,-6.92,2.16,8.48,8.41,8.66,9.42,1.02,10.53,14.27,16.42,14.72,12.12,12.91,9.97,8.72,6.57
2008-11-12,600508,8.68,8.92,8.92,8.62,30683,27012419.0,3.4,1.02,0.09,1.13,2.09,1.16,-0.35,-0.93,-2.9,-1.51,-5.22,-4.87,4.41,6.5,8.6,8.47,8.64,9.32,9.42,13.12,15.25,13.57,10.99,11.77,8.86,7.62,5.49,2.47
2008-11-13,600508,8.7,9.55,9.76,8.61,96813,90657113.0,12.89,7.06,0.63,3.57,1.28,-0.23,-0.81,-2.79,-1.39,-5.11,-4.76,4.53,6.62,3.6,8.9,8.57,8.69,9.22,5.65,7.64,6.07,3.66,4.4,1.68,0.52,-1.47,-4.29,2.51
2008-11-14,600508,9.63,10.0,10.09,9.51,104690,102616838.0,6.07,4.71,0.45,3.86,-9.67,-10.2,-11.99,-10.73,-14.09,-13.77,-5.36,-3.47,-6.2,2.63,9.26,8.73,8.76,9.13,2.8,1.3,-1.0,-0.3,-2.9,-4.0,-5.9,-8.6,-2.1,-8.6
2008-11-17,600508,9.95,10.26,10.28,9.8,95045,94860285.0,4.8,2.6,0.26,3.5,-12.86,-14.59,-13.37,-16.63,-16.33,-8.16,-6.33,-8.98,-0.41,2.96,9.51,8.92,8.81,9.1,-1.27,-3.51,-2.83,-5.36,-6.43,-8.28,-10.92,-4.58,-10.92,-11.7
2008-11-18,600508,10.12,9.23,10.13,9.23,87502,84581907.0,8.77,-10.04,-1.03,3.22,-9.32,-8.02,-11.48,-11.16,-2.49,-0.54,-3.36,5.74,9.32,11.38,9.59,9.04,8.81,9.04,7.26,8.02,5.2,4.01,1.95,-0.98,6.07,-0.98,-1.84,-0.33
2008-11-19,600508,9.03,9.82,9.9,9.03,57338,54410501.0,9.43,6.39,0.59,2.11,-5.98,-9.52,-9.19,-0.33,1.66,-1.22,8.08,11.74,13.84,12.18,9.77,9.19,8.85,9.01,1.53,-1.12,-2.24,-4.18,-6.92,-0.31,-6.92,-7.74,-6.31,2.24
2008-11-20,600508,9.6,9.72,9.97,9.5,57429,55834520.0,4.79,-1.02,-0.1,2.12,-14.0,-13.68,-5.26,-3.37,-6.11,2.74,6.21,8.21,6.63,4.21,9.81,9.35,8.88,8.99,-0.1,-1.23,-3.19,-5.97,0.72,-5.97,-6.79,-5.35,3.29,11.01
2008-11-21,600508,9.48,9.41,9.71,8.98,68687,64116649.0,7.51,-3.19,-0.31,2.53,-8.69,0.22,2.23,-0.67,8.69,12.36,14.48,12.81,10.24,11.02,9.69,9.47,8.89,8.99,2.02,0.0,-2.87,4.04,-2.87,-3.72,-2.23,6.7,14.67,10.2
2008-11-24,600508,9.4,9.09,9.6,9.06,34550,32225165.0,5.74,-3.4,-0.32,1.27,-0.66,1.32,-1.55,7.73,11.37,13.47,11.81,9.27,10.04,7.17,9.45,9.48,8.93,8.96,3.52,0.55,7.7,0.55,-0.33,1.21,10.45,18.7,14.08,18.26
2008-11-25,600508,9.3,9.08,9.41,8.94,30590,27969285.0,5.17,-0.11,-0.01,1.13,2.68,-0.22,9.17,12.86,14.99,13.31,10.74,11.52,8.61,7.38,9.42,9.51,8.96,8.94,0.66,7.82,0.66,-0.22,1.32,10.57,18.83,14.21,18.39,22.36
2008-11-26,600508,9.05,9.07,9.14,8.8,32529,29300619.0,3.74,-0.11,-0.01,1.2,1.36,10.91,14.66,16.82,15.11,12.5,13.3,10.34,9.09,6.93,9.27,9.52,9.0,8.93,7.94,0.77,-0.11,1.43,10.69,18.96,14.33,18.52,22.49,18.74
2008-11-27,600508,9.7,9.11,9.79,9.1,51677,48761584.0,7.61,0.44,0.04,1.9,7.25,10.88,12.97,11.32,8.79,9.56,6.7,5.49,3.41,0.44,9.15,9.48,9.02,8.95,0.33,-0.55,0.99,10.21,18.44,13.83,18.0,21.95,18.22,20.75
2008-11-28,600508,9.01,8.84,9.14,8.81,27719,24817754.0,3.62,-2.96,-0.27,1.02,14.53,16.69,14.98,12.37,13.17,10.22,8.97,6.81,3.75,11.12,9.04,9.36,9.05,8.96,2.49,4.07,13.57,22.06,17.31,21.61,25.68,21.83,24.43,18.55
2008-12-01,600508,8.7,9.04,9.06,8.61,25991,23052215.0,5.09,2.26,0.2,0.96,19.4,17.65,14.98,15.8,12.78,11.5,9.29,6.16,13.7,6.16,9.03,9.24,9.08,8.95,1.77,11.06,19.36,14.71,18.92,22.9,19.14,21.68,15.93,11.73
2008-12-02,600508,8.8,9.13,9.2,8.71,50021,44942854.0,5.42,1.0,0.09,1.84,16.3,13.66,14.47,11.48,10.22,8.04,4.94,12.4,4.94,4.02,9.04,9.23,9.13,8.95,9.97,18.18,13.58,17.74,21.69,17.96,20.48,14.79,10.62,10.62
2008-12-03,600508,9.15,10.04,10.04,9.15,146206,142194997.0,9.75,9.97,0.91,5.38,8.2,8.96,6.12,4.92,2.84,-0.11,6.99,-0.11,-0.98,0.55,9.23,9.25,9.22,8.99,7.47,3.29,7.07,10.66,7.27,9.56,4.38,0.6,0.6,3.39
2008-12-04,600508,10.2,10.08,10.79,10.02,199987,206411038.0,7.67,0.4,0.04,7.37,-0.5,-3.09,-4.19,-6.09,-8.78,-2.3,-8.78,-9.58,-8.18,0.2,9.43,9.29,9.32,9.01,2.88,6.65,10.22,6.85,9.13,3.97,0.2,0.2,2.98,3.97
2008-12-05,600508,10.0,10.24,10.37,9.88,81504,82863315.0,4.86,1.59,0.16,3.0,-1.72,-2.83,-4.76,-7.49,-0.91,-7.49,-8.3,-6.88,1.62,9.21,9.71,9.37,9.42,9.05,4.98,8.5,5.18,7.42,2.34,-1.37,-1.37,1.37,2.34,2.34
2008-12-08,600508,10.38,10.74,10.75,10.35,111571,117552446.0,3.91,4.88,0.5,4.11,-7.25,-9.08,-11.69,-5.41,-11.69,-12.46,-11.11,-3.0,4.25,0.19,10.05,9.54,9.51,9.14,3.45,0.28,2.42,-2.42,-5.96,-5.96,-3.35,-2.42,-2.42,-3.63
2008-12-09,600508,10.87,10.71,11.11,10.56,143233,154809018.0,5.12,-0.28,-0.03,5.28,-10.89,-13.45,-7.29,-13.45,-14.2,-12.88,-4.92,2.18,-1.8,1.8,10.36,9.7,9.6,9.21,0.56,2.71,-2.15,-5.7,-5.7,-3.08,-2.15,-2.15,-3.36,-8.87
2008-12-10,600508,10.57,10.7,10.77,10.2,93752,99074627.0,5.32,-0.09,-0.01,3.45,-10.39,-4.02,-10.39,-11.18,-9.8,-1.57,5.78,1.67,5.39,8.92,10.49,9.86,9.69,9.29,2.8,-2.06,-5.61,-5.61,-2.99,-2.06,-2.06,-3.27,-8.79,-9.53
2008-12-11,600508,10.72,10.33,11.0,10.32,106903,114816855.0,6.36,-3.46,-0.37,3.94,-5.14,-11.43,-12.21,-10.85,-2.71,4.55,0.48,4.17,7.66,4.36,10.54,9.99,9.73,9.34,1.45,-2.23,-2.23,0.48,1.45,1.45,0.19,-5.52,-6.29,-9.97
2008-12-12,600508,10.24,9.76,10.48,9.55,81823,82081214.0,9.0,-5.52,-0.57,3.01,-4.29,-5.13,-3.66,5.13,12.98,8.59,12.57,16.34,12.77,15.18,10.45,10.08,9.72,9.39,3.48,3.48,6.35,7.38,7.38,6.05,0.0,-0.82,-4.71,-6.05
2008-12-15,600508,10.01,9.8,10.1,9.6,48199,47379793.0,5.12,0.41,0.04,1.78,-5.62,-4.17,4.58,12.4,8.02,11.98,15.73,12.19,14.58,9.17,10.26,10.15,9.7,9.44,3.06,5.92,6.94,6.94,5.61,-0.41,-1.22,-5.1,-6.43,-6.63
2008-12-16,600508,9.74,10.09,10.1,9.41,43352,42118391.0,7.04,2.96,0.29,1.6,-2.23,6.7,14.67,10.2,14.24,18.07,14.45,16.9,11.37,7.33,10.14,10.25,9.74,9.51,2.87,3.87,3.87,2.58,-3.27,-4.06,-7.83,-9.12,-9.32,-11.0
2008-12-17,600508,10.0,10.09,10.38,9.96,56194,57173617.0,4.16,0.0,0.0,2.07,0.8,8.33,4.12,7.93,11.55,8.13,10.44,5.22,1.41,1.41,10.01,10.25,9.75,9.56,3.87,3.87,2.58,-3.27,-4.06,-7.83,-9.12,-9.32,-11.0,-9.22
2008-12-18,600508,10.13,10.4,10.48,10.0,58248,59692320.0,4.76,3.07,0.31,2.15,7.9,3.7,7.5,11.1,7.7,10.0,4.8,1.0,1.0,3.8,10.03,10.29,9.79,9.64,0.77,-0.48,-6.15,-6.92,-10.58,-11.83,-12.02,-13.65,-11.92,-5.38
2008-12-22,600508,10.37,10.1,10.48,9.98,53971,54965632.0,4.81,-2.88,-0.3,1.99,3.91,7.72,11.32,7.92,10.22,5.01,1.2,1.2,4.01,5.01,10.1,10.27,9.82,9.71,2.48,-3.37,-4.16,-7.92,-9.21,-9.41,-11.09,-9.31,-2.57,-3.07
2008-12-23,600508,10.23,9.88,10.35,9.88,90990,92011935.0,4.65,-2.18,-0.22,3.35,8.81,12.45,9.01,11.34,6.07,2.23,2.23,5.06,6.07,6.07,10.11,10.19,9.86,9.74,-1.21,-2.02,-5.87,-7.19,-7.39,-9.11,-7.29,-0.4,-0.91,-3.54
2008-12-24,600508,9.75,9.53,9.76,9.42,41713,39823999.0,3.44,-3.54,-0.35,1.54,17.94,14.33,16.77,11.25,7.22,7.22,10.19,11.25,11.25,9.87,10.0,10.07,9.88,9.76,1.57,-2.41,-3.78,-3.99,-5.77,-3.88,3.25,2.73,0.0,3.15
2008-12-25,600508,9.54,9.28,9.68,9.17,39526,37134148.0,5.35,-2.62,-0.25,1.46,17.45,19.96,14.29,10.14,10.14,13.2,14.29,14.29,12.87,6.43,9.84,9.93,9.89,9.77,0.22,-1.19,-1.4,-3.23,-1.29,6.03,5.5,2.69,5.93,9.38
2008-12-26,600508,9.2,9.12,9.3,9.08,42795,39250808.0,2.37,-1.72,-0.16,1.58,21.15,15.42,11.23,11.23,14.32,15.42,15.42,13.99,7.49,6.61,9.58,9.81,9.9,9.76,0.55,0.33,-1.54,0.44,7.89,7.35,4.5,7.79,11.29,6.8
2008-12-29,600508,9.08,9.07,9.17,8.83,39630,35490764.0,3.73,-0.55,-0.05,1.46,18.69,14.38,14.38,17.55,18.69,18.69,17.21,10.53,9.63,5.32,9.38,9.74,9.91,9.73,0.88,-0.99,0.99,8.49,7.94,5.07,8.38,11.91,7.39,10.03
2008-12-30,600508,9.08,8.84,9.15,8.27,39211,34978680.0,9.7,-2.54,-0.23,1.44,22.13,22.13,25.51,26.72,26.72,25.15,18.02,17.05,12.45,10.88,9.17,9.64,9.9,9.68,1.58,3.62,11.31,10.75,7.81,11.2,14.82,10.18,12.9,15.72
2008-12-31,600508,8.84,8.74,8.98,8.65,36388,32047671.0,3.73,-1.13,-0.1,1.34,16.76,20.0,21.16,21.16,19.65,12.83,11.91,7.51,6.01,5.78,9.01,9.51,9.88,9.66,4.81,12.59,12.01,9.04,12.47,16.13,11.44,14.19,17.05,19.79
2009-01-05,600508,8.9,9.16,9.16,8.82,35155,31709826.0,3.89,4.81,0.42,1.29,17.69,18.82,18.82,17.35,10.66,9.75,5.44,3.97,3.74,1.81,8.99,9.41,9.83,9.64,7.42,6.88,4.04,7.31,10.81,6.33,8.95,11.68,14.3,14.63
2009-01-06,600508,9.18,9.77,9.84,9.11,81561,78226711.0,7.97,6.66,0.61,3.0,15.04,15.04,13.61,7.14,6.26,2.09,0.66,0.44,-1.43,0.55,9.12,9.35,9.82,9.64,0.2,-2.46,0.61,3.89,-0.31,2.15,4.71,7.16,7.47,3.99
2009-01-07,600508,9.79,9.56,9.79,9.52,65326,63052795.0,2.76,-2.15,-0.21,2.41,10.08,8.72,2.52,1.68,-2.31,-3.68,-3.89,-5.67,-3.78,3.36,9.21,9.3,9.78,9.65,-0.31,2.82,6.17,1.88,4.39,7.01,9.52,9.83,6.28,8.37
2009-01-08,600508,9.22,9.37,9.53,9.21,43375,40544471.0,3.35,-1.99,-0.19,1.6,12.38,5.97,5.1,0.98,-0.43,-0.65,-2.5,-0.54,6.84,6.3,9.32,9.24,9.72,9.66,4.91,8.32,3.95,6.51,9.18,11.74,12.06,8.43,10.57,15.8
2009-01-09,600508,9.35,9.67,9.83,9.33,47461,45879467.0,5.34,3.2,0.3,1.75,4.61,3.75,-0.32,-1.71,-1.93,-3.75,-1.82,5.47,4.93,2.14,9.51,9.26,9.66,9.68,4.96,0.72,3.21,5.79,8.27,8.58,5.07,7.14,12.2,11.69
2009-01-12,600508,9.69,9.87,10.15,9.6,80246,79643638.0,5.69,2.07,0.2,2.96,0.83,-3.12,-4.48,-4.69,-6.46,-4.58,2.5,1.98,-0.73,2.4,9.65,9.32,9.62,9.7,-1.32,1.11,3.65,6.08,6.38,2.94,4.96,9.93,9.42,9.73
2009-01-13,600508,9.71,9.37,9.74,9.36,51685,49263194.0,3.85,-5.07,-0.5,1.9,-0.64,-2.03,-2.24,-4.06,-2.14,5.13,4.59,1.82,5.02,8.44,9.57,9.34,9.57,9.71,6.51,9.18,11.74,12.06,8.43,10.57,15.8,15.26,15.58,22.2
2009-01-14,600508,9.4,9.93,9.98,9.36,67337,65690257.0,6.62,5.98,0.56,2.48,-2.03,-2.24,-4.06,-2.14,5.13,4.59,1.82,5.02,8.44,4.06,9.64,9.43,9.58,9.75,3.02,5.44,5.74,2.32,4.33,9.26,8.76,9.06,15.31,17.82
2009-01-15,600508,9.9,10.09,10.23,9.8,126337,126734446.0,4.33,1.61,0.16,4.65,-6.63,-8.37,-6.53,0.41,-0.1,-2.76,0.31,3.57,-0.61,1.84,9.79,9.55,9.6,9.78,3.77,4.06,0.69,2.68,7.53,7.04,7.33,13.48,15.96,20.12
2009-01-16,600508,10.11,10.15,10.47,10.11,107500,111003162.0,3.57,0.59,0.06,3.96,-11.18,-9.4,-2.67,-3.17,-5.74,-2.77,0.4,-3.66,-1.29,1.19,9.88,9.69,9.6,9.82,3.45,0.1,2.07,6.9,6.4,6.7,12.81,15.27,19.41,18.13
2009-01-19,600508,10.21,10.09,10.5,9.95,72975,74593099.0,5.42,-0.59,-0.06,2.69,-7.94,-1.11,-1.61,-4.22,-1.21,2.01,-2.11,0.3,2.81,5.23,9.93,9.79,9.6,9.82,0.69,2.68,7.53,7.04,7.33,13.48,15.96,20.12,18.83,26.66
2009-01-20,600508,10.0,10.16,10.16,9.9,43982,44247860.0,2.58,0.69,0.07,1.62,-0.61,-1.11,-3.74,-0.71,2.53,-1.62,0.81,3.33,5.76,6.06,10.08,9.83,9.59,9.82,1.97,6.79,6.3,6.59,12.7,15.16,19.29,18.01,25.79,26.48
2009-01-21,600508,9.97,10.22,10.36,9.92,55343,56456180.0,4.33,0.59,0.06,2.04,-1.31,-3.93,-0.91,2.32,-1.81,0.6,3.12,5.54,5.85,2.42,10.14,9.89,9.59,9.82,6.16,5.68,5.97,12.04,14.48,18.59,17.32,25.05,25.73,28.77
2009-01-22,600508,10.35,10.73,10.85,10.26,129341,136422001.0,5.77,4.99,0.51,4.76,-7.12,-4.19,-1.07,-5.07,-2.73,-0.29,2.05,2.34,-0.97,0.97,10.27,10.03,9.64,9.82,0.65,0.93,6.71,9.04,12.95,11.74,19.11,19.76,22.65,21.81
2009-01-23,600508,10.69,10.67,10.8,10.5,92838,99073947.0,2.8,-0.56,-0.06,3.42,-6.38,-3.33,-7.24,-4.95,-2.57,-0.29,0.0,-3.24,-1.33,3.33,10.37,10.13,9.69,9.82,1.5,7.31,9.65,13.59,12.37,19.78,20.43,23.34,22.49,20.9
2009-02-02,600508,10.77,10.72,10.83,10.51,72616,77399493.0,3.0,0.47,0.05,2.67,-3.43,-7.33,-5.04,-2.66,-0.38,-0.1,-3.33,-1.43,3.24,2.76,10.5,10.21,9.77,9.82,6.81,9.14,13.06,11.85,19.22,19.87,22.76,21.92,20.34,23.13
2009-02-03,600508,10.75,11.42,11.45,10.65,140425,155542276.0,7.46,6.53,0.7,5.17,-8.54,-6.29,-3.94,-1.69,-1.41,-4.6,-2.72,1.88,1.41,1.69,10.75,10.42,9.88,9.85,2.45,6.13,4.99,11.91,12.52,15.24,14.45,12.96,15.59,18.83
2009-02-04,600508,11.41,11.6,11.7,11.35,139108,160525929.0,3.06,1.58,0.18,5.12,-12.07,-9.87,-7.75,-7.49,-10.48,-8.72,-4.41,-4.85,-4.58,0.88,11.03,10.59,10.01,9.92,4.48,3.36,10.17,10.78,13.45,12.67,11.21,13.79,16.98,9.48
2009-02-05,600508,11.7,11.48,12.12,11.36,152128,179186153.0,6.55,-1.03,-0.12,5.6,-9.95,-7.83,-7.57,-10.56,-8.8,-4.49,-4.93,-4.67,0.79,2.99,11.18,10.72,10.14,9.97,4.44,11.32,11.93,14.63,13.85,12.37,14.98,18.21,10.63,6.27
2009-02-06,600508,11.5,11.93,11.99,11.5,105180,123717410.0,4.27,3.92,0.45,3.87,-8.96,-8.7,-11.65,-9.91,-5.65,-6.09,-5.83,-0.43,1.74,5.39,11.43,10.9,10.3,10.03,7.12,7.71,10.31,9.56,8.13,10.65,13.75,6.45,2.26,3.52
2009-02-09,600508,12.15,12.59,12.78,12.14,142197,176793346.0,5.36,5.53,0.66,5.24,-13.51,-16.31,-14.66,-10.63,-11.04,-10.79,-5.68,-3.62,-0.16,-1.24,11.8,11.15,10.47,10.12,2.07,4.53,3.81,2.46,4.85,7.78,0.87,-3.1,-1.91,0.71
2009-02-10,600508,12.6,12.8,12.85,12.31,110151,139030146.0,4.29,1.67,0.21,4.06,-17.47,-15.84,-11.86,-12.27,-12.02,-6.99,-4.96,-1.54,-2.6,3.82,12.08,11.42,10.62,10.2,2.81,2.11,0.78,3.12,6.02,-0.78,-4.69,-3.52,-0.94,-1.25
2009-02-11,600508,12.58,12.83,13.16,12.4,113272,144694154.0,5.94,0.23,0.03,4.17,-16.45,-12.5,-12.9,-12.66,-7.66,-5.65,-2.26,-3.31,3.06,3.63,12.33,11.68,10.78,10.29,1.87,0.55,2.88,5.77,-1.01,-4.91,-3.74,-1.17,-1.48,-4.29
2009-02-12,600508,12.9,12.51,13.07,12.02,126616,157107239.0,8.18,-2.49,-0.32,4.66,-9.73,-10.15,-9.9,-4.74,-2.66,0.83,-0.25,6.32,6.91,9.48,12.53,11.86,10.94,10.38,3.12,5.52,8.47,1.52,-2.48,-1.28,1.36,1.04,-1.84,-2.96
2009-02-13,600508,12.4,12.81,12.9,12.19,127930,160963977.0,5.68,2.4,0.3,4.71,-11.4,-11.16,-6.07,-4.02,-0.57,-1.64,4.84,5.41,7.96,7.22,12.71,12.07,11.1,10.48,3.04,5.93,-0.86,-4.76,-3.59,-1.01,-1.33,-4.14,-5.23,-11.79
2009-02-16,600508,13.0,13.14,13.2,12.72,180946,235427464.0,3.75,2.58,0.33,6.66,-14.86,-9.98,-8.02,-4.72,-5.74,0.47,1.02,3.46,2.75,1.42,12.82,12.31,11.26,10.61,3.27,-3.35,-7.15,-6.01,-3.5,-3.81,-6.54,-7.61,-14.0,-15.22
2009-02-17,600508,13.24,12.78,13.57,12.73,245592,325804096.0,6.39,-2.74,-0.36,9.04,-10.05,-8.09,-4.79,-5.81,0.39,0.94,3.38,2.67,1.34,3.69,12.81,12.45,11.43,10.74,-0.63,-4.54,-3.36,-0.78,-1.1,-3.91,-5.01,-11.58,-12.83,-14.16
2009-02-18,600508,12.42,11.76,12.7,11.75,147456,179907044.0,7.43,-7.98,-1.02,5.43,-0.43,3.15,2.04,8.77,9.36,12.0,11.23,9.79,12.34,15.49,12.6,12.46,11.52,10.83,3.74,5.02,7.82,7.48,4.42,3.23,-3.91,-5.27,-6.72,-0.51
2009-02-19,600508,11.78,12.05,12.2,11.78,83512,100036620.0,3.57,2.47,0.29,3.08,2.89,1.78,8.49,9.08,11.71,10.95,9.51,12.05,15.2,7.81,12.51,12.52,11.62,10.93,2.49,5.23,4.9,1.91,0.75,-6.22,-7.55,-8.96,-2.9,-0.41
2009-02-20,600508,12.16,12.33,12.35,11.9,92522,111904880.0,3.73,2.32,0.28,3.41,0.76,7.39,7.98,10.59,9.83,8.4,10.92,14.03,6.72,2.52,12.41,12.56,11.73,11.05,2.84,2.51,-0.41,-1.54,-8.35,-9.65,-11.03,-5.11,-2.68,-3.73
2009-02-23,600508,12.21,12.64,12.68,11.98,92571,114990441.0,5.68,2.51,0.31,3.41,6.68,7.26,9.85,9.1,7.68,10.18,13.27,6.01,1.84,3.09,12.31,12.57,11.86,11.17,0.0,-2.85,-3.96,-10.6,-11.87,-13.21,-7.44,-5.06,-6.09,-4.67
2009-02-24,600508,12.48,11.96,12.64,11.91,109880,134557584.0,5.78,-5.38,-0.68,4.05,7.89,10.5,9.74,8.31,10.83,13.94,6.63,2.43,3.69,6.47,12.15,12.48,11.95,11.24,2.68,1.51,-5.52,-6.86,-8.28,-2.17,0.33,-0.75,0.75,-3.51
2009-02-25,600508,12.1,11.87,12.28,11.51,81032,96209344.0,6.44,-0.75,-0.09,2.98,14.34,13.55,12.08,14.68,17.9,10.34,5.99,7.3,10.17,9.82,12.17,12.39,12.03,11.32,2.27,-4.8,-6.15,-7.58,-1.43,1.1,0.0,1.52,-2.78,-0.59
2009-02-26,600508,11.88,11.21,12.14,11.0,66469,77617949.0,9.6,-5.56,-0.66,2.45,18.82,17.27,20.0,23.36,15.45,10.91,12.27,15.27,14.91,11.64,12.0,12.26,12.06,11.38,0.8,-0.62,-2.14,4.37,7.05,5.89,7.49,2.94,5.26,2.05
2009-02-27,600508,11.06,10.85,11.3,10.5,73789,80316759.0,7.14,-3.21,-0.36,2.72,22.86,25.71,29.24,20.95,16.19,17.62,20.76,20.38,16.95,15.62,11.71,12.06,12.06,11.42,2.67,1.11,7.83,10.6,9.4,11.06,6.36,8.76,5.44,7.28
2009-03-02,600508,10.78,11.04,11.14,10.62,35781,39309898.0,4.79,1.75,0.19,1.32,24.29,27.78,19.59,14.88,16.29,19.4,19.02,15.63,14.31,6.4,11.39,11.85,12.08,11.46,-0.63,5.98,8.7,7.52,9.15,4.53,6.88,3.62,5.43,3.53
2009-03-03,600508,10.71,10.84,10.97,10.62,41301,44641365.0,3.17,-1.81,-0.2,1.52,27.78,19.59,14.88,16.29,19.4,19.02,15.63,14.31,6.4,4.9,11.16,11.66,12.05,11.51,7.93,10.7,9.5,11.16,6.46,8.86,5.54,7.38,5.44,10.52
2009-03-04,600508,10.87,11.65,11.7,10.87,119521,136570728.0,7.66,7.47,0.81,4.4,16.84,12.24,13.62,16.65,16.28,12.97,11.68,3.96,2.48,0.92,11.12,11.64,12.05,11.56,3.0,1.89,3.43,-0.94,1.29,-1.8,-0.09,-1.89,2.83,7.3
2009-03-05,600508,11.9,11.66,12.0,11.45,107802,126847376.0,4.72,0.09,0.01,3.97,6.55,7.86,10.74,10.39,7.25,6.03,-1.31,-2.71,-4.19,2.18,11.21,11.61,12.06,11.62,1.8,3.34,-1.03,1.2,-1.89,-0.17,-1.97,2.74,7.2,11.66
2009-03-06,600508,11.4,11.67,11.87,11.36,63660,74142570.0,4.37,0.09,0.01,2.34,8.71,11.62,11.27,8.1,6.87,-0.53,-1.94,-3.43,2.99,5.63,11.37,11.54,12.05,11.67,3.26,-1.11,1.11,-1.97,-0.26,-2.06,2.66,7.11,11.57,14.82
2009-03-09,600508,11.81,11.24,12.05,11.21,71997,84016520.0,7.2,-3.68,-0.43,2.65,13.11,12.76,9.55,8.3,0.8,-0.62,-2.14,4.37,7.05,5.89,11.41,11.4,11.98,11.71,2.67,4.98,1.78,3.56,1.69,6.58,11.21,15.84,19.22,22.06
2009-03-10,600508,11.18,11.5,11.54,11.03,39212,44442987.0,4.54,2.31,0.26,1.44,14.6,11.33,10.06,2.45,1.0,-0.54,6.07,8.79,7.62,9.25,11.54,11.35,11.92,11.75,2.61,-0.52,1.22,-0.61,4.17,8.7,13.22,16.52,19.3,17.91
2009-03-11,600508,11.7,11.39,11.8,11.31,54861,63548427.0,4.26,-0.96,-0.11,2.02,8.58,7.34,-0.09,-1.5,-3.01,3.45,6.1,4.95,6.54,2.03,11.49,11.31,11.85,11.79,0.44,2.19,0.35,5.18,9.75,14.31,17.65,20.46,19.05,21.42
2009-03-12,600508,11.31,11.32,11.44,11.01,35887,40290838.0,3.78,-0.61,-0.07,1.32,10.26,2.63,1.18,-0.36,6.27,8.99,7.81,9.45,4.81,7.18,11.42,11.32,11.79,11.81,2.83,0.97,5.83,10.42,15.02,18.37,21.2,19.79,22.17,19.26
2009-03-13,600508,11.43,11.33,11.64,11.32,41051,47166754.0,2.83,0.09,0.01,1.51,-0.18,-1.59,-3.09,3.36,6.01,4.86,6.45,1.94,4.24,1.06,11.36,11.36,11.71,11.83,0.88,5.74,10.33,14.92,18.27,21.09,19.68,22.07,19.15,22.59
2009-03-16,600508,11.21,11.39,11.43,11.12,27156,30594076.0,2.74,0.53,0.06,1.0,0.18,-1.35,5.22,7.91,6.74,8.36,3.78,6.12,2.88,4.68,11.39,11.4,11.62,11.85,5.18,9.75,14.31,17.65,20.46,19.05,21.42,18.53,21.95,19.4
2009-03-17,600508,11.43,11.94,11.98,11.36,77480,91151611.0,5.44,4.83,0.55,2.85,-3.43,2.99,5.63,4.49,6.07,1.58,3.87,0.7,2.46,0.62,11.47,11.51,11.58,11.87,4.69,9.05,12.23,14.91,13.57,15.83,13.07,16.33,13.9,12.06
2009-03-18,600508,12.02,12.2,12.5,12.01,146981,181302695.0,4.1,2.18,0.26,5.41,-2.58,-0.08,-1.17,0.33,-3.91,-1.75,-4.75,-3.08,-4.83,-0.25,11.64,11.56,11.6,11.89,6.72,9.84,12.46,11.15,13.36,10.66,13.85,11.48,9.67,17.7
2009-03-19,600508,12.26,12.92,13.02,12.23,173761,221173582.0,6.48,5.9,0.72,6.4,-1.88,-2.94,-1.47,-5.64,-3.52,-6.46,-4.82,-6.54,-2.04,2.21,11.96,11.69,11.65,11.94,3.72,6.19,4.95,7.04,4.49,7.51,5.26,3.56,11.15,11.92
2009-03-20,600508,13.12,13.22,13.4,12.89,251791,330723490.0,3.95,2.32,0.3,9.27,-7.91,-6.52,-10.47,-8.46,-11.25,-9.7,-11.33,-7.06,-3.03,1.01,12.33,11.85,11.69,11.98,3.78,2.57,4.61,2.12,5.07,2.87,1.21,8.62,9.38,11.04
2009-03-23,600508,13.26,13.38,13.72,12.99,182145,242898015.0,5.52,1.21,0.16,6.71,-7.24,-11.16,-9.16,-11.93,-10.39,-12.01,-7.78,-3.77,0.23,3.16,12.73,12.06,11.73,12.01,1.35,3.36,0.9,3.81,1.64,0.0,7.32,8.07,9.72,17.56
2009-03-24,600508,13.47,13.32,13.56,13.21,118442,157946682.0,2.62,-0.45,-0.06,4.36,-12.64,-10.67,-13.4,-11.88,-13.47,-9.31,-5.37,-1.44,1.44,3.86,13.01,12.24,11.8,12.02,3.83,1.35,4.28,2.1,0.45,7.81,8.56,10.21,18.09,27.63
2009-03-25,600508,13.3,13.1,13.83,13.05,153499,206639791.0,5.86,-1.65,-0.22,5.65,-9.58,-12.34,-10.8,-12.41,-8.2,-4.21,-0.23,2.68,5.13,3.91,13.19,12.41,11.86,12.03,3.05,6.03,3.82,2.14,9.62,10.38,12.06,20.08,29.77,25.73
2009-03-26,600508,13.14,13.48,13.5,12.81,152996,202840381.0,5.27,2.9,0.38,5.63,-10.69,-9.13,-10.77,-6.48,-2.42,1.64,4.61,7.1,5.85,7.96,13.3,12.63,11.97,12.07,3.04,0.89,-0.74,6.53,7.27,8.9,16.69,26.11,22.18,26.85
2009-03-27,600508,13.61,13.66,13.89,13.45,158622,217098734.0,3.26,1.34,0.18,5.84,-13.46,-15.02,-10.93,-7.06,-3.2,-0.37,2.01,0.82,2.83,0.37,13.39,12.86,12.11,12.09,-0.44,-2.05,5.12,5.86,7.47,15.15,24.45,20.57,25.18,31.41
2009-03-30,600508,13.6,13.21,13.6,13.18,171161,228360059.0,3.07,-3.29,-0.45,6.3,-13.28,-9.1,-5.16,-1.21,1.67,4.1,2.88,4.93,2.43,5.39,13.35,13.04,12.22,12.1,1.29,8.71,9.46,11.13,19.08,28.69,24.68,29.45,35.88,31.95
2009-03-31,600508,12.78,13.3,13.38,12.72,105959,138233697.0,5.0,0.68,0.09,3.9,-5.82,-1.73,2.36,5.35,7.86,6.6,8.73,6.13,9.2,6.92,13.35,13.18,12.34,12.11,7.97,8.72,10.38,18.27,27.82,23.83,28.57,34.96,31.05,33.83
2009-04-01,600508,13.41,14.07,14.36,13.3,240235,333945583.0,7.97,5.79,0.77,8.85,-6.02,-2.11,0.75,3.16,1.95,3.98,1.5,4.44,2.26,0.6,13.54,13.37,12.47,12.19,2.77,4.34,11.8,20.82,17.06,21.54,27.58,23.88,26.51,23.24
2009-04-02,600508,14.1,14.21,14.46,13.74,233499,329158125.0,5.12,1.0,0.14,8.6,-5.24,-2.47,-0.15,-1.31,0.66,-1.75,1.09,-1.02,-2.62,4.51,13.69,13.5,12.59,12.26,3.31,10.7,19.63,15.9,20.34,26.32,22.66,25.26,22.03,19.28
2009-04-03,600508,14.41,14.3,14.68,14.2,239716,346374126.0,3.38,0.63,0.09,8.83,-5.63,-3.38,-4.51,-2.61,-4.93,-2.18,-4.23,-5.77,1.13,1.83,13.82,13.6,12.72,12.33,10.0,18.88,15.17,19.58,25.52,21.89,24.48,21.26,18.53,17.9
2009-04-07,600508,14.79,15.73,15.73,14.78,220630,342869408.0,6.64,10.0,1.43,8.13,-7.17,-8.25,-6.43,-8.66,-6.02,-7.98,-9.47,-2.84,-2.17,-0.68,14.32,13.84,12.95,12.43,8.07,4.7,8.71,14.11,10.81,13.16,10.24,7.76,7.18,4.77
2009-04-08,600508,16.06,16.09,17.0,15.88,448298,730913975.0,7.12,2.29,0.36,16.51,-14.61,-12.91,-14.99,-12.53,-14.36,-15.74,-9.57,-8.94,-7.56,-0.94,14.88,14.12,13.18,12.57,2.36,6.28,11.56,8.33,10.63,7.77,5.34,4.79,2.42,2.86
2009-04-09,600508,16.01,16.09,16.47,15.43,240874,383458532.0,6.46,0.0,0.0,8.87,-10.37,-12.51,-9.98,-11.86,-13.29,-6.93,-6.29,-4.86,1.94,10.17,15.28,14.41,13.41,12.71,6.28,11.56,8.33,10.63,7.77,5.34,4.79,2.42,2.86,-1.24
2009-04-10,600508,16.25,17.05,17.1,16.0,365966,606467937.0,6.84,5.97,0.96,13.48,-15.62,-13.19,-15.0,-16.37,-10.25,-9.62,-8.25,-1.69,6.25,2.94,15.85,14.77,13.7,12.9,5.28,2.23,4.4,1.7,-0.59,-1.11,-3.34,-2.93,-6.8,-6.28
2009-04-13,600508,17.28,17.51,17.95,17.09,344552,603582357.0,5.04,2.7,0.46,12.69,-18.72,-20.42,-21.71,-15.97,-15.39,-14.1,-7.96,-0.53,-3.63,0.06,16.49,15.16,14.01,13.13,-0.46,1.66,-0.97,-3.2,-3.71,-5.88,-5.48,-9.25,-8.74,-9.94
2009-04-14,600508,17.4,17.17,17.43,16.88,204691,349680184.0,3.14,-1.94,-0.34,7.54,-19.43,-20.73,-14.93,-14.34,-13.03,-6.81,0.71,-2.43,1.3,6.34,16.78,15.55,14.3,13.33,3.67,0.99,-1.28,-1.81,-4.02,-3.61,-7.45,-6.93,-8.15,-5.94
2009-04-15,600508,17.0,17.22,17.8,16.67,201727,348326601.0,6.58,0.29,0.05,7.43,-19.74,-13.86,-13.26,-11.94,-5.64,1.98,-1.2,2.58,7.68,4.56,17.01,15.94,14.56,13.54,0.7,-1.57,-2.09,-4.3,-3.89,-7.72,-7.2,-8.42,-6.21,-4.18
2009-04-16,600508,17.31,16.81,17.34,16.69,141355,238523136.0,3.77,-2.38,-0.41,5.21,-13.96,-13.36,-12.04,-5.75,1.86,-1.32,2.46,7.55,4.43,6.65,17.15,16.22,14.79,13.72,0.83,0.3,-1.96,-1.55,-5.47,-4.94,-6.19,-3.93,-1.84,2.86
2009-04-17,600508,16.8,16.28,16.95,16.03,125782,206326688.0,5.47,-3.15,-0.53,4.63,-9.79,-8.42,-1.87,6.05,2.74,6.67,11.98,8.73,11.04,8.17,17.0,16.43,14.96,13.87,3.56,1.23,1.66,-2.4,-1.84,-3.13,-0.8,1.35,6.2,6.88
2009-04-20,600508,16.11,16.62,16.86,16.03,105038,173861038.0,5.1,2.09,0.34,3.87,-8.42,-1.87,6.05,2.74,6.67,11.98,8.73,11.04,8.17,5.74,16.82,16.66,15.13,14.03,-0.84,-0.42,-4.39,-3.85,-5.11,-2.83,-0.72,4.03,4.69,5.48
2009-04-21,600508,16.25,16.29,16.48,16.05,95427,155162798.0,2.59,-1.99,-0.33,3.51,-1.99,5.92,2.62,6.54,11.84,8.6,10.9,8.04,5.61,5.05,16.64,16.71,15.28,14.2,1.6,-2.46,-1.9,-3.19,-0.86,1.29,6.14,6.81,7.61,7.06
2009-04-22,600508,16.45,15.51,16.55,15.4,123806,197361444.0,7.06,-4.79,-0.78,4.56,10.39,6.95,11.04,16.56,13.18,15.58,12.6,10.06,9.48,7.01,16.3,16.66,15.39,14.34,2.45,3.03,1.68,4.13,6.38,11.48,12.19,13.02,12.44,13.48
2009-04-23,600508,15.3,15.83,15.89,15.2,137331,214449053.0,4.45,2.06,0.32,5.06,8.36,12.5,18.09,14.67,17.11,14.08,11.51,10.92,8.42,8.88,16.11,16.63,15.52,14.48,0.95,-0.38,2.02,4.23,9.22,9.92,10.74,10.17,11.18,8.72
2009-04-24,600508,15.98,15.46,15.98,15.42,87967,137233795.0,3.54,-2.34,-0.37,3.24,10.89,16.41,13.04,15.43,12.45,9.92,9.34,6.87,7.33,3.05,15.94,16.47,15.62,14.62,2.01,4.46,6.73,11.84,12.55,13.39,12.81,13.84,11.32,7.63
2009-04-28,600508,15.02,15.48,15.77,14.91,97466,149647844.0,5.56,0.13,0.02,3.59,20.39,16.9,19.38,16.3,13.68,13.08,10.53,11.0,6.57,7.18,15.71,16.27,15.71,14.76,4.33,6.59,11.69,12.4,13.24,12.66,13.7,11.18,7.49,12.4
2009-04-29,600508,15.5,16.05,16.15,15.3,124679,198638745.0,5.49,3.68,0.57,4.59,13.92,16.34,13.33,10.78,10.2,7.71,8.17,3.86,4.44,3.07,15.67,16.16,15.85,14.92,2.8,7.73,8.41,9.22,8.66,9.66,7.23,3.68,8.41,13.33
2009-04-30,600508,16.2,16.3,16.5,16.12,121544,198331329.0,2.37,1.56,0.25,4.48,10.42,7.57,5.15,4.59,2.23,2.67,-1.43,-0.87,-2.17,0.19,15.82,16.06,16.0,15.06,6.07,6.75,7.55,6.99,7.98,5.58,2.09,6.75,11.6,12.58
2009-05-04,600508,16.65,17.25,17.29,16.46,167937,284831271.0,5.09,5.83,0.95,6.18,5.35,2.98,2.43,0.12,0.55,-3.46,-2.92,-4.19,-1.88,0.24,16.11,16.11,16.16,15.23,0.87,1.62,1.1,2.03,-0.23,-3.54,0.87,5.45,6.38,10.61
2009-05-05,600508,17.4,16.87,17.4,16.78,140043,237451715.0,3.59,-2.2,-0.38,5.16,1.01,0.48,-1.79,-1.37,-5.3,-4.77,-6.02,-3.75,-1.67,3.04,16.39,16.17,16.3,15.36,3.91,3.38,4.33,2.02,-1.36,3.14,7.82,8.77,13.1,14.58
2009-05-06,600508,16.96,17.25,17.53,16.8,185613,320397396.0,4.33,2.25,0.38,6.84,0.36,-1.9,-1.49,-5.42,-4.88,-6.13,-3.87,-1.79,2.92,3.57,16.74,16.23,16.44,15.5,1.1,2.03,-0.23,-3.54,0.87,5.45,6.38,10.61,12.06,13.04
2009-05-07,600508,17.31,17.24,17.44,16.64,174169,296259003.0,4.64,-0.06,-0.01,6.41,-0.96,-0.54,-4.51,-3.97,-5.23,-2.94,-0.84,3.91,4.57,5.35,16.98,16.32,16.52,15.62,2.09,-0.17,-3.48,0.93,5.51,6.44,10.67,12.12,13.11,10.73
2009-05-08,600508,17.0,17.1,17.6,16.82,187813,325163436.0,4.52,-0.81,-0.14,6.92,-1.61,-5.53,-4.99,-6.24,-3.98,-1.9,2.79,3.45,4.22,3.69,17.14,16.48,16.57,15.75,0.64,-2.69,1.75,6.37,7.31,11.58,13.04,14.04,11.64,4.39
2009-05-11,600508,17.09,16.07,17.21,16.02,155191,257406607.0,6.96,-6.02,-1.03,5.72,-0.81,-0.25,-1.56,0.81,3.0,7.93,8.61,9.43,8.86,9.86,16.91,16.51,16.57,15.85,3.55,8.28,13.19,14.19,18.73,20.29,21.34,18.79,11.08,10.58
2009-05-12,600508,15.73,16.62,16.64,15.73,85604,139155799.0,5.66,3.42,0.55,3.15,1.59,0.25,2.67,4.9,9.92,10.62,11.44,10.87,11.89,9.41,16.86,16.62,16.55,15.95,4.69,9.45,10.41,14.8,16.31,17.33,14.86,7.4,6.92,6.2
2009-05-13,600508,16.66,16.98,17.4,16.55,163822,279953817.0,5.11,2.17,0.36,6.03,-4.71,-2.42,-0.3,4.47,5.14,5.92,5.38,6.34,3.99,0.54,16.8,16.77,16.52,16.07,7.13,8.07,12.37,13.84,14.84,12.43,5.12,4.65,3.95,2.18
2009-05-14,600508,16.77,18.1,18.19,16.62,341927,605584749.0,9.25,6.6,1.12,12.59,-2.83,-0.72,4.03,4.69,5.48,4.93,5.9,3.55,0.12,4.69,16.97,16.98,16.57,16.23,1.38,5.41,6.8,7.73,5.47,-1.38,-1.82,-2.49,-4.14,-0.39
2009-05-15,600508,18.05,17.9,18.35,17.66,242162,434710438.0,3.81,-1.1,-0.2,8.92,-6.57,-2.1,-1.47,-0.74,-1.25,-0.34,-2.55,-5.78,-1.47,3.0,17.13,17.14,16.6,16.38,6.59,7.99,8.94,6.65,-0.28,-0.73,-1.4,-3.07,0.73,2.01
2009-05-18,600508,17.66,18.75,19.08,17.2,261181,473276887.0,10.5,4.75,0.85,9.62,0.52,1.16,1.92,1.4,2.33,0.06,-3.26,1.16,5.76,6.69,17.67,17.29,16.7,16.54,3.09,4.0,1.81,-4.8,-5.23,-5.87,-7.47,-3.84,-2.61,-3.57
2009-05-19,600508,18.88,18.7,19.33,18.51,233550,441242848.0,4.37,-0.27,-0.05,8.6,-6.0,-5.29,-5.78,-4.92,-7.02,-10.1,-6.0,-1.73,-0.86,3.08,18.09,17.47,16.82,16.69,4.28,2.09,-4.55,-4.97,-5.61,-7.22,-3.58,-2.35,-3.32,-4.28
2009-05-20,600508,18.7,18.81,19.5,18.55,230471,440494047.0,5.08,0.59,0.11,8.49,-5.5,-5.98,-5.12,-7.22,-10.3,-6.2,-1.94,-1.08,2.86,4.2,18.45,17.63,16.93,16.84,1.49,-5.1,-5.53,-6.17,-7.76,-4.15,-2.92,-3.88,-4.84,1.54
2009-05-21,600508,18.69,17.91,19.09,17.8,228993,417419996.0,6.86,-4.78,-0.9,8.43,-2.02,-1.12,-3.31,-6.52,-2.25,2.19,3.09,7.19,8.6,9.55,18.41,17.69,17.01,16.91,-0.34,-0.78,-1.45,-3.13,0.67,1.95,0.95,-0.06,6.64,4.86
2009-05-22,600508,17.85,17.45,17.85,17.26,127533,223206222.0,3.29,-2.57,-0.46,4.7,1.97,-0.29,-3.59,0.81,5.39,6.32,10.54,11.99,12.98,10.6,18.32,17.73,17.11,16.96,1.83,1.15,-0.57,3.32,4.64,3.61,2.58,9.46,7.62,5.33
2009-05-25,600508,16.76,17.63,17.77,16.68,136630,233874026.0,6.25,1.03,0.18,5.03,3.18,-0.24,4.32,9.05,10.01,14.39,15.89,16.91,14.45,7.01,18.1,17.89,17.2,17.01,0.11,-1.59,2.27,3.57,2.55,1.53,8.34,6.52,4.25,2.84
2009-05-26,600508,17.6,16.93,17.65,16.9,140213,241303086.0,4.25,-3.97,-0.7,5.16,-1.54,2.96,7.63,8.58,12.9,14.38,15.38,12.96,5.62,5.15,17.75,17.92,17.27,17.0,2.48,6.5,7.86,6.79,5.73,12.82,10.93,8.56,7.09,6.67
2009-05-27,600508,17.0,17.02,17.35,16.81,82082,140153672.0,3.19,0.53,0.09,3.02,3.51,8.21,9.16,13.5,14.99,16.0,13.56,6.19,5.71,5.0,17.39,17.92,17.35,16.99,5.93,7.29,6.23,5.17,12.22,10.34,7.99,6.52,6.11,4.99
2009-06-01,600508,17.31,17.95,18.03,17.31,157037,278867925.0,4.23,5.46,0.93,5.78,5.08,6.01,10.23,11.67,12.65,10.28,3.12,2.66,1.96,0.23,17.4,17.91,17.44,17.01,1.73,0.72,-0.28,6.41,4.62,2.4,1.0,0.61,-0.45,-3.9
2009-06-02,600508,18.1,17.75,18.26,17.63,123133,220349376.0,3.51,-1.11,-0.2,4.53,4.08,8.22,9.64,10.61,8.28,1.25,0.79,0.11,-1.59,2.27,17.46,17.89,17.51,17.03,1.86,0.85,7.61,5.8,3.55,2.14,1.75,0.68,-2.82,-1.86
2009-06-03,600508,17.7,17.77,18.08,17.61,110090,195819614.0,2.65,0.11,0.02,4.05,8.35,9.77,10.73,8.4,1.36,0.91,0.23,-1.48,2.39,3.69,17.48,17.79,17.54,17.06,0.73,7.48,5.68,3.43,2.03,1.63,0.56,-2.93,-1.97,-0.96
2009-06-04,600508,17.7,17.82,17.9,17.2,112108,196446719.0,3.94,0.28,0.05,4.13,12.38,13.37,10.99,3.78,3.31,2.62,0.87,4.83,6.16,5.12,17.66,17.7,17.59,17.11,7.18,5.39,3.14,1.74,1.35,0.28,-3.2,-2.24,-1.23,2.41
2009-06-05,600508,18.01,18.69,19.1,17.92,348352,646478703.0,6.62,4.88,0.87,12.83,8.82,6.53,-0.39,-0.84,-1.51,-3.18,0.61,1.9,0.89,-0.11,18.0,17.69,17.66,17.18,0.48,-1.66,-3.0,-3.37,-4.39,-7.7,-6.8,-5.83,-2.35,-3.8
2009-06-08,600508,18.63,18.17,18.78,18.01,148993,271837801.0,4.12,-2.78,-0.52,5.49,6.0,-0.89,-1.33,-2.0,-3.66,0.11,1.39,0.39,-0.61,6.05,18.04,17.72,17.71,17.25,1.16,-0.22,-0.61,-1.65,-5.06,-4.13,-3.14,0.44,-1.05,-2.31
2009-06-09,600508,18.28,17.83,18.38,17.45,149332,265002004.0,5.12,-1.87,-0.34,5.5,2.29,1.83,1.15,-0.57,3.32,4.64,3.61,2.58,9.46,7.62,18.06,17.76,17.74,17.32,1.68,1.29,0.22,-3.25,-2.3,-1.29,2.36,0.84,-0.45,-2.3
2009-06-10,600508,18.0,18.04,18.13,17.71,115314,206885034.0,2.36,1.18,0.21,4.25,0.34,-0.34,-2.03,1.81,3.11,2.09,1.07,7.85,6.04,3.78,18.11,17.8,17.84,17.4,0.11,-0.94,-4.38,-3.44,-2.44,1.16,-0.33,-1.61,-3.44,-0.94
2009-06-11,600508,18.04,17.6,18.06,17.52,105788,187667092.0,2.99,-2.44,-0.44,3.9,0.74,-0.97,2.91,4.22,3.2,2.17,9.02,7.19,4.91,3.48,18.07,17.86,17.89,17.47,1.53,-1.99,-1.02,0.0,3.69,2.16,0.85,-1.02,1.53,2.56
2009-06-12,600508,17.6,17.24,17.87,17.16,103346,180904716.0,4.03,-2.05,-0.36,3.81,1.11,5.07,6.41,5.36,4.31,11.31,9.44,7.11,5.65,5.24,17.78,17.89,17.9,17.53,0.06,1.04,2.09,5.86,4.29,2.96,1.04,3.65,4.7,4.35
2009-06-15,600508,17.24,17.21,17.25,16.7,76478,129899214.0,3.19,-0.17,-0.03,2.82,7.96,9.34,8.26,7.19,14.37,12.46,10.06,8.56,8.14,7.01,17.58,17.81,17.86,17.56,1.22,2.27,6.04,4.47,3.14,1.22,3.83,4.88,4.53,6.97
2009-06-16,600508,16.95,17.25,17.42,16.85,44195,76038326.0,3.31,0.23,0.04,1.63,8.37,7.3,6.23,13.35,11.45,9.08,7.6,7.18,6.05,2.37,17.47,17.76,17.83,17.6,2.03,5.8,4.23,2.9,0.99,3.59,4.64,4.29,6.72,8.46
2009-06-17,600508,17.2,17.52,17.6,17.05,62212,107845843.0,3.19,1.57,0.27,2.29,6.04,4.99,12.02,10.15,7.8,6.33,5.92,4.81,1.17,2.17,17.36,17.74,17.76,17.61,4.17,2.63,1.31,-0.57,2.0,3.03,2.68,5.08,6.79,5.02
2009-06-18,600508,17.53,17.93,18.25,17.52,135809,244215470.0,4.17,2.34,0.41,5.0,2.17,9.02,7.19,4.91,3.48,3.08,2.0,-1.54,-0.57,0.46,17.43,17.75,17.73,17.64,0.28,-1.0,-2.84,-0.33,0.67,0.33,2.68,4.35,2.62,5.86
2009-06-19,600508,17.98,17.58,17.98,17.44,99422,174844965.0,3.01,-1.95,-0.35,3.66,9.52,7.68,5.39,3.96,3.56,2.47,-1.09,-0.11,0.92,4.64,17.5,17.64,17.66,17.65,0.97,-0.91,1.65,2.67,2.33,4.72,6.43,4.66,7.96,11.38
2009-06-22,600508,17.62,17.4,17.75,17.28,67456,117742382.0,2.67,-1.02,-0.18,2.48,8.68,6.37,4.92,4.51,3.41,-0.17,0.81,1.85,5.61,4.05,17.54,17.56,17.64,17.66,0.11,2.7,3.74,3.39,5.8,7.53,5.75,9.08,12.53,20.98
2009-06-23,600508,17.17,17.23,17.42,17.06,58102,99988238.0,2.07,-0.98,-0.17,2.14,7.74,6.27,5.86,4.75,1.11,2.11,3.17,6.98,5.39,4.04,17.53,17.5,17.63,17.66,3.71,4.76,4.41,6.85,8.59,6.79,10.16,13.64,22.17,25.3
2009-06-24,600508,17.25,17.83,17.87,17.23,129243,228689337.0,3.71,3.48,0.6,4.76,5.22,4.82,3.71,0.12,1.1,2.15,5.92,4.35,3.02,1.1,17.59,17.48,17.64,17.72,1.23,0.9,3.25,4.94,3.2,6.45,9.81,18.06,21.09,19.46
2009-06-25,600508,17.89,17.54,18.05,17.43,87566,154959325.0,3.48,-1.63,-0.29,3.22,3.61,2.52,-1.03,-0.06,0.98,4.7,3.16,1.84,-0.06,2.52,17.52,17.47,17.67,17.75,2.57,4.96,6.67,4.9,8.21,11.63,20.01,23.09,21.44,26.57
2009-06-26,600508,17.71,17.63,17.99,17.57,84029,149227564.0,2.39,0.51,0.09,3.09,1.71,-1.82,-0.85,0.17,3.87,2.33,1.02,-0.85,1.71,2.73,17.53,17.51,17.7,17.77,4.42,6.13,4.37,7.66,11.06,19.4,22.46,20.82,25.92,29.04
2009-06-29,600508,17.6,18.29,18.41,17.54,188267,341001765.0,4.93,3.74,0.66,6.93,-1.65,-0.68,0.34,4.05,2.51,1.2,-0.68,1.88,2.91,2.57,17.7,17.62,17.72,17.78,2.3,0.6,3.77,7.05,15.09,18.04,16.46,21.38,24.38,19.9
2009-06-30,600508,18.5,18.21,18.71,18.08,169923,313242594.0,3.44,-0.44,-0.08,6.26,-3.65,-2.65,0.94,-0.55,-1.83,-3.65,-1.16,-0.17,-0.5,1.83,17.9,17.72,17.74,17.79,1.04,4.23,7.52,15.6,18.56,16.97,21.91,24.93,20.43,19.71
2009-07-01,600508,18.08,18.29,18.4,18.01,119460,217925781.0,2.14,0.44,0.08,4.4,-2.28,1.33,-0.17,-1.44,-3.28,-0.78,0.22,-0.11,2.22,3.89,17.99,17.79,17.77,17.77,3.77,7.05,15.09,18.04,16.46,21.38,24.38,19.9,19.19,27.83
2009-07-02,600508,18.34,18.93,18.98,18.33,231101,434039473.0,3.55,3.5,0.64,8.51,-0.44,-1.91,-3.16,-4.96,-2.51,-1.53,-1.85,0.44,2.07,0.38,18.27,17.89,17.82,17.78,3.43,11.2,14.05,12.52,17.27,20.18,15.85,15.16,23.51,28.1
2009-07-03,600508,18.7,19.47,19.58,18.58,252487,486438017.0,5.28,2.85,0.54,9.3,-3.23,-4.47,-6.24,-3.82,-2.85,-3.18,-0.91,0.7,-0.97,2.15,18.64,18.08,17.86,17.8,8.12,10.89,9.4,14.02,16.85,12.63,11.97,20.08,24.55,25.83
2009-07-06,600508,19.7,20.86,21.05,19.68,361403,738176652.0,7.04,7.14,1.39,13.31,-9.81,-11.48,-9.2,-8.28,-8.59,-6.45,-4.93,-6.5,-3.56,-0.51,19.15,18.43,17.99,17.9,3.5,2.11,6.42,9.06,5.13,4.51,12.08,16.25,17.45,27.95
2009-07-07,600508,20.9,20.48,21.59,20.45,411620,865909413.0,5.47,-1.82,-0.38,15.16,-14.82,-12.62,-11.74,-12.03,-9.98,-8.51,-10.02,-7.19,-4.25,2.93,19.61,18.75,18.13,18.0,4.0,8.4,11.08,7.08,6.45,14.16,18.41,19.63,30.32,32.67
2009-07-08,600508,20.18,21.2,21.3,19.7,281404,576413113.0,7.81,3.52,0.72,10.36,-9.29,-8.38,-8.68,-6.55,-5.03,-6.6,-3.65,-0.61,6.85,9.59,20.19,19.09,18.28,18.12,4.72,7.31,3.44,2.83,10.28,14.39,15.57,25.9,28.16,33.49
2009-07-09,600508,21.25,21.89,22.2,20.99,272342,587937445.0,5.71,3.25,0.69,10.03,-14.01,-14.29,-12.29,-10.86,-12.34,-9.58,-6.72,0.29,2.86,1.48,20.78,19.53,18.5,18.29,3.93,0.18,-0.41,6.81,10.78,11.92,21.93,24.12,29.28,28.14
2009-07-10,600508,21.7,21.92,22.75,21.63,176761,393973229.0,5.12,0.14,0.03,6.51,-16.83,-14.89,-13.5,-14.93,-12.25,-9.48,-2.68,-0.18,-1.53,2.64,21.27,19.95,18.73,18.45,0.05,-0.55,6.66,10.63,11.77,21.76,23.95,29.11,27.97,29.79
2009-07-13,600508,21.69,21.18,21.93,20.86,160992,343396917.0,4.88,-3.38,-0.74,5.93,-11.74,-10.31,-11.79,-9.01,-6.14,0.91,3.5,2.11,6.42,9.06,21.33,20.24,18.93,18.56,2.93,10.39,14.49,15.68,26.02,28.28,33.62,32.44,34.32,31.21
2009-07-14,600508,21.15,21.25,21.8,21.13,135015,288440398.0,3.16,0.33,0.07,4.97,-11.45,-12.92,-10.18,-7.34,-0.38,2.18,0.8,5.06,7.67,3.79,21.49,20.55,19.13,18.67,10.02,14.12,15.29,25.6,27.86,33.18,32.0,33.88,30.78,29.41
2009-07-15,600508,21.25,22.76,23.38,20.81,249998,554782470.0,12.09,7.11,1.51,9.21,-11.58,-8.79,-5.91,1.15,3.75,2.35,6.68,9.32,5.38,4.76,21.8,20.99,19.39,18.84,6.55,7.64,17.27,19.38,24.34,23.24,25.0,22.1,20.83,17.14
2009-07-16,600508,22.78,23.29,24.25,22.78,219009,517938984.0,6.46,2.33,0.53,8.07,-16.68,-14.05,-7.59,-5.22,-6.5,-2.55,-0.13,-3.73,-4.3,2.63,22.08,21.43,19.66,19.02,5.2,14.6,16.66,21.51,20.44,22.16,19.32,18.08,14.47,9.75
2009-07-17,600508,23.27,24.26,24.5,23.27,187441,451376627.0,5.28,4.16,0.97,6.9,-15.86,-9.54,-7.22,-8.47,-4.6,-2.23,-5.76,-6.32,0.47,4.21,22.55,21.91,20.0,19.21,10.02,12.0,16.65,15.62,17.27,14.55,13.36,9.89,5.36,8.74
2009-07-20,600508,24.55,26.69,26.69,24.55,291919,756863657.0,8.82,10.02,2.43,10.75,-14.26,-12.06,-13.24,-9.57,-7.33,-10.67,-11.2,-4.77,-1.22,-0.2,23.65,22.49,20.46,19.49,1.8,6.03,5.1,6.59,4.12,3.03,-0.11,-4.23,-1.16,-0.52
2009-07-21,600508,27.0,26.01,27.17,25.8,209826,554978143.0,5.13,-2.55,-0.68,7.73,-16.32,-17.44,-13.95,-11.82,-15.0,-15.5,-9.38,-6.01,-5.04,3.45,24.6,23.04,20.9,19.77,8.8,7.84,9.38,6.84,5.73,2.5,-1.73,1.42,2.08,8.11
2009-07-22,600508,25.87,27.92,28.3,25.7,215264,592186505.0,10.0,7.34,1.91,7.93,-17.12,-13.62,-11.48,-14.67,-15.18,-9.03,-5.64,-4.67,3.85,5.72,25.63,23.72,21.4,20.1,0.47,1.9,-0.47,-1.5,-4.51,-8.45,-5.52,-4.91,0.72,-0.79
2009-07-23,600508,27.89,27.66,28.05,27.2,128229,354048159.0,3.04,-0.93,-0.26,4.72,-18.38,-16.36,-19.37,-19.85,-14.04,-10.85,-9.93,-1.87,-0.11,4.04,26.51,24.29,21.91,20.43,2.86,0.47,-0.58,-3.62,-7.59,-4.63,-4.01,1.66,0.14,-6.04
2009-07-24,600508,27.75,27.39,28.45,26.75,202636,559766112.0,6.15,-0.98,-0.27,7.46,-14.95,-18.02,-18.5,-12.6,-9.35,-8.41,-0.22,1.57,5.79,4.86,27.13,24.84,22.4,20.77,1.46,0.4,-2.67,-6.68,-3.69,-3.07,2.67,1.13,-5.11,-7.05
2009-07-27,600508,27.4,27.34,27.79,26.45,159529,430245598.0,4.89,-0.18,-0.05,5.88,-17.09,-17.58,-11.61,-8.32,-7.37,0.91,2.72,6.99,6.05,7.56,27.26,25.46,22.85,21.11,0.59,-2.49,-6.51,-3.51,-2.89,2.85,1.32,-4.94,-6.88,-10.39
2009-07-28,600508,27.38,26.75,27.5,26.46,119146,319178432.0,3.8,-2.16,-0.59,4.39,-17.61,-11.64,-8.35,-7.41,0.87,2.68,6.95,6.01,7.52,5.03,27.41,26.01,23.28,21.42,-0.34,-4.45,-1.38,-0.75,5.12,3.55,-2.84,-4.82,-8.41,-10.5
2009-07-29,600508,26.55,24.83,26.66,24.08,167876,426511811.0,9.64,-7.18,-1.92,6.18,-2.91,0.71,1.74,10.84,12.83,17.52,16.49,18.15,15.41,14.2,26.79,26.21,23.6,21.67,2.94,6.24,6.93,13.25,11.56,4.67,2.54,-1.33,-3.58,-4.99
2009-07-30,600508,24.8,25.48,25.56,23.6,155720,384533360.0,7.89,2.62,0.65,5.73,2.75,3.81,13.09,15.13,19.92,18.86,20.55,17.75,16.53,12.97,26.36,26.43,23.93,21.92,3.53,4.2,10.36,8.71,2.0,-0.08,-3.85,-6.04,-7.42,-7.22
2009-07-31,600508,26.3,25.98,26.38,25.4,136847,354838306.0,3.85,1.96,0.5,5.04,-3.54,5.08,6.97,11.42,10.43,12.01,9.41,8.27,4.96,0.63,26.08,26.6,24.26,22.2,2.19,8.24,6.62,0.04,-2.0,-5.7,-7.85,-9.2,-9.01,-12.82
2009-08-03,600508,26.01,26.16,26.55,25.21,129199,335903067.0,5.16,0.69,0.18,4.76,5.87,7.77,12.26,11.27,12.85,10.23,9.08,5.75,1.39,4.64,25.84,26.55,24.52,22.49,7.49,5.89,-0.65,-2.68,-6.35,-8.49,-9.82,-9.63,-13.42,-17.62
2009-08-04,600508,26.1,27.99,28.12,25.8,207045,557205000.0,8.87,7.0,1.83,7.63,5.31,9.69,8.72,10.27,7.71,6.59,3.33,-0.93,2.25,2.91,26.09,26.75,24.9,22.85,-1.04,-7.15,-9.04,-12.47,-14.47,-15.72,-15.54,-19.08,-23.01,-22.12
2009-08-05,600508,27.7,26.56,27.7,25.98,191241,511258344.0,6.15,-5.11,-1.43,7.04,8.93,7.97,9.51,6.97,5.85,2.62,-1.62,1.54,2.19,8.24,26.43,26.61,25.17,23.14,-2.15,-4.14,-7.76,-9.86,-11.18,-10.99,-14.72,-18.86,-17.92,-19.43
2009-08-06,600508,25.99,25.12,25.99,25.0,114357,290799385.0,3.73,-5.42,-1.44,4.21,12.2,13.8,11.16,10.0,6.64,2.24,5.52,6.2,12.48,10.8,26.36,26.36,25.33,23.39,1.35,-2.47,-4.7,-6.09,-5.89,-9.83,-14.21,-13.22,-14.81,-10.99
2009-08-07,600508,25.16,23.81,25.46,23.7,140511,342099002.0,7.01,-5.21,-1.31,5.17,20.04,17.26,16.03,12.49,7.85,11.31,12.03,18.65,16.88,9.66,25.93,26.0,25.42,23.6,2.9,0.55,-0.92,-0.71,-4.87,-9.49,-8.44,-10.12,-6.09,-4.24
2009-08-10,600508,24.35,23.57,24.5,22.98,115792,274045507.0,6.38,-1.01,-0.24,4.26,20.93,19.67,16.01,11.23,14.8,15.54,22.37,20.54,13.1,10.79,25.41,25.63,25.54,23.77,1.57,0.08,0.3,-3.9,-8.57,-7.51,-9.21,-5.13,-3.27,-5.18
2009-08-11,600508,23.72,23.75,23.94,22.94,89595,210346418.0,4.24,0.76,0.18,3.3,19.88,16.22,11.42,15.0,15.74,22.58,20.75,13.3,10.99,6.8,24.56,25.33,25.67,23.96,-0.67,-0.46,-4.63,-9.26,-8.21,-9.89,-5.85,-4.0,-5.89,-6.53
2009-08-12,600508,23.58,22.58,23.59,22.56,86006,197048267.0,4.34,-4.93,-1.17,3.17,18.17,13.3,16.93,17.69,24.65,22.78,15.2,12.85,8.6,6.12,23.77,25.1,25.66,24.1,4.69,0.31,-4.56,-3.45,-5.23,-0.97,0.97,-1.02,-1.68,-2.35
2009-08-13,600508,22.55,23.49,23.64,22.25,120488,278739119.0,6.16,4.03,0.91,4.44,14.88,18.56,19.33,26.38,24.49,16.81,14.43,10.11,7.6,6.02,23.44,24.9,25.67,24.25,-3.58,-8.26,-7.19,-8.9,-4.81,-2.94,-4.85,-5.49,-6.13,-7.11
2009-08-17,600508,21.95,21.14,22.65,21.14,99771,216750887.0,6.43,-10.0,-2.35,3.67,24.79,25.59,33.02,31.03,22.94,20.44,15.89,13.25,11.59,11.83,22.91,24.42,25.51,24.31,1.94,3.12,1.23,5.77,7.85,5.72,5.01,4.3,3.22,-5.25
2009-08-18,600508,20.6,21.3,21.55,20.35,73779,154683525.0,5.68,0.76,0.16,2.72,30.47,38.18,36.12,27.71,25.11,20.39,17.64,15.92,16.17,11.3,22.45,23.93,25.24,24.32,2.35,0.47,4.98,7.04,4.93,4.23,3.52,2.44,-5.96,-11.83
2009-08-19,600508,21.5,19.77,21.8,19.6,88597,184661785.0,10.33,-7.18,-1.53,3.26,43.47,41.33,32.6,29.9,25.0,22.14,20.36,20.61,15.56,9.95,21.66,23.11,24.93,24.3,8.24,13.1,15.33,13.05,12.29,11.53,10.37,1.32,-5.01,-3.29
2009-08-20,600508,20.08,21.39,21.4,20.08,146749,306772590.0,6.68,8.19,1.62,5.4,37.95,29.43,26.79,22.01,19.22,17.48,17.73,12.8,7.32,8.57,21.42,22.59,24.6,24.31,4.53,6.59,4.49,3.79,3.09,2.01,-6.36,-12.2,-10.61,-4.77
2009-08-21,600508,21.52,22.08,22.36,21.0,149096,322974868.0,6.36,3.23,0.69,5.49,23.76,21.24,16.67,14.0,12.33,12.57,7.86,2.62,3.81,1.9,21.14,22.29,24.32,24.31,3.26,1.22,0.54,-0.14,-1.18,-9.28,-14.95,-13.41,-7.74,-5.34
2009-08-24,600508,21.99,22.61,22.8,21.81,114745,257532017.0,4.48,2.4,0.53,4.23,16.74,12.33,9.77,8.16,8.39,3.85,-1.19,-0.05,-1.88,2.52,21.43,22.17,24.09,24.34,-1.15,-1.81,-2.48,-3.49,-11.41,-16.94,-15.44,-9.91,-7.56,-7.65
2009-08-25,600508,22.35,21.56,22.35,20.6,117226,250772630.0,7.74,-4.64,-1.05,4.32,18.93,16.21,14.51,14.76,9.95,4.61,5.83,3.88,8.54,10.68,21.48,21.97,23.8,24.35,2.97,2.27,1.21,-7.1,-12.89,-11.32,-5.52,-3.06,-3.15,-1.95
2009-08-26,600508,21.09,21.7,22.2,20.9,80051,174057104.0,6.03,0.65,0.14,2.95,14.55,12.87,13.11,8.37,3.11,4.31,2.39,6.99,9.09,6.94,21.87,21.76,23.54,24.36,1.61,0.55,-7.7,-13.46,-11.89,-6.13,-3.69,-3.78,-2.58,0.41
2009-08-27,600508,21.55,21.5,22.05,21.18,63443,136923246.0,4.01,-0.92,-0.2,2.34,11.38,11.61,6.94,1.75,2.93,1.04,5.57,7.65,5.52,4.82,21.89,21.65,23.38,24.32,1.49,-6.84,-12.65,-11.07,-5.26,-2.79,-2.88,-1.67,1.35,0.51
2009-08-28,600508,21.5,20.47,21.82,20.35,122098,253281917.0,6.84,-4.79,-1.03,4.5,16.17,11.3,5.9,7.13,5.16,9.88,12.04,9.83,9.09,8.35,21.57,21.35,23.13,24.23,-2.15,-8.26,-6.6,-0.49,2.1,2.0,3.27,6.45,5.57,9.92
2009-08-31,600508,20.01,18.42,20.03,18.42,121171,228593177.0,7.87,-10.01,-2.05,4.46,22.96,16.99,18.35,16.18,21.39,23.78,21.34,20.52,19.71,18.46,20.73,21.08,22.75,24.03,1.95,3.8,10.59,13.46,13.36,14.77,18.3,17.32,22.15,22.15
2009-09-01,600508,17.81,18.15,18.78,17.81,68226,124745673.0,5.27,-1.47,-0.27,2.51,21.0,22.4,20.16,25.55,28.02,25.49,24.65,23.81,22.52,12.46,20.05,20.77,22.35,23.75,5.34,12.23,15.15,15.04,16.47,20.06,19.06,23.97,23.97,28.65
2009-09-02,600508,18.37,18.81,19.12,18.2,81831,153437380.0,5.07,3.64,0.66,3.01,19.78,17.58,22.86,25.27,22.8,21.98,21.15,19.89,10.05,3.19,19.47,20.67,21.89,23.51,8.29,11.11,11.0,12.39,15.84,14.89,19.62,19.62,24.14,21.53
2009-09-03,600508,18.81,20.26,20.37,18.7,115095,227268929.0,8.88,7.71,1.45,4.24,14.44,19.57,21.93,19.52,18.72,17.91,16.68,7.11,0.43,2.25,19.22,20.56,21.57,23.25,3.16,3.06,4.34,7.55,6.66,11.06,11.06,15.25,12.83,13.92
2009-09-04,600508,20.25,20.27,20.9,20.01,88971,182332377.0,4.39,0.05,0.01,3.28,11.74,13.94,11.69,10.94,10.19,9.05,0.1,-6.15,-4.45,1.8,19.18,20.38,21.33,23.01,3.01,4.29,7.5,6.61,11.0,11.0,15.19,12.78,13.86,13.91
2009-09-07,600508,20.3,20.34,20.88,20.01,73211,150243237.0,4.29,0.35,0.07,2.7,13.94,11.69,10.94,10.19,9.05,0.1,-6.15,-4.45,1.8,4.45,19.57,20.15,21.16,22.77,3.93,7.13,6.24,10.62,10.62,14.8,12.39,13.47,13.52,9.59
2009-09-08,600508,20.26,21.0,21.14,19.51,132984,272478147.0,8.01,3.24,0.66,4.9,14.56,13.79,13.02,11.84,2.67,-3.74,-2.0,4.41,7.12,7.02,20.14,20.09,21.03,22.56,3.76,2.9,7.14,7.14,11.19,8.86,9.9,9.95,6.14,5.14
2009-09-09,600508,21.4,21.49,21.79,21.0,145860,313186726.0,3.76,2.33,0.49,5.37,5.71,5.0,3.9,-4.62,-10.57,-8.95,-3.0,-0.48,-0.57,0.67,20.67,20.07,20.92,22.39,0.56,4.7,4.7,8.66,6.38,7.4,7.45,3.72,2.75,0.0
2009-09-10,600508,21.5,21.24,21.61,21.15,87506,187136054.0,2.14,-1.16,-0.25,3.22,4.26,3.17,-5.3,-11.21,-9.6,-3.69,-1.18,-1.28,-0.05,3.03,20.87,20.05,20.85,22.27,5.93,5.93,9.93,7.63,8.66,8.71,4.94,3.95,1.18,-2.17
2009-09-11,600508,21.24,22.15,22.5,21.1,129645,284558220.0,6.59,4.28,0.91,4.77,3.41,-5.07,-11.0,-9.38,-3.46,-0.95,-1.04,0.19,3.27,2.42,21.24,20.21,20.78,22.16,1.58,5.42,3.21,4.2,4.24,0.63,-0.32,-2.98,-6.19,-7.09
2009-09-14,600508,21.94,22.41,22.5,21.79,84336,187885141.0,3.21,1.17,0.26,3.11,-8.08,-13.81,-12.25,-6.52,-4.08,-4.18,-2.98,0.0,-0.83,3.26,21.66,20.61,20.85,22.04,4.19,2.01,2.99,3.03,-0.54,-1.47,-4.11,-7.27,-8.17,-8.34
2009-09-15,600508,22.41,22.66,23.35,22.37,123776,283345870.0,4.37,1.12,0.25,4.56,-16.05,-14.53,-8.94,-6.57,-6.66,-5.5,-2.59,-3.4,0.58,0.58,21.99,21.06,20.91,21.92,0.88,1.85,1.9,-1.63,-2.56,-5.16,-8.3,-9.18,-9.36,-13.9
2009-09-16,600508,22.74,22.44,22.86,21.72,104253,232599756.0,5.03,-0.97,-0.22,3.84,-11.97,-6.22,-3.78,-3.87,-2.67,0.32,-0.51,3.59,3.59,7.5,22.18,21.43,21.05,21.73,2.85,2.9,-0.67,-1.6,-4.23,-7.4,-8.29,-8.47,-13.06,-11.32
2009-09-17,600508,22.61,22.74,23.08,22.6,75918,173439144.0,2.14,1.34,0.3,2.8,-9.87,-7.52,-7.61,-6.46,-3.58,-4.38,-0.44,-0.44,3.32,1.15,22.48,21.67,21.12,21.61,1.54,-1.98,-2.9,-5.5,-8.62,-9.5,-9.67,-14.2,-12.49,-5.89
2009-09-18,600508,22.85,21.77,23.09,21.05,95025,211968503.0,8.97,-4.27,-0.97,3.5,-0.71,-0.81,0.43,3.52,2.66,6.89,6.89,10.93,8.6,9.64,22.4,21.82,21.1,21.5,2.39,1.42,-1.29,-4.55,-5.47,-5.65,-10.38,-8.59,-1.7,-1.98
2009-09-21,600508,21.45,22.17,22.29,20.6,78242,168083221.0,7.76,1.84,0.4,2.88,1.36,2.62,5.78,4.9,9.22,9.22,13.35,10.97,12.04,12.09,22.36,22.01,21.08,21.44,-0.41,-3.07,-6.27,-7.17,-7.35,-12.0,-10.24,-3.47,-3.74,-2.48
2009-09-22,600508,22.03,21.1,22.08,20.9,94542,202510638.0,5.32,-4.83,-1.07,3.48,1.15,4.26,3.4,7.66,7.66,11.72,9.38,10.43,10.48,6.65,22.04,22.02,21.05,21.36,1.85,-1.52,-2.46,-2.65,-7.54,-5.69,1.42,1.14,2.46,4.08
2009-09-23,600508,21.11,20.3,21.49,20.1,75264,155356972.0,6.59,-3.79,-0.8,2.77,8.41,7.51,11.94,11.94,16.17,13.73,14.83,14.88,10.9,9.85,21.62,21.9,20.98,21.24,2.36,1.38,1.18,-3.89,-1.97,5.42,5.12,6.5,8.18,8.28
2009-09-24,600508,19.92,20.22,20.78,19.42,59433,119385741.0,6.7,-0.39,-0.08,2.19,11.28,15.86,15.86,20.24,17.71,18.85,18.9,14.78,13.7,10.66,21.11,21.8,20.92,21.16,1.78,1.58,-3.51,-1.58,5.84,5.54,6.92,8.61,8.7,8.8
2009-09-25,600508,20.0,20.28,20.58,19.72,38987,78605077.0,4.25,0.3,0.06,1.44,14.1,14.1,18.41,15.92,17.04,17.09,13.03,11.97,8.98,5.38,20.81,21.61,20.91,21.06,1.28,-3.8,-1.87,5.52,5.23,6.61,8.28,8.38,8.48,11.98
2009-09-28,600508,20.3,19.37,20.54,19.18,41138,81954520.0,6.71,-4.49,-0.91,1.52,17.31,21.74,19.19,20.33,20.39,16.21,15.12,12.04,8.34,7.3,20.25,21.31,20.96,21.0,0.72,2.74,10.48,10.17,11.62,13.37,13.47,13.58,17.24,22.3
2009-09-29,600508,19.2,19.14,19.51,18.55,44045,83966808.0,4.96,-1.19,-0.23,1.62,25.88,23.23,24.42,24.47,20.16,19.03,15.85,12.02,10.94,10.73,19.86,20.95,21.01,20.93,3.97,11.81,11.49,12.96,14.73,14.84,14.94,18.65,23.77,21.53
2009-09-30,600508,19.25,19.46,19.9,19.25,33910,66385995.0,3.4,1.67,0.32,1.25,18.75,19.9,19.95,15.79,14.7,11.64,7.95,6.91,6.7,1.35,19.69,20.66,21.04,20.92,9.97,9.66,11.1,12.85,12.95,13.05,16.7,21.74,19.53,18.81
2009-10-09,600508,20.25,21.37,21.4,20.11,88940,185128722.0,6.63,9.82,1.91,3.28,14.77,14.82,10.84,9.8,6.86,3.33,2.34,2.14,-2.98,-1.04,19.92,20.52,21.1,20.92,-0.14,1.17,2.76,2.85,2.95,6.27,10.86,8.84,8.19,13.76
2009-10-12,600508,21.32,20.77,21.34,20.32,63178,132021472.0,4.77,-2.81,-0.6,2.33,13.63,9.69,8.66,5.76,2.26,1.28,1.08,-3.99,-2.07,5.31,20.02,20.42,21.12,20.87,4.09,5.73,5.83,5.92,9.34,14.06,11.99,11.31,17.04,14.78
2009-10-13,600508,20.77,21.22,21.62,20.7,73076,155540484.0,4.43,2.17,0.45,2.69,7.68,6.67,3.82,0.39,-0.58,-0.77,-5.75,-3.86,3.38,3.09,20.39,20.32,21.17,20.83,3.49,3.58,3.68,7.02,11.64,9.61,8.95,14.56,12.35,8.39
2009-10-14,600508,21.36,21.39,21.96,21.22,97068,209726969.0,3.49,0.8,0.17,3.57,4.05,1.27,-2.07,-3.02,-3.2,-8.06,-6.22,0.85,0.57,1.89,20.84,20.35,21.18,20.82,2.76,2.85,6.17,10.75,8.74,8.09,13.65,11.45,7.53,7.29
2009-10-15,600508,21.7,21.48,21.98,21.39,63145,136532575.0,2.76,0.42,0.09,2.33,0.47,-2.85,-3.79,-3.97,-8.79,-6.97,0.05,-0.23,1.08,2.66,21.25,20.47,21.18,20.81,2.42,5.73,10.29,8.29,7.64,13.18,10.99,7.08,6.84,4.47
2009-10-16,600508,21.82,21.79,22.0,21.35,86928,188682167.0,3.03,1.44,0.31,3.2,-2.67,-3.61,-3.79,-8.62,-6.79,0.23,-0.05,1.26,2.86,2.95,21.33,20.63,21.21,20.82,4.22,8.72,6.75,6.1,11.56,9.41,5.55,5.32,2.98,3.63
2009-10-19,600508,21.8,22.68,22.71,21.51,123865,275461405.0,5.51,4.08,0.89,1.71,-4.32,-4.51,-9.3,-7.48,-0.51,-0.79,0.51,2.09,2.19,2.28,21.71,20.87,21.24,20.9,4.45,2.56,1.94,7.19,5.11,1.41,1.19,-1.06,-0.44,0.49
2009-10-20,600508,23.03,22.92,23.69,22.74,180394,417009890.0,4.19,1.06,0.24,2.5,-9.67,-14.2,-12.49,-5.89,-6.16,-4.93,-3.43,-3.34,-3.25,-0.13,22.05,21.22,21.26,21.05,1.48,0.87,6.06,4.01,0.35,0.13,-2.09,-1.48,-0.57,1.57
2009-10-21,600508,22.78,22.77,23.26,22.55,89811,205583091.0,3.1,-0.65,-0.15,1.24,-13.48,-11.75,-5.1,-5.37,-4.12,-2.62,-2.53,-2.44,0.71,5.06,22.33,21.59,21.27,21.2,1.54,6.76,4.7,1.01,0.79,-1.45,-0.83,0.09,2.24,4.3
2009-10-22,600508,22.86,22.71,23.12,22.64,72935,166652572.0,2.11,-0.26,-0.06,1.01,-12.1,-5.48,-5.74,-4.51,-3.0,-2.92,-2.83,0.31,4.64,2.74,22.57,21.91,21.28,21.33,7.05,4.98,1.28,1.06,-1.19,-0.57,0.35,2.51,4.58,5.55
2009-10-23,600508,22.71,23.64,24.31,22.71,183261,430803941.0,7.05,4.1,0.93,2.54,-5.77,-6.03,-4.8,-3.3,-3.21,-3.13,0.0,4.32,2.42,1.81,22.94,22.14,21.33,21.44,0.85,-2.71,-2.92,-5.08,-4.48,-3.6,-1.52,0.47,1.4,1.86
2009-10-26,600508,23.76,23.4,23.84,23.11,86843,203634502.0,3.09,-1.02,-0.24,1.2,-7.66,-6.45,-4.98,-4.89,-4.8,-1.73,2.51,0.65,0.04,5.19,23.09,22.4,21.41,21.55,-1.71,-1.92,-4.1,-3.5,-2.61,-0.51,1.5,2.44,2.91,1.2
2009-10-27,600508,23.0,22.26,23.0,22.2,114395,258812675.0,3.42,-4.87,-1.14,1.58,-2.61,-1.08,-0.99,-0.9,2.3,6.71,4.77,4.14,9.5,7.39,22.96,22.5,21.41,21.61,3.1,0.81,1.44,2.38,4.58,6.69,7.68,8.18,6.38,7.86
2009-10-28,600508,22.24,22.76,22.95,22.22,80491,181926780.0,3.28,2.25,0.5,1.11,-1.17,-1.08,-0.99,2.21,6.62,4.68,4.05,9.41,7.29,3.51,22.95,22.64,21.5,21.67,-1.41,-0.79,0.13,2.28,4.35,5.32,5.8,4.04,5.49,2.72
2009-10-29,600508,22.0,21.8,22.44,21.62,79558,174828118.0,3.6,-4.22,-0.96,1.1,1.67,1.76,5.04,9.57,7.59,6.94,12.44,10.27,6.38,6.15,22.77,22.67,21.57,21.68,3.58,4.54,6.79,8.94,9.95,10.46,8.62,10.14,7.25,8.21
2009-10-30,600508,22.48,22.01,22.58,22.0,78787,175420307.0,2.66,0.96,0.21,1.09,0.0,3.23,7.68,5.73,5.09,10.5,8.36,4.55,4.32,2.0,22.45,22.7,21.66,21.71,3.54,5.77,7.91,8.91,9.4,7.59,9.09,6.22,7.18,5.86
2009-11-02,600508,21.29,22.75,22.79,21.05,94226,207955481.0,7.91,3.36,0.74,1.3,7.89,12.54,10.5,9.83,15.49,13.25,9.26,9.03,6.6,7.27,22.32,22.7,21.78,21.73,2.33,4.4,5.36,5.85,4.09,5.54,2.77,3.69,2.42,9.93
2009-11-03,600508,22.86,23.05,23.28,22.86,93315,215109669.0,1.85,1.32,0.3,1.29,3.63,1.75,1.14,6.34,4.29,0.61,0.39,-1.84,-1.22,-0.31,22.47,22.72,21.97,21.75,3.04,3.99,4.47,2.73,4.16,1.43,2.34,1.08,8.5,13.84
2009-11-04,600508,23.23,23.56,23.75,22.8,119419,279235249.0,4.12,2.21,0.51,1.65,2.02,1.4,6.62,4.56,0.88,0.66,-1.58,-0.96,-0.04,2.11,22.63,22.79,22.19,21.78,1.74,2.21,0.51,1.91,-0.76,0.13,-1.1,6.15,11.38,16.64
2009-11-05,600508,23.68,23.87,23.97,23.2,129245,306186101.0,3.27,1.32,0.31,1.79,-0.34,4.78,2.76,-0.86,-1.08,-3.28,-2.67,-1.77,0.34,2.37,23.05,22.91,22.41,21.82,0.88,-0.8,0.59,-2.05,-1.17,-2.39,4.78,9.93,15.12,12.74
2009-11-06,600508,23.96,23.76,24.08,23.56,100227,238609848.0,2.18,-0.46,-0.11,1.39,3.18,1.19,-2.38,-2.59,-4.75,-4.16,-3.27,-1.19,0.81,1.74,23.4,22.92,22.53,21.86,-0.34,1.05,-1.6,-0.72,-1.94,5.26,10.44,15.66,13.26,10.94
2009-11-09,600508,23.59,23.54,23.68,23.18,78787,184432995.0,2.1,-0.93,-0.22,1.09,2.85,-0.78,-0.99,-3.19,-2.59,-1.68,0.43,2.46,3.41,3.88,23.56,22.94,22.67,21.92,2.0,-0.68,0.21,-1.02,6.24,11.47,16.74,14.32,11.98,12.49
2009-11-10,600508,23.96,23.4,24.01,23.37,98023,232493173.0,2.72,-0.59,-0.14,1.36,-1.58,-1.8,-3.98,-3.38,-2.48,-0.39,1.63,2.57,3.04,1.33,23.63,23.05,22.78,21.96,-0.09,0.81,-0.43,6.88,12.14,17.44,15.0,12.65,13.16,14.49
2009-11-11,600508,23.3,23.2,23.38,22.9,74238,171873463.0,2.05,-0.85,-0.2,1.03,0.22,-2.01,-1.4,-0.48,1.66,3.71,4.67,5.15,3.41,4.85,23.55,23.09,22.87,22.03,1.68,0.43,7.8,13.1,18.45,15.99,13.62,14.14,15.47,11.55
2009-11-12,600508,23.25,23.25,23.59,23.1,63757,149054672.0,2.11,0.22,0.05,0.88,-2.86,-2.25,-1.34,0.78,2.81,3.77,4.24,2.51,3.94,1.21,23.43,23.24,22.96,22.13,0.22,7.57,12.86,18.19,15.74,13.38,13.89,15.23,11.31,13.12
2009-11-13,600508,23.02,23.28,23.3,22.71,76682,176357925.0,2.54,0.13,0.03,1.06,-0.57,0.35,2.51,4.58,5.55,6.03,4.27,5.72,2.95,3.87,23.33,23.37,23.03,22.23,7.43,12.71,18.04,15.59,13.23,13.75,15.08,11.17,12.97,5.84
2009-11-16,600508,23.45,24.99,25.01,23.45,234406,572514060.0,6.7,7.35,1.71,3.24,-2.81,-0.72,1.28,2.22,2.69,0.98,2.39,-0.3,0.6,-0.64,23.62,23.59,23.15,22.39,5.0,9.96,7.68,5.48,5.96,7.2,3.56,5.24,-1.4,0.8
2009-11-17,600508,25.5,25.9,26.24,24.9,346167,890023814.0,5.36,3.64,0.91,4.79,-6.51,-4.62,-3.73,-3.29,-4.9,-3.57,-6.1,-5.26,-6.43,0.44,24.12,23.88,23.3,22.6,6.1,3.9,1.78,2.24,3.44,-0.08,1.54,-4.86,-2.74,-2.12
2009-11-18,600508,26.02,26.58,27.48,25.9,266119,710937813.0,6.1,2.63,0.68,3.68,-8.3,-7.45,-7.03,-8.57,-7.3,-9.73,-8.92,-10.04,-3.44,1.31,24.8,24.18,23.49,22.85,1.24,-0.83,-0.38,0.79,-2.63,-1.05,-7.3,-5.23,-4.63,-3.05
2009-11-19,600508,26.61,26.4,26.91,25.78,185772,486950997.0,4.25,-0.68,-0.18,2.57,-7.02,-6.59,-8.15,-6.87,-9.31,-8.49,-9.62,-2.99,1.78,6.59,25.43,24.43,23.67,23.08,-0.15,0.3,1.48,-1.97,-0.38,-6.67,-4.58,-3.98,-2.39,-0.83
2009-11-20,600508,26.18,26.0,26.36,25.78,150080,390113746.0,2.2,-1.52,-0.4,2.08,-6.59,-8.15,-6.87,-9.31,-8.49,-9.62,-2.99,1.78,6.59,4.38,25.97,24.65,23.79,23.24,1.85,3.04,-0.46,1.15,-5.23,-3.12,-2.5,-0.88,0.69,3.85
2009-11-23,600508,26.2,26.39,26.48,25.78,124396,324098348.0,2.69,1.5,0.39,1.72,-8.15,-6.87,-9.31,-8.49,-9.62,-2.99,1.78,6.59,4.38,2.25,26.25,24.94,23.94,23.42,1.52,-1.93,-0.34,-6.63,-4.55,-3.94,-2.35,-0.8,2.31,6.03
2009-11-24,600508,26.49,25.1,26.79,25.06,183686,477729630.0,6.56,-4.89,-1.29,2.54,-4.19,-6.7,-5.87,-7.02,-0.2,4.71,9.66,7.38,5.19,5.67,26.09,25.11,24.08,23.55,3.11,4.78,-1.83,0.36,1.0,2.67,4.3,7.57,11.47,10.68
2009-11-25,600508,25.1,25.85,25.88,24.88,116107,294785418.0,3.98,2.99,0.75,1.61,-6.03,-5.18,-6.35,0.52,5.47,10.45,8.16,5.95,6.43,7.68,25.95,25.37,24.23,23.7,1.74,-4.68,-2.55,-1.93,-0.31,1.28,4.45,8.24,7.47,7.16
2009-11-26,600508,26.03,24.52,26.3,24.48,153866,388828337.0,7.04,-5.15,-1.33,2.13,-3.64,-4.82,2.17,7.19,12.25,9.93,7.68,8.17,9.44,5.72,25.57,25.5,24.37,23.8,0.49,2.73,3.38,5.1,6.77,10.11,14.11,13.3,12.97,10.48
2009-11-27,600508,24.0,23.7,24.64,23.53,105612,252963010.0,4.53,-3.34,-0.82,1.46,-0.98,6.29,11.52,16.79,14.36,12.03,12.54,13.85,9.99,11.77,25.11,25.54,24.45,23.87,6.29,6.96,8.73,10.46,13.92,18.06,17.22,16.88,14.3,12.32
2009-11-30,600508,24.01,25.16,25.19,23.88,105448,258055955.0,5.53,6.16,1.46,1.46,4.73,9.88,15.08,12.69,10.39,10.89,12.19,8.38,10.13,3.18,24.87,25.56,24.58,23.95,0.76,2.42,4.05,7.31,11.21,10.41,10.1,7.67,5.8,7.31
2009-12-01,600508,25.0,25.24,25.35,24.75,91599,229763636.0,2.38,0.32,0.08,1.27,6.02,11.03,8.73,6.51,6.99,8.24,4.57,6.26,-0.44,1.78,24.89,25.49,24.68,24.03,2.1,3.72,6.97,10.86,10.06,9.75,7.33,5.47,6.97,8.16
2009-12-02,600508,25.65,25.5,25.77,25.32,91948,234824380.0,1.78,1.03,0.26,1.27,8.53,6.28,4.11,4.58,5.81,2.21,3.87,-2.69,-0.51,0.12,24.82,25.39,24.78,24.12,2.67,5.88,9.73,8.94,8.63,6.24,4.39,5.88,7.06,5.92
2009-12-03,600508,25.51,26.16,26.18,25.4,109226,280937606.0,3.06,2.59,0.66,1.51,5.94,3.78,4.25,5.47,1.89,3.54,-2.99,-0.83,-0.2,1.46,25.15,25.36,24.9,24.23,3.21,6.96,6.19,5.89,3.56,1.76,3.21,4.36,3.25,1.91
2009-12-04,600508,26.09,26.91,27.0,25.71,311760,828722763.0,4.93,2.87,0.75,4.31,2.53,2.99,4.2,0.66,2.29,-4.16,-2.02,-1.4,0.23,1.83,25.79,25.45,25.05,24.34,3.98,3.23,2.94,0.67,-1.08,0.33,1.45,0.37,-0.93,-6.91
2009-12-07,600508,27.06,27.16,27.98,26.53,205440,559333341.0,5.39,0.93,0.25,2.84,-0.19,0.98,-2.45,-0.87,-7.12,-5.05,-4.45,-2.86,-1.32,1.77,26.19,25.53,25.23,24.47,2.28,1.99,-0.26,-1.99,-0.59,0.52,-0.55,-1.84,-7.77,-9.09
2009-12-08,600508,26.82,27.52,27.78,26.46,218555,593417122.0,4.86,1.33,0.36,3.02,1.25,-2.19,-0.6,-6.88,-4.8,-4.2,-2.61,-1.06,2.04,5.74,26.65,25.77,25.44,24.64,0.65,-1.56,-3.27,-1.89,-0.8,-1.85,-3.12,-8.98,-10.28,-9.96
2009-12-09,600508,27.16,26.62,27.7,26.53,183104,498555864.0,4.25,-3.27,-0.9,2.53,-2.45,-0.87,-7.12,-5.05,-4.45,-2.86,-1.32,1.77,5.47,4.71,26.87,25.85,25.61,24.77,1.77,0.0,1.43,2.55,1.47,0.15,-5.9,-7.25,-6.91,-10.97
2009-12-10,600508,26.83,26.14,27.09,25.88,142780,374603477.0,4.55,-1.8,-0.48,1.98,1.62,-4.79,-2.67,-2.05,-0.43,1.16,4.33,8.11,7.34,7.03,26.87,26.01,25.76,24.92,1.84,3.29,4.44,3.33,1.99,-4.17,-5.55,-5.2,-9.33,-4.55
2009-12-11,600508,26.35,26.16,26.62,26.08,76786,202395165.0,2.07,0.08,0.02,1.06,-5.52,-3.41,-2.8,-1.19,0.38,3.53,7.29,6.52,6.21,3.87,26.72,26.26,25.9,25.06,3.21,4.36,3.25,1.91,-4.24,-5.62,-5.28,-9.4,-4.63,-4.66
2009-12-14,600508,26.15,26.79,27.0,25.8,122274,322895238.0,4.59,2.41,0.63,1.69,-2.36,-1.74,-0.12,1.47,4.65,8.45,7.67,7.36,5.0,3.18,26.65,26.42,25.99,25.19,1.9,0.82,-0.49,-6.49,-7.84,-7.5,-11.53,-6.87,-6.91,-5.38
2009-12-15,600508,26.58,26.64,27.3,26.42,107086,288566877.0,3.28,-0.56,-0.15,1.48,-4.05,-2.46,-0.91,2.2,5.9,5.15,4.84,2.54,0.76,2.2,26.47,26.56,26.03,25.31,1.39,0.08,-5.97,-7.32,-6.98,-11.04,-6.34,-6.38,-4.84,-4.47
2009-12-16,600508,26.4,26.31,27.01,26.2,77888,207437399.0,3.04,-1.24,-0.33,1.08,-1.64,-0.08,3.05,6.79,6.03,5.73,3.4,1.6,3.05,4.2,26.41,26.64,26.01,25.4,1.33,-4.79,-6.16,-5.82,-9.92,-5.17,-5.21,-3.65,-3.27,-2.81
2009-12-17,600508,26.52,25.31,26.66,25.3,81377,209250985.0,5.17,-3.8,-1.0,1.13,3.48,6.72,10.59,9.8,9.49,7.08,5.22,6.72,7.91,6.76,26.24,26.56,25.96,25.45,-1.03,-2.45,-2.09,-6.36,-1.42,-1.46,0.16,0.55,1.03,0.28
2009-12-18,600508,25.0,24.31,25.05,24.18,74250,182520959.0,3.44,-3.95,-1.0,1.03,11.66,15.72,14.89,14.56,12.03,10.09,11.66,12.9,11.7,10.26,25.87,26.3,25.87,25.47,1.56,1.93,-2.51,2.63,2.59,4.28,4.69,5.18,4.4,4.36
2009-12-21,600508,24.35,24.67,24.69,24.2,43269,105799029.0,2.02,1.48,0.36,0.6,15.62,14.79,14.46,11.94,10.0,11.57,12.81,11.61,10.17,3.51,25.45,26.05,25.79,25.51,0.45,-3.93,1.13,1.09,2.76,3.16,3.65,2.88,2.84,6.12
2009-12-22,600508,24.72,23.42,24.78,23.16,88540,210481092.0,6.57,-5.07,-1.25,1.23,19.95,19.6,16.97,14.94,16.58,17.88,16.62,15.11,8.16,6.61,24.8,25.64,25.7,25.51,1.2,6.53,6.49,8.24,8.67,9.18,8.37,8.33,11.78,13.96
2009-12-23,600508,23.3,23.51,23.7,23.26,62477,146706679.0,1.88,0.38,0.09,0.86,19.09,16.47,14.45,16.08,17.37,16.12,14.62,7.7,6.15,6.53,24.24,25.33,25.59,25.52,6.13,6.08,7.83,8.25,8.76,7.95,7.91,11.36,13.53,13.14
2009-12-24,600508,23.78,24.85,24.95,23.6,78647,192025815.0,5.74,5.7,1.34,1.09,14.79,12.8,14.41,15.68,14.45,12.97,6.14,4.62,5.0,0.42,24.15,25.2,25.6,25.57,0.36,2.01,2.41,2.9,2.13,2.09,5.35,7.4,7.04,4.91
2009-12-25,600508,24.85,24.48,24.94,24.42,53134,131210830.0,2.09,-1.49,-0.37,0.74,9.01,10.57,11.79,10.61,9.17,2.58,1.11,1.47,-2.95,2.17,24.19,25.03,25.64,25.61,3.55,3.96,4.45,3.68,3.64,6.94,9.03,8.66,6.5,8.25
2009-12-28,600508,24.7,25.14,25.35,24.7,94022,235440566.0,2.66,2.7,0.66,1.3,9.31,10.53,9.35,7.94,1.42,-0.04,0.32,-4.05,1.01,0.97,24.28,24.86,25.64,25.61,1.23,1.71,0.95,0.91,4.14,6.17,5.81,3.7,5.41,1.79
2009-12-29,600508,25.16,25.35,25.45,24.78,65519,164677352.0,2.67,0.84,0.21,0.91,10.17,9.0,7.59,1.09,-0.36,0.0,-4.36,0.69,0.65,2.3,24.67,24.74,25.65,25.6,0.87,0.12,0.08,3.27,5.29,4.93,2.84,4.54,0.95,-0.91
2009-12-30,600508,25.57,25.3,25.57,25.06,67631,170993785.0,2.01,-0.2,-0.05,0.94,7.78,6.38,-0.04,-1.48,-1.12,-5.43,-0.44,-0.48,1.16,1.56,25.02,24.63,25.64,25.55,0.32,0.28,3.48,5.49,5.14,3.04,4.74,1.15,-0.71,-2.53
2009-12-31,600508,25.38,25.15,25.38,24.98,54464,136845671.0,1.58,-0.59,-0.15,0.75,6.73,0.28,-1.16,-0.8,-5.12,-0.12,-0.16,1.48,1.88,2.36,25.08,24.62,25.59,25.51,0.87,4.1,6.12,5.77,3.66,5.37,1.75,-0.12,-1.95,-1.63
2010-01-04,600508,25.26,25.01,25.37,24.96,64998,163242699.0,1.63,-0.56,-0.14,0.9,0.36,-1.08,-0.72,-5.05,-0.04,-0.08,1.56,1.96,2.44,1.68,25.19,24.69,25.49,25.48,4.68,6.72,6.36,4.24,5.96,2.32,0.44,-1.4,-1.08,-0.64
2010-01-05,600508,25.31,26.09,26.18,25.25,141296,363539280.0,3.72,4.32,1.08,1.96,-2.22,-1.86,-6.14,-1.19,-1.23,0.4,0.79,1.27,0.51,0.48,25.38,24.83,25.44,25.47,2.3,1.95,-0.08,1.57,-1.92,-3.72,-5.48,-5.17,-4.75,-2.34
2010-01-06,600508,26.1,25.84,26.69,25.81,110870,292230690.0,3.37,-0.96,-0.25,1.53,-3.99,-8.18,-3.33,-3.37,-1.78,-1.39,-0.93,-1.67,-1.7,1.43,25.48,25.07,25.35,25.49,2.94,0.89,2.55,-0.97,-2.79,-4.57,-4.26,-3.83,-1.39,-4.02
2010-01-07,600508,26.15,26.18,26.6,25.85,135321,353860042.0,2.9,1.32,0.34,1.87,-8.32,-3.48,-3.52,-1.93,-1.55,-1.08,-1.82,-1.86,1.28,3.25,25.65,25.34,25.33,25.5,-0.42,1.22,-2.25,-4.05,-5.81,-5.5,-5.08,-2.67,-5.27,-8.56
2010-01-08,600508,25.7,25.79,26.07,25.1,90444,231231872.0,3.71,-1.49,-0.39,1.25,-0.6,-0.64,1.0,1.39,1.87,1.12,1.08,4.3,6.33,5.98,25.78,25.43,25.32,25.55,2.75,-0.78,-2.6,-4.38,-4.07,-3.64,-1.2,-3.84,-7.17,-8.49
2010-01-11,600508,26.31,25.34,26.5,25.15,58981,151197003.0,5.23,-1.74,-0.45,0.82,-0.83,0.8,1.19,1.67,0.91,0.87,4.1,6.12,5.77,3.66,25.85,25.52,25.27,25.6,0.99,-0.87,-2.68,-2.37,-1.93,0.55,-2.13,-5.52,-6.87,-7.18
2010-01-12,600508,25.18,25.57,25.59,24.85,96377,242686021.0,2.92,0.91,0.23,1.33,2.01,2.41,2.9,2.13,2.09,5.35,7.4,7.04,4.91,6.64,25.74,25.56,25.21,25.62,-1.76,-3.56,-3.25,-2.82,-0.35,-3.01,-6.37,-7.7,-8.02,-8.72
2010-01-13,600508,24.9,24.24,25.12,24.09,114058,280783586.0,4.03,-5.2,-1.33,1.58,5.65,6.14,5.35,5.31,8.68,10.79,10.42,8.22,10.0,6.23,25.42,25.45,25.09,25.58,1.73,2.06,2.52,5.12,2.31,-1.24,-2.64,-2.97,-3.71,-6.31
2010-01-14,600508,24.31,24.63,24.66,23.95,69792,169583332.0,2.93,1.61,0.39,0.97,6.76,5.97,5.93,9.31,11.44,11.06,8.85,10.65,6.85,4.89,25.11,25.38,25.01,25.55,0.45,0.89,3.45,0.69,-2.8,-4.18,-4.51,-5.24,-7.8,-9.5
2010-01-15,600508,24.48,24.58,24.74,24.15,49406,120799445.0,2.4,-0.2,-0.05,0.68,5.09,5.05,8.41,10.52,10.14,7.95,9.73,5.96,4.02,2.11,24.87,25.33,24.97,25.5,1.1,3.66,0.9,-2.6,-3.99,-4.31,-5.04,-7.61,-9.32,-8.95
2010-01-18,600508,24.56,24.79,24.85,24.28,46352,113755092.0,2.32,0.85,0.21,0.64,4.49,7.83,9.93,9.56,7.37,9.14,5.4,3.46,1.57,1.89,24.76,25.3,25.0,25.43,2.78,0.04,-3.43,-4.8,-5.12,-5.85,-8.39,-10.08,-9.72,-11.25
2010-01-19,600508,24.82,24.8,25.48,24.67,99364,248841044.0,3.27,0.04,0.01,1.37,6.12,8.19,7.82,5.67,7.42,3.73,1.82,-0.04,0.28,0.73,24.61,25.18,25.0,25.35,0.0,-3.47,-4.84,-5.16,-5.89,-8.43,-10.12,-9.76,-11.29,-13.19
2010-01-20,600508,24.8,23.62,24.8,23.59,109280,262388767.0,4.88,-4.76,-1.18,1.51,13.14,12.76,10.51,12.34,8.48,6.49,4.54,4.87,5.34,8.01,24.48,24.95,25.01,25.22,1.35,-0.08,-0.42,-1.19,-3.85,-5.63,-5.25,-6.86,-8.85,-5.59
2010-01-21,600508,23.66,23.72,23.94,23.32,52901,125001607.0,2.62,0.42,0.1,0.73,14.07,11.79,13.64,9.73,7.72,5.75,6.09,6.56,9.26,6.35,24.3,24.71,25.02,25.12,-0.51,-0.84,-1.6,-4.26,-6.03,-5.65,-7.25,-9.23,-5.99,-7.97
2010-01-22,600508,23.39,23.28,23.6,22.76,53128,123010965.0,3.54,-1.85,-0.44,0.74,14.54,16.43,12.43,10.37,8.35,8.7,9.18,11.95,8.96,5.18,24.04,24.46,24.94,25.03,1.03,0.26,-2.45,-4.25,-3.87,-5.5,-7.52,-4.21,-6.23,-10.14
2010-01-25,600508,23.21,23.12,23.52,23.01,21729,50621583.0,2.19,-0.69,-0.16,0.3,15.17,11.21,9.17,7.17,7.52,8.0,10.73,7.78,4.04,2.56,23.71,24.24,24.88,24.93,0.95,-1.77,-3.59,-3.2,-4.84,-6.88,-3.55,-5.58,-9.52,-7.79
2010-01-26,600508,23.17,22.31,23.34,22.05,44121,99011284.0,5.58,-3.5,-0.81,0.61,16.05,13.92,11.84,12.2,12.7,15.56,12.47,8.57,7.03,6.67,23.21,23.91,24.74,24.78,1.79,-0.09,0.31,-1.39,-3.5,-0.04,-2.15,-6.23,-4.44,-4.53
2010-01-27,600508,22.25,22.16,22.71,21.89,36550,81701337.0,3.68,-0.67,-0.15,0.51,14.76,12.65,13.02,13.52,16.4,13.29,9.37,7.81,7.45,6.62,22.92,23.7,24.58,24.63,0.59,0.99,-0.72,-2.84,0.63,-1.49,-5.6,-3.79,-3.88,-1.85
2010-01-28,600508,22.19,22.15,22.29,21.96,33637,74443529.0,1.49,-0.05,-0.01,0.47,12.3,12.66,13.16,16.03,12.93,9.02,7.47,7.1,6.28,3.42,22.6,23.45,24.42,24.49,1.04,-0.68,-2.8,0.68,-1.44,-5.55,-3.75,-3.84,-1.81,-2.62
2010-01-29,600508,22.0,22.05,22.38,22.0,28300,62732023.0,1.72,-0.45,-0.1,0.39,12.45,12.95,15.82,12.73,8.82,7.27,6.91,6.09,3.23,1.32,22.36,23.2,24.26,24.38,-0.23,-2.36,1.13,-1.0,-5.12,-3.31,-3.4,-1.36,-2.18,-1.13
2010-02-01,600508,22.0,20.92,22.0,20.75,45289,95620827.0,5.67,-5.12,-1.13,0.63,19.76,22.8,19.52,15.37,13.73,13.35,12.48,9.45,7.42,7.86,21.92,22.81,24.06,24.27,2.92,6.6,4.35,0.0,1.91,1.82,3.97,3.11,4.21,4.83
2010-02-02,600508,21.2,20.61,21.53,20.58,43777,92347532.0,4.54,-1.48,-0.31,0.61,23.81,20.51,16.33,14.67,14.29,13.41,10.35,8.31,8.75,6.9,21.58,22.39,23.78,24.13,8.2,5.92,1.5,3.44,3.35,5.53,4.66,5.77,6.4,4.27
2010-02-03,600508,21.0,22.11,22.3,20.22,76757,163943140.0,10.09,7.28,1.5,1.06,22.65,18.4,16.72,16.32,15.43,12.31,10.24,10.68,8.8,6.48,21.57,22.24,23.6,24.09,-1.27,-5.38,-3.57,-3.66,-1.63,-2.44,-1.4,-0.81,-2.8,-3.3
2010-02-04,600508,21.79,21.5,21.83,21.3,53480,115489832.0,2.4,-2.76,-0.61,0.74,12.39,10.8,10.42,9.58,6.62,4.65,5.07,3.29,1.08,4.69,21.44,22.02,23.36,24.02,-2.7,-0.84,-0.93,1.16,0.33,1.4,2.0,-0.05,-0.56,2.05
2010-02-05,600508,20.61,20.82,20.92,20.6,43088,89362793.0,1.49,-3.16,-0.68,0.6,14.56,14.17,13.3,10.24,8.2,8.64,6.8,4.51,8.25,5.97,21.19,21.78,23.12,23.89,2.4,2.31,4.47,3.6,4.71,5.33,3.22,2.69,5.38,5.09
2010-02-08,600508,20.7,21.0,21.32,20.66,22980,48274907.0,3.17,0.86,0.18,0.32,13.84,12.97,9.92,7.89,8.33,6.49,4.21,7.94,5.66,1.26,21.21,21.56,22.9,23.77,1.43,3.57,2.71,3.81,4.43,2.33,1.81,4.48,4.19,5.86
2010-02-09,600508,20.9,21.21,21.3,20.88,19452,41138627.0,2.0,1.0,0.21,0.27,11.78,8.76,6.75,7.18,5.36,3.11,6.8,4.55,0.19,2.11,21.33,21.45,22.68,23.64,2.55,1.7,2.78,3.39,1.32,0.8,3.44,3.16,4.81,4.95
2010-02-10,600508,21.51,21.44,21.75,21.08,31414,67265707.0,3.16,1.08,0.23,0.43,7.73,5.74,6.17,4.36,2.13,5.79,3.56,-0.76,1.14,1.04,21.19,21.38,22.54,23.51,0.61,1.68,2.29,0.23,-0.28,2.33,2.05,3.68,3.82,3.5
2010-02-11,600508,21.44,21.42,21.57,21.3,20563,44109308.0,1.26,-0.09,-0.02,0.28,4.65,5.07,3.29,1.08,4.69,2.49,-1.78,0.09,0.0,2.11,21.18,21.31,22.38,23.38,1.77,2.38,0.33,-0.19,2.43,2.15,3.78,3.92,3.59,3.78
2010-02-12,600508,21.57,21.74,21.8,21.48,27913,60560381.0,1.49,1.49,0.32,0.39,4.19,2.42,0.23,3.82,1.63,-2.61,-0.74,-0.84,1.26,0.42,21.36,21.28,22.24,23.27,0.87,-1.15,-1.66,0.92,0.64,2.25,2.39,2.07,2.25,-0.74
2010-02-22,600508,21.75,21.51,21.93,21.49,24976,54277813.0,2.02,-1.06,-0.23,0.35,2.37,0.19,3.77,1.58,-2.65,-0.79,-0.88,1.21,0.37,1.44,21.46,21.34,22.07,23.15,-0.09,-0.6,2.0,1.72,3.35,3.49,3.16,3.35,0.33,0.56
2010-02-23,600508,21.49,21.1,21.49,20.76,39113,82122342.0,3.39,-1.91,-0.41,0.54,3.71,7.42,5.15,0.77,2.7,2.6,4.77,3.9,5.01,5.64,21.44,21.38,21.89,22.98,1.33,3.98,3.7,5.36,5.5,5.17,5.36,2.27,2.51,5.17
2010-02-24,600508,20.9,21.36,21.38,20.78,31493,66458149.0,2.84,1.23,0.26,0.44,7.31,5.05,0.67,2.6,2.5,4.67,3.8,4.91,5.53,3.42,21.43,21.31,21.78,22.84,2.72,2.43,4.07,4.21,3.89,4.07,1.03,1.26,3.89,2.72
2010-02-25,600508,21.4,21.9,21.94,21.4,44034,95757384.0,2.53,2.53,0.54,0.61,2.01,-2.24,-0.37,-0.47,1.64,0.79,1.87,2.48,0.42,-0.09,21.52,21.35,21.69,22.69,-0.09,1.51,1.64,1.32,1.51,-1.46,-1.23,1.32,0.18,-0.59
2010-02-26,600508,21.8,21.69,21.88,21.61,31678,68825984.0,1.23,-0.96,-0.21,0.44,-3.19,-1.34,-1.43,0.65,-0.19,0.88,1.48,-0.56,-1.06,1.53,21.51,21.44,21.61,22.56,2.49,2.63,2.31,2.49,-0.51,-0.28,2.31,1.15,0.37,-1.15
2010-03-01,600508,21.72,22.14,22.23,21.72,41497,91298803.0,2.35,2.07,0.45,0.57,-1.84,-1.93,0.14,-0.69,0.37,0.97,-1.06,-1.57,1.01,0.74,21.64,21.55,21.56,22.45,0.54,0.23,0.41,-2.53,-2.3,0.23,-0.9,-1.67,-3.16,-6.05
2010-03-02,600508,22.2,21.91,22.26,21.8,37659,82675085.0,2.08,-1.04,-0.23,0.52,-2.29,-0.23,-1.06,0.0,0.6,-1.42,-1.93,0.64,0.37,1.97,21.8,21.62,21.54,22.33,1.28,1.46,-1.51,-1.28,1.28,0.14,-0.64,-2.15,-5.07,-7.53
2010-03-03,600508,21.9,22.15,22.19,21.62,38088,83582575.0,2.6,1.1,0.24,0.53,0.6,-0.23,0.83,1.43,-0.6,-1.11,1.48,1.2,2.82,2.96,21.96,21.69,21.54,22.26,0.36,-2.57,-2.35,0.18,-0.95,-1.72,-3.21,-6.09,-8.53,-6.82
2010-03-04,600508,22.15,21.37,22.23,21.35,42924,93660635.0,3.97,-3.52,-0.78,0.59,1.03,2.11,2.72,0.66,0.14,2.76,2.48,4.12,4.26,3.93,21.85,21.69,21.5,22.15,0.98,1.22,3.84,2.67,1.87,0.33,-2.67,-5.19,-3.42,-1.97
2010-03-05,600508,21.39,21.34,21.58,21.18,23346,49855272.0,1.87,-0.14,-0.03,0.32,2.93,3.54,1.46,0.94,3.59,3.31,4.96,5.1,4.77,4.96,21.78,21.65,21.46,22.04,1.36,3.98,2.81,2.01,0.47,-2.53,-5.06,-3.28,-1.83,-0.94
2010-03-08,600508,21.5,21.51,21.63,21.37,20112,43296898.0,1.22,0.8,0.17,0.28,2.62,0.56,0.05,2.67,2.39,4.02,4.16,3.84,4.02,0.98,21.66,21.65,21.49,21.93,3.16,2.0,1.21,-0.33,-3.3,-5.81,-4.04,-2.6,-1.72,-1.26
2010-03-09,600508,21.41,21.95,22.19,21.16,67895,147591055.0,4.79,2.05,0.44,0.94,1.56,1.04,3.69,3.4,5.06,5.2,4.87,5.06,1.98,2.22,21.66,21.73,21.56,21.84,-0.05,-0.82,-2.32,-5.24,-7.7,-5.97,-4.56,-3.69,-3.23,-2.32
2010-03-10,600508,21.78,21.57,21.94,21.51,31434,68253085.0,1.96,-1.73,-0.38,0.43,-0.6,2.0,1.72,3.35,3.49,3.16,3.35,0.33,0.56,3.16,21.55,21.75,21.53,21.77,0.93,-0.6,-3.57,-6.07,-4.31,-2.87,-1.99,-1.53,-0.6,-1.16
2010-03-11,600508,21.5,21.31,21.77,21.1,33624,71777839.0,3.11,-1.21,-0.26,0.47,3.98,3.7,5.36,5.5,5.17,5.36,2.27,2.51,5.17,3.98,21.54,21.69,21.52,21.69,0.61,-2.39,-4.93,-3.14,-1.69,-0.8,-0.33,0.61,0.05,-1.78
2010-03-12,600508,21.35,20.8,21.44,20.75,42568,89341999.0,3.24,-2.39,-0.51,0.59,5.45,7.13,7.28,6.94,7.13,4.0,4.24,6.94,5.73,4.92,21.43,21.61,21.52,21.61,0.0,-2.6,-0.77,0.72,1.63,2.12,3.08,2.5,0.62,0.43
2010-03-15,600508,20.78,20.18,20.8,19.99,49579,100349551.0,3.89,-2.98,-0.62,0.69,11.21,11.36,11.01,11.21,7.95,8.2,11.01,9.75,8.9,7.25,21.16,21.41,21.48,21.51,0.4,2.28,3.82,4.76,5.25,6.24,5.65,3.72,3.52,8.28
2010-03-16,600508,20.18,20.17,20.26,19.91,33274,66772027.0,1.73,-0.05,-0.01,0.46,11.8,11.45,11.65,8.39,8.64,11.45,10.2,9.34,7.68,4.47,20.81,21.24,21.43,21.44,2.33,3.87,4.81,5.3,6.3,5.7,3.77,3.57,8.33,8.38
2010-03-17,600508,20.24,20.59,20.64,20.2,32451,66389633.0,2.18,2.08,0.42,0.45,9.85,10.05,6.83,7.08,9.85,8.61,7.77,6.14,2.97,0.3,20.61,21.08,21.39,21.38,1.75,2.67,3.16,4.13,3.55,1.65,1.46,6.12,6.17,6.02
2010-03-18,600508,20.69,20.75,20.95,20.62,36188,75291663.0,1.6,0.78,0.16,0.5,7.81,4.66,4.9,7.61,6.4,5.58,3.98,0.87,-1.75,0.1,20.5,21.02,21.35,21.34,1.88,2.36,3.33,2.75,0.87,0.67,5.3,5.35,5.2,5.78
2010-03-19,600508,20.7,21.08,21.14,20.58,42548,89027128.0,2.7,1.59,0.33,0.59,4.86,5.1,7.82,6.61,5.78,4.18,1.07,-1.55,0.29,1.8,20.55,20.99,21.32,21.3,0.76,1.71,1.14,-0.71,-0.9,3.65,3.7,3.56,4.13,6.26
2010-03-22,600508,20.98,21.13,21.24,20.86,33060,69761526.0,1.8,0.24,0.05,0.46,3.69,6.38,5.18,4.36,2.78,-0.29,-2.88,-1.05,0.43,1.34,20.74,20.95,21.3,21.31,1.47,0.9,-0.95,-1.14,3.41,3.45,3.31,3.88,6.01,9.7
2010-03-23,600508,21.12,21.05,21.44,21.01,34489,73130161.0,2.04,-0.38,-0.08,0.48,5.62,4.43,3.62,2.05,-1.0,-3.57,-1.76,-0.29,0.62,1.09,20.92,20.86,21.3,21.33,1.28,-0.57,-0.76,3.8,3.85,3.71,4.28,6.41,10.12,7.55
2010-03-24,600508,21.12,20.96,21.32,20.93,27781,58575366.0,1.85,-0.43,-0.09,0.38,4.83,4.01,2.44,-0.62,-3.2,-1.39,0.1,1.0,1.48,2.44,20.99,20.8,21.28,21.29,-0.14,-0.33,4.25,4.29,4.15,4.72,6.87,10.59,8.02,6.97
2010-03-25,600508,20.8,20.38,20.93,20.35,31794,65196230.0,2.77,-2.77,-0.58,0.44,6.98,5.36,2.21,-0.44,1.43,2.95,3.88,4.37,5.36,4.77,20.92,20.71,21.2,21.25,2.5,7.21,7.26,7.11,7.7,9.91,13.74,11.09,10.01,9.91
2010-03-26,600508,20.38,20.81,20.89,20.38,24644,51090557.0,2.5,2.11,0.43,0.34,5.2,2.06,-0.59,1.28,2.8,3.73,4.22,5.2,4.61,2.7,20.87,20.71,21.16,21.25,5.0,5.05,4.9,5.48,7.64,11.39,8.79,7.74,7.64,8.79
2010-03-29,600508,21.02,21.68,21.85,21.02,93581,202099502.0,3.99,4.18,0.87,1.29,-1.05,-3.62,-1.81,-0.33,0.57,1.05,2.0,1.43,-0.43,-0.62,20.98,20.86,21.13,21.27,0.83,0.69,1.25,3.32,6.92,4.43,3.41,3.32,4.43,3.78
2010-03-30,600508,21.73,21.76,21.86,21.6,51485,111825475.0,1.2,0.37,0.08,0.71,-6.2,-4.44,-3.01,-2.13,-1.67,-0.74,-1.3,-3.1,-3.29,1.16,21.12,21.02,21.13,21.29,0.32,0.87,2.94,6.53,4.04,3.03,2.94,4.04,3.4,2.94
2010-03-31,600508,21.82,21.42,21.83,21.32,42708,91836010.0,2.34,-1.56,-0.34,0.59,-3.19,-1.74,-0.84,-0.38,0.56,0.0,-1.83,-2.02,2.49,2.53,21.21,21.1,21.09,21.29,2.47,4.58,8.22,5.7,4.67,4.58,5.7,5.04,4.58,6.44
2010-04-01,600508,21.6,21.84,21.95,21.55,57187,124686273.0,1.87,1.96,0.42,0.79,-2.78,-1.9,-1.44,-0.51,-1.07,-2.88,-3.06,1.39,1.44,1.3,21.5,21.21,21.11,21.3,2.56,6.14,3.66,2.66,2.56,3.66,3.02,2.56,4.4,2.56
2010-04-02,600508,21.99,22.36,22.4,21.98,96535,214716501.0,1.92,2.38,0.52,1.34,-3.82,-3.37,-2.46,-3.0,-4.78,-4.96,-0.59,-0.55,-0.68,-0.14,21.81,21.34,21.16,21.33,3.67,1.25,0.27,0.18,1.25,0.63,0.18,1.97,0.18,-3.04
2010-04-06,600508,22.58,22.58,23.18,22.31,97652,222458117.0,3.89,0.98,0.22,1.35,-4.8,-3.9,-4.44,-6.19,-6.36,-2.06,-2.02,-2.15,-1.61,0.4,21.99,21.48,21.22,21.36,0.27,-0.71,-0.8,0.27,-0.35,-0.8,0.97,-0.8,-3.99,-7.93
2010-04-07,600508,22.6,22.53,22.64,22.22,46024,103046923.0,1.86,-0.22,-0.05,0.64,-3.51,-4.05,-5.81,-5.99,-1.67,-1.62,-1.76,-1.22,0.81,4.32,22.15,21.63,21.25,21.41,-0.49,-0.58,0.49,-0.13,-0.58,1.2,-0.58,-3.77,-7.72,-5.73
2010-04-08,600508,22.42,21.93,22.42,21.8,53385,117927903.0,2.75,-2.66,-0.6,0.74,-2.2,-3.99,-4.17,0.23,0.28,0.14,0.69,2.75,6.33,3.85,22.25,21.73,21.27,21.43,2.14,3.24,2.6,2.14,3.97,2.14,-1.14,-5.2,-3.15,-3.01
2010-04-09,600508,21.86,22.34,22.4,21.86,39492,87643862.0,2.46,1.87,0.41,0.55,-4.25,-4.44,-0.05,0.0,-0.14,0.41,2.47,6.04,3.57,2.56,22.35,21.93,21.32,21.44,1.34,0.72,0.27,2.06,0.27,-2.95,-6.94,-4.92,-4.79,2.69
2010-04-12,600508,22.5,22.04,22.64,21.9,46217,102682868.0,3.31,-1.34,-0.3,0.64,-4.61,-0.23,-0.18,-0.32,0.23,2.28,5.84,3.38,2.37,2.28,22.28,22.05,21.38,21.45,2.09,1.63,3.45,1.63,-1.63,-5.67,-3.63,-3.49,4.08,7.67
2010-04-13,600508,21.96,22.17,22.5,21.57,66249,146124062.0,4.22,0.59,0.13,0.92,1.3,1.34,1.21,1.76,3.85,7.46,4.96,3.94,3.85,4.96,22.2,22.1,21.48,21.46,1.04,2.84,1.04,-2.21,-6.22,-4.19,-4.06,3.47,7.04,5.1
2010-04-14,600508,22.3,22.29,22.4,22.0,45498,101148611.0,1.8,0.54,0.12,0.63,-0.64,-0.77,-0.23,1.82,5.36,2.91,1.91,1.82,2.91,2.27,22.15,22.15,21.58,21.47,2.29,0.49,-2.74,-6.73,-4.71,-4.58,2.92,6.46,4.53,6.15
2010-04-15,600508,22.4,22.5,22.8,22.28,79201,178211372.0,2.33,0.94,0.21,1.1,-2.02,-1.48,0.54,4.04,1.62,0.63,0.54,1.62,0.99,0.54,22.27,22.26,21.68,21.48,-0.44,-3.64,-7.6,-5.6,-5.47,1.96,5.47,3.56,5.16,6.18
2010-04-16,600508,22.4,22.0,22.4,21.85,39645,87371526.0,2.44,-2.22,-0.5,0.55,0.46,2.52,6.09,3.62,2.61,2.52,3.62,2.97,2.52,4.35,22.2,22.27,21.74,21.5,-1.45,-5.5,-3.45,-3.32,4.27,7.86,5.91,7.55,8.59,6.27
2010-04-19,600508,21.59,20.54,21.68,20.52,74556,156699316.0,5.27,-6.64,-1.46,1.03,9.16,12.96,10.33,9.26,9.16,10.33,9.65,9.16,11.11,9.16,21.9,22.09,21.72,21.47,1.22,3.41,3.55,11.68,15.53,13.44,15.19,16.31,13.83,18.11
2010-04-20,600508,20.55,20.52,20.79,20.21,46184,94645259.0,2.82,-0.1,-0.02,0.64,14.7,12.02,10.94,10.84,12.02,11.33,10.84,12.82,10.84,7.27,21.57,21.89,21.68,21.44,3.51,3.65,11.79,15.64,13.55,15.3,16.42,13.94,18.23,19.25
2010-04-21,600508,20.7,21.2,21.24,20.53,50769,105954932.0,3.46,3.31,0.68,0.7,10.28,9.21,9.11,10.28,9.6,9.11,11.06,9.11,5.6,1.27,21.35,21.75,21.69,21.42,0.33,8.21,11.93,9.91,11.6,12.69,10.28,14.43,15.42,14.25
2010-04-22,600508,21.0,20.85,21.27,20.51,47457,99064767.0,3.58,-1.65,-0.35,0.66,9.31,9.22,10.39,9.7,9.22,11.17,9.22,5.7,1.37,3.56,21.02,21.65,21.69,21.39,10.02,13.81,11.75,13.48,14.58,12.13,16.35,17.36,16.16,9.93
2010-04-23,600508,21.3,22.94,22.94,21.3,171235,385920884.0,7.87,10.02,2.09,2.37,5.16,6.29,5.63,5.16,7.04,5.16,1.78,-2.39,-0.28,-0.14,21.21,21.71,21.81,21.45,3.44,1.57,3.14,4.14,1.92,5.75,6.67,5.58,-0.09,-3.31
2010-04-26,600508,23.6,23.15,23.73,22.99,317027,740937523.0,3.23,0.92,0.21,4.39,-1.52,-2.13,-2.57,-0.83,-2.57,-5.7,-9.57,-7.61,-7.48,-0.22,21.73,21.82,21.93,21.52,0.65,2.2,3.2,0.99,4.79,5.7,4.62,-0.99,-4.19,-4.45
2010-04-27,600508,23.18,23.27,23.3,22.14,165433,375587788.0,5.01,0.52,0.12,2.29,1.63,1.17,2.98,1.17,-2.08,-6.1,-4.07,-3.93,3.61,7.18,22.28,21.93,22.01,21.63,1.68,2.66,0.47,4.25,5.16,4.08,-1.5,-4.68,-4.94,-12.55
2010-04-28,600508,22.8,23.48,23.66,22.67,156954,365899955.0,4.25,0.9,0.21,2.17,-1.19,0.57,-1.19,-4.37,-8.29,-6.31,-6.18,1.19,4.68,2.78,22.74,22.05,22.1,21.74,1.75,-0.43,3.32,4.22,3.15,-2.39,-5.54,-5.79,-13.33,-12.1
2010-04-29,600508,23.71,23.19,23.89,22.92,132081,309531960.0,4.13,-1.24,-0.29,1.83,-0.52,-2.27,-5.41,-9.29,-7.33,-7.2,0.09,3.53,1.66,3.23,23.21,22.11,22.19,21.82,0.82,4.61,5.52,4.44,-1.16,-4.36,-4.61,-12.25,-11.0,-11.04
2010-04-30,600508,23.1,23.32,23.38,22.3,95971,220397939.0,4.66,0.56,0.13,1.33,0.45,-2.78,-6.77,-4.75,-4.62,2.87,6.41,4.48,6.1,7.13,23.28,22.25,22.26,21.91,4.03,4.93,3.86,-1.72,-4.89,-5.15,-12.74,-11.49,-11.54,-14.02
2010-05-04,600508,22.82,24.24,24.26,22.8,180038,427017863.0,6.26,3.95,0.92,2.49,-4.91,-8.82,-6.84,-6.71,0.61,4.08,2.19,3.77,4.78,2.54,23.5,22.62,22.35,22.02,0.95,-0.08,-5.45,-8.5,-8.75,-16.05,-14.85,-14.89,-17.29,-18.23
2010-05-05,600508,23.67,24.24,24.47,23.01,237069,564558443.0,6.02,0.0,0.0,3.28,-9.65,-7.69,-7.56,-0.3,3.13,1.26,2.82,3.82,1.61,5.43,23.69,22.99,22.44,22.12,-0.08,-5.45,-8.5,-8.75,-16.05,-14.85,-14.89,-17.29,-18.23,-17.08
2010-05-06,600508,23.88,23.07,24.22,22.4,269035,632479929.0,7.51,-4.83,-1.17,3.72,-5.18,-5.04,2.41,5.94,4.02,5.63,6.65,4.37,8.3,9.24,23.61,23.18,22.46,22.19,-0.65,-3.86,-4.12,-11.79,-10.53,-10.58,-13.09,-14.09,-12.87,-13.48
2010-05-07,600508,22.2,21.92,22.92,21.65,128629,287056015.0,5.5,-4.98,-1.15,1.78,-1.76,5.96,9.61,7.62,9.28,10.35,7.99,12.06,13.03,11.87,23.36,23.28,22.46,22.22,1.19,0.91,-7.16,-5.84,-5.89,-8.53,-9.58,-8.3,-8.94,-4.43
2010-05-10,600508,21.75,21.26,22.18,20.6,108726,231640063.0,7.21,-3.01,-0.66,1.5,11.36,15.19,13.11,14.85,15.97,13.5,17.77,18.79,17.57,11.26,22.95,23.11,22.41,22.25,4.05,-4.28,-2.92,-2.96,-5.69,-6.77,-5.46,-6.11,-1.46,-3.39
2010-05-11,600508,21.81,20.29,22.12,20.0,127041,268991867.0,9.97,-4.56,-0.97,1.76,18.65,16.5,18.3,19.45,16.9,21.3,22.35,21.1,14.6,10.9,22.16,22.83,22.32,22.23,0.3,1.72,1.68,-1.18,-2.32,-0.94,-1.63,3.25,1.23,0.3
2010-05-12,600508,19.94,19.54,20.35,19.38,95158,188130038.0,4.78,-3.7,-0.75,1.32,20.23,22.08,23.27,20.64,25.18,26.26,24.97,18.27,14.45,14.14,21.22,22.46,22.19,22.16,5.63,5.58,2.61,1.43,2.87,2.15,7.22,5.12,4.15,5.68
2010-05-13,600508,19.7,20.6,20.64,19.65,97571,197279218.0,5.07,5.42,1.06,1.35,20.41,21.58,18.98,23.46,24.53,23.26,16.64,12.88,12.57,3.56,20.72,22.17,22.11,22.12,0.15,-2.67,-3.79,-2.43,-3.11,1.7,-0.29,-1.21,0.24,1.94
2010-05-14,600508,20.32,20.41,20.63,20.18,88990,181802838.0,2.18,-0.92,-0.19,1.23,18.38,15.86,20.22,21.26,20.02,13.58,9.91,9.61,0.84,2.28,20.42,21.89,22.0,22.09,-1.76,-2.89,-1.52,-2.2,2.65,0.64,-0.29,1.18,2.89,-1.03
2010-05-17,600508,19.91,19.1,20.05,19.08,62504,123002273.0,4.75,-6.42,-1.31,0.86,22.54,27.15,28.25,26.94,20.13,16.25,15.93,6.66,8.18,8.12,19.99,21.47,21.86,22.0,3.77,5.24,4.5,9.69,7.54,6.54,8.12,9.95,5.76,2.36
2010-05-18,600508,19.09,19.64,19.82,18.86,59843,115652412.0,5.03,2.83,0.54,0.83,28.63,29.75,28.42,21.53,17.6,17.29,7.9,9.44,9.38,6.31,19.86,21.01,21.81,21.9,2.34,1.63,6.67,4.58,3.62,5.14,6.92,2.85,-0.46,-1.22
2010-05-19,600508,19.3,19.69,20.1,19.22,58098,114712464.0,4.48,0.25,0.05,0.8,27.32,26.01,19.25,15.4,15.09,5.88,7.39,7.34,4.32,3.12,19.89,20.55,21.77,21.81,1.37,6.4,4.32,3.35,4.88,6.65,2.59,-0.71,-1.47,0.46
2010-05-21,600508,18.8,19.83,19.96,18.61,73164,141454276.0,6.86,0.71,0.14,1.01,30.15,23.16,19.18,18.86,9.35,10.91,10.85,7.74,6.5,8.01,19.73,20.23,21.7,21.72,5.65,3.58,2.62,4.14,5.9,1.87,-1.41,-2.17,-0.25,-2.37
2010-05-24,600508,20.15,20.63,20.95,19.9,78794,161692490.0,5.3,4.03,0.8,1.09,15.18,11.46,11.16,2.26,3.72,3.67,0.75,-0.4,1.01,0.3,19.78,20.1,21.69,21.68,-0.44,-1.36,0.1,1.79,-2.08,-5.24,-5.96,-4.12,-6.16,-7.46
2010-05-25,600508,20.5,20.14,20.54,19.97,62099,125627038.0,2.76,-2.38,-0.49,0.86,11.07,10.77,1.9,3.36,3.3,0.4,-0.75,0.65,-0.05,4.91,19.99,19.99,21.55,21.6,1.04,2.53,4.27,0.3,-2.93,-3.67,-1.79,-3.87,-5.21,-4.77
2010-05-26,600508,20.08,20.14,20.35,19.92,35566,71541687.0,2.14,0.0,0.0,0.49,11.04,2.16,3.61,3.56,0.65,-0.5,0.9,0.2,5.17,3.11,20.09,19.97,21.4,21.54,2.53,4.27,0.3,-2.93,-3.67,-1.79,-3.87,-5.21,-4.77,-1.89
2010-05-27,600508,20.17,20.51,20.65,19.66,63522,128759848.0,4.92,1.84,0.37,0.88,3.51,4.98,4.93,1.98,0.81,2.24,1.53,6.56,4.48,3.51,20.25,20.07,21.26,21.48,2.39,-1.51,-4.68,-5.41,-3.56,-5.61,-6.92,-6.48,-3.66,-4.1
2010-05-28,600508,20.96,20.28,21.0,20.03,64805,133420039.0,4.73,-1.12,-0.23,0.9,3.05,3.0,0.1,-1.05,0.35,-0.35,4.59,2.55,1.6,3.1,20.34,20.04,21.1,21.42,-0.39,-3.6,-4.34,-2.47,-4.54,-5.87,-5.42,-2.56,-3.01,-2.17
2010-05-31,600508,20.0,19.36,20.2,19.35,52434,103859628.0,4.19,-4.54,-0.92,0.73,6.61,3.62,2.43,3.88,3.15,8.27,6.15,5.17,6.72,8.53,20.09,19.93,20.91,21.31,0.98,0.21,2.17,0.0,-1.39,-0.93,2.07,1.6,2.48,3.05
2010-06-01,600508,19.32,19.09,19.55,18.85,40188,77075927.0,3.62,-1.39,-0.27,0.56,6.37,5.15,6.63,5.89,11.14,8.97,7.96,9.55,11.41,7.16,19.88,19.93,20.7,21.21,1.62,3.61,1.41,0.0,0.47,3.51,3.04,3.93,4.5,2.2
2010-06-02,600508,19.0,19.36,19.4,18.91,29596,56653881.0,2.57,1.41,0.27,0.41,4.81,6.29,5.55,10.79,8.62,7.62,9.2,11.05,6.82,3.38,19.72,19.9,20.45,21.18,2.17,0.0,-1.39,-0.93,2.07,1.6,2.48,3.05,0.77,1.76
2010-06-03,600508,19.49,19.22,19.78,19.21,47654,93053920.0,2.94,-0.72,-0.14,0.66,4.63,3.9,9.06,6.92,5.93,7.5,9.32,5.15,1.77,0.99,19.46,19.86,20.2,21.13,0.73,-0.68,-0.21,2.81,2.34,3.23,3.8,1.51,2.5,2.65
2010-06-04,600508,19.22,19.29,19.36,19.01,25735,49392337.0,1.82,0.36,0.07,0.36,5.0,10.21,8.05,7.05,8.63,10.47,6.26,2.84,2.05,4.05,19.26,19.8,20.01,21.07,-1.04,-0.57,2.44,1.97,2.85,3.42,1.14,2.13,2.28,1.61
2010-06-07,600508,18.7,18.98,19.09,18.63,30158,56968031.0,2.38,-1.61,-0.31,0.42,12.45,10.25,9.23,10.84,12.72,8.43,4.94,4.13,6.17,3.92,19.19,19.64,19.87,21.01,1.05,4.11,3.64,4.53,5.11,2.79,3.79,3.95,3.27,2.0
2010-06-08,600508,19.0,19.07,19.18,18.85,26688,50727816.0,1.74,0.47,0.09,0.37,8.97,7.96,9.55,11.41,7.16,3.71,2.92,4.93,2.71,1.27,19.18,19.53,19.76,20.88,3.62,3.15,4.04,4.61,2.31,3.3,3.46,2.78,1.52,0.47
2010-06-09,600508,19.19,19.67,19.76,19.1,45009,87585292.0,3.46,3.15,0.6,0.62,6.54,8.12,9.95,5.76,2.36,1.57,3.56,1.36,-0.05,0.42,19.25,19.48,19.73,20.76,0.0,0.86,1.42,-0.81,0.15,0.31,-0.36,-1.58,-2.59,-2.85
2010-06-10,600508,19.62,19.49,19.67,19.36,28020,54664688.0,1.58,-0.92,-0.18,0.39,6.66,8.47,4.34,0.98,0.21,2.17,0.0,-1.39,-0.93,2.07,19.3,19.38,19.72,20.63,1.8,2.36,0.1,1.08,1.23,0.56,-0.67,-1.69,-1.95,-2.51
2010-06-11,600508,19.55,19.67,19.84,19.42,36574,71979718.0,2.15,0.92,0.18,0.51,8.14,4.02,0.67,-0.1,1.85,-0.31,-1.7,-1.24,1.75,1.29,19.38,19.32,19.68,20.51,1.42,-0.81,0.15,0.31,-0.36,-1.58,-2.59,-2.85,-3.41,-9.71
2010-06-17,600508,19.92,19.45,19.95,19.4,23344,46034696.0,2.8,-1.12,-0.22,0.32,4.12,0.77,0.0,1.96,-0.21,-1.6,-1.13,1.86,1.39,2.27,19.47,19.33,19.63,20.38,0.31,1.29,1.44,0.77,-0.46,-1.49,-1.75,-2.31,-8.69,-11.67
2010-06-18,600508,19.45,19.06,19.51,18.91,24304,46674557.0,3.08,-2.01,-0.39,0.34,3.38,2.59,4.6,2.38,0.95,1.43,4.49,4.02,4.92,5.5,19.47,19.33,19.63,20.24,3.36,3.52,2.83,1.57,0.52,0.26,-0.31,-6.82,-9.86,-12.01
2010-06-21,600508,19.05,19.65,19.7,19.0,28808,56166803.0,3.67,3.1,0.59,0.4,2.11,4.11,1.89,0.47,0.95,4.0,3.53,4.42,5.0,2.68,19.46,19.36,19.63,20.09,0.41,-0.25,-1.48,-2.49,-2.75,-3.31,-9.62,-12.57,-14.66,-17.81
2010-06-22,600508,19.56,19.64,19.73,19.45,26243,51453717.0,1.42,-0.05,-0.01,0.36,1.7,-0.46,-1.85,-1.39,1.59,1.13,2.01,2.57,0.31,1.29,19.49,19.4,19.63,19.93,-0.2,-1.43,-2.44,-2.7,-3.26,-9.57,-12.53,-14.61,-17.77,-15.94
2010-06-23,600508,19.44,19.22,19.6,19.08,21944,42232899.0,2.65,-2.14,-0.42,0.3,1.47,0.05,0.52,3.56,3.09,3.98,4.56,2.25,3.25,3.41,19.4,19.39,19.6,19.81,0.73,-0.31,-0.57,-1.14,-7.6,-10.61,-12.75,-15.97,-14.1,-13.42
2010-06-24,600508,19.17,19.16,19.36,19.0,11687,22397009.0,1.87,-0.31,-0.06,0.16,0.47,0.95,4.0,3.53,4.42,5.0,2.68,3.68,3.84,3.16,19.35,19.41,19.52,19.71,0.0,-0.26,-0.84,-7.31,-10.33,-12.47,-15.71,-13.83,-13.15,-12.06
2010-06-25,600508,19.08,19.0,19.16,18.88,14334,27240690.0,1.46,-0.84,-0.16,0.2,1.59,4.66,4.18,5.08,5.67,3.34,4.34,4.5,3.81,2.54,19.33,19.4,19.47,19.64,0.58,0.0,-6.53,-9.58,-11.74,-15.0,-13.11,-12.42,-11.32,-7.37
2010-06-28,600508,19.0,18.81,19.11,18.7,14145,26721567.0,2.16,-1.0,-0.19,0.2,5.67,5.19,6.1,6.68,4.33,5.35,5.51,4.81,3.53,2.46,19.17,19.32,19.4,19.59,1.01,-5.58,-8.67,-10.85,-14.14,-12.23,-11.54,-10.42,-6.43,-6.22
2010-06-29,600508,18.82,17.81,19.0,17.8,33013,60075142.0,6.38,-5.32,-1.0,0.46,10.51,11.46,12.08,9.61,10.67,10.84,10.11,8.76,7.64,7.36,18.8,19.15,19.26,19.53,-0.28,-3.54,-5.84,-9.32,-7.3,-6.57,-5.39,-1.18,-0.95,-2.92
2010-06-30,600508,17.66,16.87,17.76,16.8,41046,70179618.0,5.39,-5.28,-0.94,0.57,18.1,18.75,16.13,17.26,17.44,16.67,15.24,14.05,13.75,13.1,18.33,18.87,19.09,19.41,1.84,-0.59,-4.27,-2.13,-1.36,-0.12,4.33,4.56,2.49,5.22
2010-07-01,600508,16.78,16.5,17.18,16.43,30625,51258389.0,4.45,-2.19,-0.37,0.42,21.42,18.75,19.9,20.09,19.29,17.83,16.62,16.31,15.64,8.09,17.8,18.57,18.95,19.28,1.64,-2.12,0.06,0.85,2.12,6.67,6.91,4.79,7.58,6.85
2010-07-02,600508,16.5,16.37,16.77,15.6,35096,56429670.0,7.09,-0.79,-0.13,0.49,25.06,26.28,26.47,25.64,24.1,22.82,22.5,21.79,13.85,10.13,17.27,18.3,18.81,19.19,-1.34,0.86,1.65,2.93,7.51,7.76,5.62,8.43,7.7,7.51
2010-07-05,600508,16.1,15.97,16.15,15.58,20288,32305047.0,3.48,-2.44,-0.4,0.28,26.44,26.64,25.8,24.26,22.98,22.66,21.95,13.99,10.27,7.64,16.7,17.94,18.64,19.06,3.38,4.2,5.51,10.21,10.46,8.27,11.15,10.39,10.21,16.91
2010-07-06,600508,15.91,16.44,16.51,15.91,27053,44175265.0,3.76,2.94,0.47,0.37,24.01,23.19,21.68,20.43,20.11,19.42,11.63,7.98,5.41,1.51,16.43,17.62,18.51,18.96,1.22,2.49,7.06,7.3,5.17,7.97,7.24,7.06,13.56,17.03
2010-07-07,600508,16.44,16.64,16.64,16.35,22751,37548824.0,1.76,1.22,0.2,0.31,19.88,18.41,17.19,16.88,16.21,8.62,5.08,2.57,-1.22,0.98,16.38,17.36,18.37,18.85,1.26,5.77,6.01,3.91,6.67,5.95,5.77,12.2,15.62,15.87
2010-07-08,600508,16.8,16.4,16.85,16.32,23632,39083505.0,3.19,-1.44,-0.24,0.33,18.63,17.4,17.1,16.42,8.82,5.27,2.76,-1.04,1.16,1.96,16.36,17.08,18.24,18.71,7.32,7.56,5.43,8.23,7.5,7.32,13.84,17.32,17.56,16.46
2010-07-09,600508,16.37,17.3,17.6,16.2,45630,77828140.0,8.54,5.49,0.9,0.63,18.27,17.96,17.28,9.63,6.05,3.52,-0.31,1.91,2.72,4.01,16.55,16.91,18.16,18.61,1.97,-0.06,2.6,1.91,1.73,7.92,11.21,11.45,10.4,11.27
2010-07-12,600508,17.31,17.52,17.64,17.09,46528,81044111.0,3.18,1.27,0.22,0.64,11.82,11.18,3.92,0.53,-1.87,-5.5,-3.39,-2.63,-1.4,2.98,16.86,16.78,18.05,18.53,-1.31,1.31,0.63,0.46,6.56,9.82,10.05,9.02,9.87,19.75
2010-07-13,600508,17.2,16.99,17.29,16.86,31225,53360249.0,2.45,-3.03,-0.53,0.43,12.69,5.34,1.9,-0.53,-4.21,-2.08,-1.3,-0.06,4.39,4.63,16.97,16.7,17.92,18.41,4.47,3.77,3.59,9.89,13.24,13.48,12.42,13.3,23.48,27.02
2010-07-14,600508,17.2,17.58,17.75,17.12,67408,117971929.0,3.71,3.47,0.59,0.93,3.74,0.35,-2.04,-5.67,-3.56,-2.8,-1.58,2.8,3.04,0.99,17.16,16.77,17.82,18.32,0.28,0.11,6.2,9.44,9.67,8.65,9.5,19.34,22.75,30.77
2010-07-15,600508,17.53,17.1,17.63,17.08,44937,78359812.0,3.13,-2.73,-0.48,0.62,0.59,-1.81,-5.44,-3.34,-2.58,-1.35,3.04,3.28,1.23,3.92,17.3,16.83,17.7,18.24,2.92,9.18,12.51,12.75,11.7,12.57,22.69,26.2,34.44,32.98
2010-07-16,600508,16.83,17.58,17.6,16.83,31953,55049508.0,4.5,2.81,0.48,0.44,-0.36,-4.04,-1.9,-1.13,0.12,4.58,4.81,2.73,5.47,4.75,17.35,16.95,17.63,18.19,6.2,9.44,9.67,8.65,9.5,19.34,22.75,30.77,29.35,28.9
2010-07-19,600508,17.18,18.42,18.67,17.18,77476,141505320.0,8.48,4.78,0.84,1.07,-6.0,-3.9,-3.14,-1.92,2.44,2.68,0.64,3.32,2.62,2.44,17.53,17.2,17.57,18.16,4.45,4.67,3.69,4.51,13.9,17.16,24.81,23.45,23.02,24.38
2010-07-20,600508,18.5,18.89,19.24,18.4,82354,155253932.0,4.56,2.55,0.47,1.14,-10.27,-9.57,-8.42,-4.35,-4.13,-6.03,-3.53,-4.18,-4.35,1.47,17.91,17.44,17.53,18.15,2.06,1.11,1.91,11.06,14.24,21.7,20.38,19.96,21.28,23.08
2010-07-21,600508,19.0,18.89,19.28,18.6,85363,161821593.0,3.6,0.0,0.0,1.18,-10.54,-9.41,-5.38,-5.16,-7.04,-4.57,-5.22,-5.38,0.38,3.44,18.18,17.67,17.51,18.14,1.11,1.91,11.06,14.24,21.7,20.38,19.96,21.28,23.08,20.65
2010-07-22,600508,18.79,18.98,19.1,18.67,64917,122744574.0,2.28,0.48,0.09,0.9,-9.75,-5.73,-5.52,-7.39,-4.93,-5.57,-5.73,0.0,3.05,3.27,18.55,17.93,17.5,18.14,1.42,10.54,13.7,21.13,19.81,19.39,20.71,22.5,20.07,18.6
2010-07-23,600508,18.99,19.07,19.25,18.87,53688,102232962.0,2.0,0.47,0.09,0.74,-6.73,-6.52,-8.37,-5.94,-6.57,-6.73,-1.06,1.96,2.17,1.22,18.85,18.1,17.51,18.14,10.02,13.16,20.56,19.24,18.83,20.14,21.92,19.51,18.04,17.72
2010-07-26,600508,20.98,20.72,20.98,20.49,242257,504077267.0,2.57,8.65,1.65,3.35,-13.91,-15.62,-13.37,-13.96,-14.1,-8.88,-6.1,-5.91,-6.78,-6.05,19.31,18.42,17.6,18.17,4.15,10.96,9.75,9.36,10.57,12.21,9.99,8.64,8.35,9.94
2010-07-27,600508,20.8,21.33,21.58,20.7,168712,357181314.0,4.25,2.94,0.61,2.33,-16.47,-14.25,-14.83,-14.98,-9.81,-7.05,-6.86,-7.73,-7.0,1.35,19.8,18.86,17.78,18.23,7.78,6.61,6.24,7.41,9.0,6.84,5.53,5.25,6.8,7.31
2010-07-28,600508,21.6,22.59,22.99,21.38,204561,455017892.0,7.55,5.91,1.26,2.83,-16.98,-17.54,-17.68,-12.68,-10.01,-9.82,-10.66,-9.96,-1.87,0.94,20.54,19.36,18.06,18.33,0.66,0.31,1.42,2.92,0.89,-0.35,-0.62,0.84,1.33,0.31
2010-07-29,600508,22.61,22.55,22.74,22.22,149554,336135184.0,2.3,-0.18,-0.04,2.07,-20.66,-20.79,-15.98,-13.41,-13.23,-14.04,-13.37,-5.58,-2.88,3.47,21.25,19.9,18.37,18.43,0.49,1.6,3.1,1.06,-0.18,-0.44,1.02,1.51,0.49,-0.67
2010-07-30,600508,22.41,22.62,22.66,22.14,114066,255247850.0,2.31,0.31,0.07,1.58,-20.51,-15.67,-13.1,-12.92,-13.73,-13.05,-5.24,-2.53,3.84,2.71,21.96,20.41,18.68,18.55,1.28,2.79,0.75,-0.49,-0.75,0.71,1.19,0.18,-0.97,2.56
2010-08-02,600508,22.69,22.73,22.91,22.5,106230,240994043.0,1.81,0.49,0.11,1.47,-17.02,-14.49,-14.31,-15.11,-14.44,-6.76,-4.09,2.18,1.07,0.71,22.36,20.84,19.02,18.66,2.29,0.26,-0.97,-1.23,0.22,0.7,-0.31,-1.45,2.07,6.34
2010-08-03,600508,22.9,22.3,23.25,22.25,143553,327686933.0,4.4,-1.89,-0.43,1.99,-13.53,-13.35,-14.16,-13.48,-5.71,-3.01,3.33,2.2,1.84,2.97,22.56,21.18,19.31,18.74,2.2,0.94,0.67,2.15,2.65,1.61,0.45,4.04,8.39,8.74
2010-08-04,600508,22.21,22.51,22.79,22.0,121574,271447280.0,3.54,0.94,0.21,1.68,-12.36,-13.18,-12.5,-4.64,-1.91,4.5,3.36,3.0,4.14,5.68,22.54,21.54,19.6,18.85,0.0,-0.27,1.2,1.69,0.67,-0.49,3.07,7.37,7.73,7.77
2010-08-05,600508,22.47,22.18,22.51,22.03,72249,160740524.0,2.13,-1.47,-0.33,1.0,-13.3,-12.62,-4.77,-2.04,4.36,3.22,2.86,3.99,5.54,3.45,22.47,21.86,19.89,18.96,1.22,2.71,3.2,2.16,0.99,4.6,8.97,9.33,9.38,11.14
2010-08-06,600508,22.25,22.4,22.45,21.6,126218,278391502.0,3.83,0.99,0.22,1.75,-10.88,-2.87,-0.09,6.44,5.28,4.91,6.06,7.64,5.51,4.21,22.42,22.19,20.15,19.07,1.7,2.19,1.16,0.0,3.57,7.9,8.26,8.3,10.04,7.9
2010-08-09,600508,22.25,22.75,22.78,22.16,98225,221572416.0,2.77,1.56,0.35,1.36,-5.32,-2.62,3.75,2.62,2.26,3.38,4.92,2.84,1.58,1.31,22.43,22.4,20.41,19.2,0.62,-0.4,-1.54,1.98,6.24,6.59,6.64,8.35,6.24,2.51
2010-08-10,600508,22.76,21.85,22.89,21.82,91787,204846925.0,4.7,-3.96,-0.9,1.27,-1.1,5.36,4.22,3.85,5.0,6.55,4.45,3.16,2.89,4.4,22.34,22.45,20.65,19.33,3.71,2.52,6.18,10.62,10.98,11.03,12.81,10.62,6.73,7.37
2010-08-11,600508,21.76,22.3,22.66,21.76,85200,190232386.0,4.12,2.06,0.45,1.18,5.65,4.5,4.14,5.28,6.85,4.73,3.45,3.17,4.69,5.19,22.3,22.42,20.89,19.52,0.45,4.04,8.39,8.74,8.79,10.54,8.39,4.57,5.2,3.14
2010-08-12,600508,22.04,22.33,22.4,21.85,65898,145810101.0,2.47,0.13,0.03,0.91,4.07,3.71,4.85,6.41,4.3,3.02,2.75,4.26,4.76,3.71,22.33,22.4,21.15,19.71,3.9,8.24,8.6,8.64,10.39,8.24,4.43,5.06,3.0,2.96
2010-08-13,600508,22.41,23.13,23.2,22.25,159215,361878921.0,4.25,3.58,0.8,2.2,1.84,2.97,4.49,2.43,1.17,0.9,2.38,2.88,1.84,0.67,22.47,22.45,21.43,19.94,4.5,4.84,4.89,6.57,4.5,0.82,1.43,-0.56,-0.61,-1.64
2010-08-16,600508,23.15,23.91,24.17,22.87,263865,619828385.0,5.62,3.37,0.78,3.65,0.17,1.66,-0.35,-1.57,-1.84,-0.39,0.09,-0.92,-2.06,1.44,22.7,22.57,21.7,20.2,1.42,1.46,3.09,1.09,-2.47,-1.88,-3.81,-3.85,-4.85,-2.59
2010-08-17,600508,23.92,23.91,24.25,23.7,114511,274335834.0,2.3,0.0,0.0,1.58,-1.9,-3.84,-5.02,-5.27,-3.88,-3.42,-4.39,-5.49,-2.11,1.98,23.12,22.73,21.95,20.45,1.46,3.09,1.09,-2.47,-1.88,-3.81,-3.85,-4.85,-2.59,-0.29
2010-08-18,600508,23.96,24.13,24.26,23.76,92667,222394869.0,2.09,0.92,0.22,1.28,-4.08,-5.26,-5.51,-4.12,-3.66,-4.63,-5.72,-2.36,1.73,2.06,23.48,22.89,22.21,20.7,2.15,0.17,-3.36,-2.78,-4.68,-4.72,-5.72,-3.48,-1.2,-1.45
2010-08-19,600508,24.1,24.24,24.65,24.06,145155,353669616.0,2.45,0.46,0.11,2.01,-6.44,-6.69,-5.32,-4.86,-5.82,-6.9,-3.57,0.46,0.79,0.83,23.86,23.1,22.48,20.96,-0.29,-3.8,-3.22,-5.12,-5.16,-6.15,-3.92,-1.65,-1.9,-2.15
2010-08-20,600508,24.01,23.19,24.17,23.02,124164,291643392.0,4.74,-4.33,-1.05,1.72,-2.48,-1.04,-0.56,-1.56,-2.69,0.78,5.0,5.34,5.39,7.08,23.88,23.17,22.68,21.16,0.56,1.16,-0.82,-0.86,-1.9,0.43,2.8,2.54,2.29,1.6
2010-08-23,600508,23.2,22.97,23.32,22.85,74193,171122804.0,2.03,-0.95,-0.22,1.03,-0.31,0.18,-0.83,-1.97,1.53,5.78,6.13,6.17,7.88,5.78,23.69,23.2,22.8,21.34,2.13,0.13,0.09,-0.96,1.39,3.79,3.53,3.27,2.57,4.4
2010-08-24,600508,22.91,23.12,23.46,22.65,67106,155094438.0,3.53,0.65,0.15,0.93,1.06,0.04,-1.1,2.43,6.71,7.06,7.11,8.83,6.71,2.96,23.53,23.32,22.89,21.54,-0.52,-0.56,-1.6,0.74,3.11,2.85,2.6,1.9,3.72,5.19
2010-08-25,600508,22.97,22.33,23.0,22.32,93532,211575754.0,2.94,-3.42,-0.79,1.29,1.52,0.36,3.94,8.29,8.65,8.69,10.44,8.29,4.48,5.11,23.17,23.33,22.87,21.7,2.96,1.88,4.3,6.76,6.49,6.22,5.51,7.39,8.91,6.85
2010-08-26,600508,22.8,22.52,22.99,22.39,75895,172621309.0,2.69,0.85,0.19,1.05,0.04,3.62,7.95,8.31,8.35,10.09,7.95,4.15,4.78,2.72,22.83,23.35,22.87,21.88,1.02,3.42,5.86,5.6,5.33,4.62,6.48,7.99,5.95,6.13
2010-08-27,600508,22.37,22.69,22.75,22.2,47383,106786105.0,2.44,0.75,0.17,0.66,4.5,8.87,9.23,9.28,11.04,8.87,5.05,5.68,3.6,3.56,22.73,23.3,22.87,22.05,2.64,5.07,4.8,4.54,3.83,5.69,7.18,5.16,5.33,2.16
2010-08-30,600508,22.98,23.23,23.29,22.82,88929,205348925.0,2.07,2.38,0.54,1.23,5.92,6.27,6.31,8.02,5.92,2.19,2.8,0.79,0.74,-0.31,22.78,23.23,22.9,22.21,2.63,2.37,2.11,1.42,3.23,4.69,2.71,2.88,-0.22,0.3
2010-08-31,600508,23.0,23.62,23.84,22.9,100994,236117680.0,4.05,1.68,0.39,1.4,5.9,5.94,7.64,5.55,1.83,2.45,0.44,0.39,-0.66,1.7,22.88,23.2,22.97,22.37,0.68,0.42,-0.25,1.52,2.96,1.02,1.19,-1.86,-1.35,-1.35
2010-09-01,600508,23.58,23.08,23.78,22.7,87857,204756740.0,4.57,-2.29,-0.54,1.22,6.87,8.59,6.48,2.73,3.35,1.32,1.28,0.22,2.6,5.02,23.03,23.1,22.99,22.51,2.77,2.08,3.9,5.37,3.38,3.55,0.43,0.95,0.95,-0.52
2010-09-02,600508,23.4,23.34,23.72,23.21,82264,193058570.0,2.21,1.13,0.26,1.14,6.2,4.14,0.47,1.08,-0.9,-0.95,-1.98,0.34,2.71,2.46,23.19,23.01,23.05,22.65,0.94,2.74,4.2,2.23,2.4,-0.69,-0.17,-0.17,-1.63,-3.64
2010-09-03,600508,23.48,23.31,23.56,23.04,64376,150390840.0,2.23,-0.13,-0.03,0.89,4.9,1.22,1.82,-0.17,-0.22,-1.26,1.09,3.47,3.21,2.95,23.32,23.02,23.1,22.8,2.87,4.33,2.36,2.53,-0.56,-0.04,-0.04,-1.5,-3.52,-5.23
2010-09-06,600508,23.32,23.97,23.98,23.32,118144,280271594.0,2.83,2.83,0.66,1.63,0.0,0.6,-1.37,-1.42,-2.44,-0.13,2.23,1.97,1.72,1.03,23.46,23.12,23.16,22.9,1.46,-0.46,-0.29,-3.3,-2.8,-2.8,-4.21,-6.17,-7.84,-8.68
2010-09-07,600508,24.0,23.79,24.32,23.54,94737,226328658.0,3.25,-0.75,-0.18,1.31,-0.34,-2.29,-2.34,-3.36,-1.06,1.27,1.02,0.76,0.08,1.87,23.5,23.19,23.26,22.99,0.29,0.46,-2.56,-2.06,-2.06,-3.49,-5.46,-7.15,-7.99,-6.64
2010-09-08,600508,23.7,23.83,23.86,23.32,75203,176958607.0,2.27,0.17,0.04,1.04,-1.37,-1.42,-2.44,-0.13,2.23,1.97,1.72,1.03,2.83,4.29,23.65,23.34,23.33,23.03,0.29,-2.73,-2.22,-2.22,-3.65,-5.62,-7.3,-8.14,-6.8,-5.16
2010-09-09,600508,23.73,22.99,23.9,22.93,95662,223369042.0,4.07,-3.52,-0.84,1.32,0.26,-0.78,1.57,3.97,3.71,3.45,2.75,4.58,6.06,4.06,23.58,23.39,23.36,23.04,0.83,1.35,1.35,-0.13,-2.17,-3.91,-4.78,-3.39,-1.7,-2.04
2010-09-10,600508,23.05,22.82,23.18,22.45,69999,159307093.0,3.18,-0.74,-0.17,0.97,1.34,3.74,6.19,5.92,5.66,4.94,6.82,8.33,6.28,6.46,23.48,23.4,23.35,23.05,2.1,2.1,0.61,-1.45,-3.2,-4.08,-2.67,-0.96,-1.31,1.53
2010-09-13,600508,22.9,23.11,23.3,22.6,62115,143042966.0,3.07,1.27,0.29,0.86,3.05,5.49,5.22,4.96,4.25,6.11,7.61,5.58,5.75,2.57,23.31,23.39,23.31,23.06,0.82,-0.65,-2.68,-4.41,-5.28,-3.89,-2.21,-2.55,0.26,-0.13
2010-09-14,600508,23.25,22.91,23.3,22.83,45980,106006904.0,2.03,-0.87,-0.2,0.64,4.42,4.16,3.9,3.2,5.04,6.53,4.51,4.69,1.53,2.06,23.13,23.32,23.26,23.08,0.22,-1.83,-3.58,-4.45,-3.06,-1.35,-1.7,1.13,0.74,10.52
2010-09-15,600508,22.93,22.34,22.96,22.26,57122,128734657.0,3.06,-2.49,-0.57,0.79,6.83,6.56,5.84,7.73,9.25,7.19,7.37,4.13,4.67,4.67,22.83,23.24,23.17,23.08,0.67,-1.12,-2.01,-0.58,1.16,0.81,3.72,3.31,13.34,24.66
2010-09-16,600508,22.36,21.85,22.49,21.68,60557,133531886.0,3.63,-2.19,-0.49,0.84,9.41,8.67,10.61,12.18,10.06,10.24,6.92,7.47,7.47,5.9,22.61,23.09,23.05,23.07,1.1,0.18,1.65,3.43,3.07,6.04,5.63,15.88,27.46,35.01
2010-09-17,600508,22.0,21.77,22.09,21.72,41355,90376707.0,1.69,-0.37,-0.08,0.57,8.47,10.41,11.97,9.85,10.04,6.72,7.27,7.27,5.71,3.55,22.4,22.94,22.98,23.04,0.55,2.02,3.81,3.45,6.43,6.02,16.31,27.93,35.51,36.89
2010-09-20,600508,21.79,21.55,21.89,21.49,29174,63303257.0,1.84,-1.01,-0.22,0.4,11.59,13.17,11.03,11.21,7.86,8.42,8.42,6.84,4.65,2.79,22.08,22.7,22.91,23.0,3.06,4.87,4.5,7.52,7.1,17.49,29.23,36.89,38.28,39.03
2010-09-21,600508,21.62,22.08,22.21,21.62,33817,73998390.0,2.74,2.46,0.53,0.47,12.49,10.36,10.55,7.22,7.77,7.77,6.2,4.02,2.17,1.25,21.92,22.53,22.86,23.01,2.36,1.99,4.94,4.53,14.67,26.13,33.61,34.96,35.69,35.87
2010-09-27,600508,22.3,22.58,22.6,22.11,45459,101931490.0,2.22,2.26,0.5,0.63,7.91,8.1,4.84,5.38,5.38,3.84,1.72,-0.09,-1.0,0.45,21.97,22.4,22.87,23.02,-0.27,2.61,2.21,12.13,23.34,30.65,31.98,32.68,32.86,32.73
2010-09-28,600508,22.45,22.14,22.52,22.05,35603,79344357.0,2.08,-1.95,-0.44,0.49,8.39,5.12,5.67,5.67,4.13,2.0,0.18,-0.73,0.73,2.49,22.02,22.32,22.85,23.01,4.65,4.25,14.36,25.79,33.24,34.6,35.32,35.5,35.37,42.68
2010-09-29,600508,22.1,22.57,23.17,22.08,88299,200960721.0,4.92,1.94,0.43,1.22,4.98,5.53,5.53,3.99,1.86,0.05,-0.86,0.59,2.36,1.99,22.18,22.29,22.84,23.0,2.26,12.18,23.39,30.7,32.03,32.74,32.92,32.79,39.96,53.92
2010-09-30,600508,22.55,23.02,23.08,22.36,62821,143779215.0,3.19,1.99,0.45,0.87,4.2,4.2,2.68,0.58,-1.21,-2.1,-0.67,1.07,0.72,3.62,22.48,22.28,22.83,22.97,9.99,20.98,28.15,29.45,30.15,30.32,30.19,37.23,50.91,48.18
2010-10-08,600508,23.55,25.32,25.32,23.53,292005,726844067.0,7.78,9.99,2.3,4.04,-0.98,-2.42,-4.42,-6.12,-6.97,-5.61,-3.95,-4.29,-1.53,-1.91,23.13,22.52,22.92,23.01,9.99,16.51,17.69,18.33,18.48,18.36,24.76,37.2,34.72,37.4
2010-10-11,600508,26.31,27.39,27.85,26.31,470378,1290399890.0,6.08,8.18,2.07,6.51,-12.73,-14.52,-16.04,-16.8,-15.58,-14.1,-14.41,-11.93,-12.28,-3.76,24.09,23.03,23.13,23.12,7.7,8.8,9.38,9.53,9.42,15.33,26.83,24.53,27.02,29.61
2010-10-12,600508,27.03,28.63,29.5,26.87,320381,903651431.0,9.6,4.53,1.24,4.43,-16.3,-17.79,-18.53,-17.34,-15.89,-16.19,-13.77,-14.1,-5.77,3.65,25.39,23.71,23.4,23.27,4.09,4.65,4.79,4.68,10.34,21.34,19.14,21.52,24.0,32.03
2010-10-13,600508,28.55,28.5,29.8,27.9,270711,779040028.0,6.64,-0.45,-0.13,3.75,-20.82,-21.54,-20.39,-19.0,-19.28,-16.95,-17.28,-9.25,-0.18,5.73,26.57,24.38,23.66,23.45,5.12,5.26,5.16,10.84,21.89,19.68,22.07,24.56,32.63,22.7
2010-10-14,600508,28.96,29.12,29.96,28.2,293432,852230698.0,6.18,2.18,0.62,4.06,-22.38,-21.24,-19.86,-20.14,-17.84,-18.16,-10.21,-1.24,4.61,5.67,27.79,25.14,23.92,23.65,3.02,2.92,8.48,19.3,17.14,19.47,21.91,29.81,20.09,14.01
2010-10-15,600508,28.71,29.4,30.0,28.2,284476,833484026.0,6.18,0.96,0.28,3.94,-21.24,-19.86,-20.14,-17.84,-18.16,-10.21,-1.24,4.61,5.67,6.24,28.61,25.87,24.2,23.86,1.94,7.45,18.16,16.02,18.33,20.75,28.57,18.95,12.93,10.48
2010-10-18,600508,29.39,28.72,29.97,28.38,212313,619185911.0,5.41,-2.31,-0.68,2.94,-20.37,-20.65,-18.36,-18.68,-10.78,-1.87,3.95,5.0,5.57,5.71,28.87,26.48,24.44,24.07,9.99,20.96,18.77,21.14,23.61,31.62,21.76,15.6,13.09,16.82
2010-10-19,600508,28.72,31.59,31.59,28.66,371271,1152296564.0,10.2,9.99,2.87,5.14,-21.42,-19.16,-19.47,-11.65,-2.83,2.93,3.98,4.54,4.68,4.57,29.47,27.43,24.87,24.38,9.97,7.98,10.13,12.38,19.66,10.7,5.1,2.82,6.2,7.25
2010-10-20,600508,30.89,33.75,34.74,30.5,435520,1414044776.0,13.42,6.84,2.16,6.03,-24.03,-24.33,-16.98,-8.69,-3.28,-2.3,-1.77,-1.64,-1.74,3.57,30.52,28.54,25.42,24.74,1.07,3.08,5.19,12.0,3.61,-1.63,-3.76,-0.59,0.39,-4.98
2010-10-21,600508,34.0,32.89,34.11,32.5,208941,693873767.0,4.77,-2.55,-0.86,2.89,-28.98,-22.09,-14.31,-9.23,-8.31,-7.82,-7.69,-7.78,-2.8,6.89,31.27,29.53,25.91,25.07,5.78,7.94,14.93,6.32,0.94,-1.25,2.01,3.01,-2.49,-3.31
2010-10-22,600508,32.91,33.05,34.79,32.78,191657,647440852.0,6.11,0.49,0.16,2.65,-22.76,-15.04,-10.01,-9.09,-8.6,-8.48,-8.57,-3.63,5.98,4.06,32.0,30.3,26.41,25.38,7.41,14.37,5.81,0.45,-1.72,1.51,2.51,-2.97,-3.78,-1.85
2010-10-25,600508,33.45,35.48,35.5,32.15,218792,744513611.0,10.14,7.35,2.43,3.03,-13.37,-8.24,-7.31,-6.81,-6.69,-6.78,-1.74,8.06,6.1,8.21,33.35,31.11,27.07,25.79,6.54,-1.44,-6.43,-8.46,-5.44,-4.51,-9.61,-10.37,-8.57,-9.81
2010-10-26,600508,36.0,36.98,37.8,35.56,246914,900177202.0,6.31,4.23,1.5,3.42,-17.04,-16.2,-15.75,-15.64,-15.72,-11.16,-2.31,-4.08,-2.17,-0.17,34.43,31.95,27.83,26.25,-5.44,-10.22,-12.17,-9.28,-8.38,-13.28,-14.01,-12.28,-13.47,-11.22
2010-10-27,600508,34.5,33.48,34.97,33.4,523711,1783455933.0,4.25,-9.46,-3.5,7.25,-10.78,-10.3,-10.18,-10.27,-5.42,4.01,2.13,4.16,6.29,13.17,34.38,32.45,28.41,26.59,-0.84,-2.99,0.21,1.19,-4.21,-5.02,-3.11,-4.42,-1.94,-2.03
2010-10-28,600508,32.9,31.87,33.2,31.61,375600,1210279622.0,4.75,-4.81,-1.61,5.2,-5.22,-5.09,-5.19,-0.06,9.9,7.91,10.06,12.31,19.58,10.63,34.17,32.72,28.93,26.85,1.91,5.27,6.31,0.63,-0.22,1.79,0.41,3.01,2.92,6.28
2010-10-29,600508,31.85,31.81,32.48,31.4,224831,718681026.0,3.39,-0.19,-0.06,3.11,-4.46,-4.55,0.61,10.64,8.63,10.8,13.06,20.38,11.37,5.73,33.92,32.96,29.41,27.12,5.47,6.51,0.82,-0.03,1.98,0.6,3.21,3.11,6.48,-4.15
2010-11-01,600508,31.7,33.25,33.55,31.56,369776,1212301502.0,6.26,4.53,1.44,5.12,-5.04,0.1,10.08,8.08,10.23,12.48,19.77,10.8,5.2,2.92,33.48,33.42,29.95,27.43,1.89,-3.55,-4.36,-2.44,-3.76,-1.26,-1.35,1.86,-8.3,-12.33
2010-11-02,600508,33.3,32.19,33.88,31.97,332085,1082210152.0,5.74,-3.19,-1.06,4.59,-1.19,8.66,6.69,8.82,11.04,18.24,9.38,3.85,1.6,4.94,32.52,33.48,30.45,27.74,-0.37,-1.21,0.78,-0.59,1.99,1.89,5.22,-5.28,-9.44,-15.25
2010-11-03,600508,32.06,30.49,32.07,30.42,206549,643237919.0,5.13,-5.28,-1.7,2.86,14.2,12.13,14.37,16.7,24.26,14.96,9.14,6.77,10.29,11.37,31.92,33.15,30.85,27.99,4.3,6.4,4.95,7.67,7.58,11.09,0.0,-4.39,-10.53,-9.94
2010-11-04,600508,30.7,31.34,31.8,30.7,241991,755325873.0,3.61,2.79,0.85,3.35,11.11,13.32,15.64,23.13,13.91,8.14,5.8,9.28,10.36,4.46,31.82,32.99,31.26,28.27,3.51,2.11,4.75,4.66,8.07,-2.71,-6.99,-12.95,-12.38,-11.23
2010-11-05,600508,32.25,31.67,32.44,31.53,174710,557325245.0,2.9,1.05,0.33,2.42,10.34,12.59,19.89,10.91,5.3,3.01,6.41,7.45,1.71,0.86,31.79,32.86,31.58,28.56,1.04,3.66,3.57,6.95,-3.73,-7.96,-13.86,-13.29,-12.16,-12.72
2010-11-08,600508,31.86,31.99,32.0,31.12,145740,460134457.0,2.78,1.01,0.32,2.02,14.07,21.47,12.37,6.68,4.37,7.81,8.87,3.05,2.19,4.24,31.54,32.51,31.81,28.88,2.63,2.53,5.88,-4.69,-8.88,-14.72,-14.16,-13.04,-13.6,-15.41
2010-11-09,600508,32.0,32.81,32.83,31.54,183428,590969452.0,4.03,2.56,0.82,2.54,19.85,10.88,5.26,2.98,6.37,7.42,1.68,0.82,2.85,1.46,31.66,32.09,32.02,29.25,-0.03,3.23,-7.07,-11.16,-16.85,-16.31,-15.21,-15.76,-17.53,-17.56
2010-11-10,600508,32.6,32.33,32.8,31.97,127576,412369021.0,2.53,-1.46,-0.48,1.77,9.38,3.85,1.6,4.94,5.97,0.31,-0.53,1.47,0.09,2.69,32.03,31.98,32.21,29.6,4.76,-5.69,-9.84,-15.62,-15.06,-13.95,-14.51,-16.3,-16.33,-14.72
2010-11-11,600508,32.04,32.16,33.87,31.98,297484,989065644.0,5.85,-0.53,-0.17,4.12,3.81,1.56,4.91,5.94,0.28,-0.56,1.44,0.06,2.66,2.56,32.19,32.0,32.36,29.95,-5.19,-9.36,-15.17,-14.61,-13.5,-14.05,-15.86,-15.89,-14.27,-10.23
2010-11-15,600508,29.95,29.25,30.49,28.94,260134,762893097.0,4.82,-9.05,-2.91,3.6,12.23,15.93,17.07,10.82,9.88,12.09,10.57,13.44,13.34,17.04,31.71,31.75,32.35,30.19,-0.34,-6.74,-6.12,-4.89,-5.5,-7.49,-7.52,-5.74,-1.3,-4.79
2010-11-16,600508,29.15,26.94,29.15,26.84,172323,480882180.0,7.9,-7.9,-2.31,2.38,25.0,26.23,19.49,18.48,20.86,19.23,22.32,22.21,26.19,13.6,30.7,31.12,32.27,30.34,1.26,1.93,3.27,2.6,0.45,0.41,2.34,7.16,3.38,3.12
2010-11-17,600508,26.38,26.52,27.28,25.98,119193,316938012.0,4.83,-1.56,-0.42,1.65,30.41,23.44,22.4,24.87,23.17,26.37,26.25,30.37,17.36,12.2,29.44,30.55,32.01,30.48,3.54,4.9,4.22,2.04,2.0,3.96,8.86,5.02,4.75,1.81
2010-11-18,600508,27.11,27.32,27.46,26.5,107503,292064726.0,3.62,3.02,0.8,1.49,21.02,20.0,22.42,20.75,23.89,23.77,27.81,15.06,10.0,2.94,28.44,30.23,31.69,30.64,1.83,1.17,-0.95,-0.99,0.92,5.67,1.94,1.68,-1.17,4.28
2010-11-19,600508,27.7,27.52,27.82,26.48,109386,296516086.0,4.9,0.73,0.2,1.51,20.09,22.51,20.85,23.98,23.87,27.91,15.14,10.08,3.02,3.7,27.51,29.85,31.42,30.79,0.44,-1.67,-1.71,0.18,4.91,1.2,0.94,-1.89,3.52,2.22
2010-11-22,600508,27.01,27.25,27.64,26.91,90771,247233326.0,2.65,-0.98,-0.27,1.26,20.55,18.91,22.0,21.89,25.86,13.3,8.32,1.37,2.04,3.38,27.11,29.41,31.13,30.86,-0.7,-0.73,1.17,5.94,2.2,1.94,-0.92,4.55,3.23,3.82
2010-11-23,600508,27.05,26.15,27.06,25.3,118474,308987488.0,6.46,-4.04,-1.1,1.64,26.48,29.76,29.64,33.87,20.51,15.22,7.83,8.54,9.96,9.25,26.95,28.83,30.67,30.81,3.44,5.43,10.4,6.5,6.23,3.25,8.95,7.57,8.18,10.1
2010-11-24,600508,25.97,26.96,27.05,25.81,95039,253077224.0,4.74,3.1,0.81,1.32,27.2,27.08,31.23,18.13,12.94,5.7,6.39,7.79,7.09,4.84,27.04,28.24,30.16,30.76,2.26,7.08,3.3,3.04,0.15,5.68,4.34,4.93,6.79,5.97
2010-11-25,600508,27.35,27.42,27.57,26.88,98093,267595060.0,2.56,1.71,0.46,1.36,22.02,26.0,13.43,8.44,1.49,2.16,3.5,2.83,0.67,0.63,27.06,27.75,29.86,30.72,5.29,1.57,1.31,-1.53,3.9,2.59,3.17,5.0,4.19,1.75
2010-11-26,600508,27.4,28.14,28.87,27.18,151609,425948939.0,6.16,2.63,0.72,2.1,24.61,12.18,7.25,0.37,1.03,2.35,1.69,-0.44,-0.48,1.43,27.18,27.35,29.68,30.69,-1.03,-1.28,-4.05,1.24,-0.04,0.53,2.31,1.53,-0.85,-1.49
2010-11-29,600508,27.8,27.3,27.85,26.92,89678,244629809.0,3.3,-2.99,-0.84,1.24,13.26,8.28,1.34,2.01,3.34,2.67,0.52,0.48,2.41,7.24,27.19,27.15,29.45,30.62,1.76,-1.1,4.36,3.04,3.63,5.46,4.65,2.2,1.54,5.09
2010-11-30,600508,27.4,26.84,27.78,25.86,105485,282175704.0,7.03,-1.68,-0.46,1.46,12.72,5.49,6.19,7.58,6.88,4.64,4.6,6.61,11.64,7.7,27.33,27.14,29.13,30.56,0.6,6.15,4.81,5.4,7.27,6.45,3.95,3.28,6.89,7.68
2010-12-01,600508,26.8,26.72,27.0,26.42,47461,126898888.0,2.16,-0.45,-0.12,0.66,3.26,3.94,5.3,4.62,2.42,2.38,4.35,9.27,5.41,5.15,27.28,27.16,28.86,30.4,6.62,5.28,5.88,7.75,6.92,4.42,3.74,7.37,8.16,11.75
2010-12-02,600508,27.5,28.13,28.49,27.22,182161,505976706.0,4.75,5.28,1.41,2.52,0.88,2.2,1.54,-0.59,-0.62,1.29,6.06,2.31,2.06,-0.81,27.43,27.24,28.74,30.21,0.0,0.57,2.35,1.56,-0.82,-1.46,1.99,2.74,6.15,5.69
2010-12-03,600508,27.85,27.84,28.13,27.5,75337,209310363.0,2.24,-1.03,-0.29,1.04,1.16,0.51,-1.6,-1.64,0.25,4.98,1.27,1.02,-1.82,3.6,27.37,27.28,28.56,30.04,1.62,3.41,2.62,0.22,-0.43,3.05,3.81,7.26,6.79,3.63
2010-12-06,600508,28.05,27.86,28.29,27.53,58299,162623257.0,2.73,0.07,0.02,0.81,0.4,-1.71,-1.74,0.15,4.87,1.16,0.91,-1.93,3.49,2.18,27.48,27.34,28.37,29.87,3.34,2.55,0.14,-0.5,2.98,3.73,7.18,6.71,3.55,4.56
2010-12-07,600508,27.55,28.18,28.79,26.8,99207,275044867.0,7.14,1.15,0.32,1.37,0.97,0.93,2.87,7.72,3.92,3.66,0.75,6.31,4.96,5.56,27.75,27.54,28.18,29.62,1.38,-0.99,-1.63,1.81,2.56,5.96,5.5,2.38,3.37,2.77
2010-12-08,600508,28.15,27.95,28.57,27.9,80318,226813463.0,2.38,-0.82,-0.23,1.11,-3.05,-1.18,3.48,-0.18,-0.43,-3.23,2.11,0.82,1.4,3.19,27.99,27.64,27.94,29.32,-0.18,-0.82,2.65,3.4,6.83,6.37,3.22,4.22,3.61,4.76
2010-12-09,600508,27.68,27.04,27.9,27.03,52983,145315693.0,3.11,-3.26,-0.91,0.73,2.0,6.81,3.03,2.77,-0.11,5.4,4.07,4.66,6.51,5.7,27.77,27.6,27.67,29.11,2.51,6.1,6.88,10.43,9.95,6.69,7.73,7.1,8.28,6.84
2010-12-10,600508,26.9,27.49,27.72,26.55,72806,197268934.0,4.33,1.66,0.45,1.01,8.74,4.9,4.63,1.69,7.31,5.95,6.55,8.44,7.61,5.08,27.7,27.54,27.44,28.96,4.37,5.13,8.62,8.15,4.95,5.97,5.35,6.51,5.09,3.31
2010-12-13,600508,27.91,28.68,28.69,27.6,139528,393689226.0,3.97,4.33,1.19,1.93,0.91,0.65,-2.17,3.22,1.92,2.5,4.31,3.51,1.09,0.43,27.87,27.67,27.41,28.86,0.77,4.11,3.66,0.59,1.57,0.98,2.09,0.73,-0.98,3.91
2010-12-14,600508,28.81,28.69,28.9,28.4,101308,290107496.0,1.74,0.03,0.01,1.4,-2.18,-4.93,0.32,-0.95,-0.39,1.37,0.6,-1.76,-2.39,1.02,27.97,27.86,27.5,28.71,4.08,3.62,0.56,1.53,0.94,2.06,0.7,-1.01,3.87,-2.58
2010-12-15,600508,28.75,28.99,29.86,28.46,141674,413659864.0,4.88,1.05,0.3,1.96,-5.13,0.11,-1.16,-0.6,1.16,0.39,-1.97,-2.6,0.81,1.55,28.18,28.09,27.62,28.6,2.55,-0.48,0.48,-0.1,1.0,-0.34,-2.04,2.79,-3.59,-5.66
2010-12-16,600508,29.05,28.85,29.73,28.63,101560,296591635.0,3.79,-0.48,-0.14,1.41,-0.49,-1.75,-1.19,0.56,-0.21,-2.55,-3.18,0.21,0.94,4.3,28.54,28.16,27.7,28.54,0.0,0.97,0.38,1.49,0.14,-1.56,3.29,-3.12,-5.2,-4.92
2010-12-17,600508,28.69,28.5,28.85,28.23,65155,185483296.0,2.15,-1.21,-0.35,0.9,-0.35,0.21,1.98,1.2,-1.17,-1.81,1.63,2.37,5.77,5.31,28.74,28.22,27.75,28.45,2.21,1.61,2.74,1.37,-0.35,4.56,-1.93,-4.04,-3.75,-0.46
2010-12-20,600508,28.82,27.95,29.13,27.49,90332,254923619.0,5.75,-1.93,-0.55,1.25,2.91,4.73,3.93,1.49,0.84,4.37,5.13,8.62,8.15,4.95,28.6,28.23,27.78,28.33,3.61,4.76,3.36,1.61,6.62,0.0,-2.15,-1.86,1.5,5.76
2010-12-21,600508,28.0,28.79,28.96,28.0,88792,253794263.0,3.43,3.01,0.84,1.23,2.82,2.04,-0.36,-1.0,2.46,3.21,6.64,6.18,3.04,4.04,28.62,28.29,27.92,28.22,1.7,0.35,-1.35,3.51,-2.92,-5.0,-4.72,-1.46,2.67,1.77
2010-12-22,600508,29.0,28.42,29.28,28.35,87966,253965780.0,3.23,-1.29,-0.37,1.22,0.78,-1.59,-2.22,1.2,1.94,5.33,4.87,1.76,2.75,2.15,28.5,28.34,27.99,28.07,1.65,-0.07,4.86,-1.65,-3.76,-3.48,-0.18,4.01,3.1,3.62
2010-12-23,600508,28.42,28.52,28.89,28.16,66502,189846893.0,2.57,0.35,0.1,0.92,-0.92,-1.56,1.88,2.63,6.04,5.58,2.45,3.44,2.84,3.98,28.44,28.49,28.04,27.95,-0.42,4.49,-2.0,-4.1,-3.82,-0.53,3.65,2.73,3.26,1.89
2010-12-24,600508,28.28,27.86,28.4,27.58,53349,148935974.0,2.88,-2.31,-0.66,0.74,0.51,4.02,4.79,8.27,7.8,4.6,5.62,5.0,6.16,4.75,28.31,28.53,28.03,27.8,6.96,0.32,-1.83,-1.54,1.83,6.1,5.17,5.71,4.31,3.34
2010-12-27,600508,27.9,28.04,29.8,27.85,171750,496298364.0,7.0,0.65,0.18,2.38,3.02,3.77,7.22,6.75,3.59,4.6,3.99,5.13,3.73,1.97,28.33,28.46,28.07,27.76,-0.32,-2.46,-2.18,1.18,5.42,4.49,5.03,3.64,2.67,-0.21
2010-12-28,600508,27.7,27.08,27.95,26.88,86640,236062279.0,3.82,-3.42,-0.96,1.2,7.51,11.09,10.6,7.33,8.37,7.74,8.93,7.48,5.65,10.86,27.98,28.3,28.08,27.77,1.0,1.29,4.76,9.16,8.2,8.75,7.31,6.31,3.32,4.06
2010-12-29,600508,27.1,26.88,27.35,26.48,51634,138095268.0,3.21,-0.74,-0.2,0.71,12.76,12.27,8.95,10.01,9.37,10.57,9.1,7.25,12.54,5.55,27.68,28.09,28.09,27.78,2.05,5.54,9.97,9.0,9.56,8.11,7.11,4.09,4.84,4.61
2010-12-30,600508,26.93,27.05,27.43,26.75,38405,103896038.0,2.53,0.63,0.17,0.53,11.14,7.85,8.9,8.26,9.46,8.0,6.17,11.4,4.49,2.24,27.38,27.91,28.03,27.77,4.88,9.28,8.32,8.87,7.43,6.43,3.44,4.18,3.96,2.33
2010-12-31,600508,27.2,28.29,28.37,27.18,79150,220833204.0,4.4,4.58,1.24,1.1,6.14,7.17,6.55,7.73,6.29,4.49,9.64,2.83,0.63,0.92,27.47,27.89,28.06,27.8,4.49,3.57,4.1,2.72,1.77,-1.1,-0.39,-0.6,-2.16,-5.13
2011-01-04,600508,29.1,28.79,29.56,28.65,145096,422035476.0,3.22,1.77,0.5,2.01,1.68,1.08,2.2,0.84,-0.87,4.01,-2.44,-4.54,-4.26,-0.98,27.62,27.97,28.1,27.85,1.77,2.29,0.94,0.0,-2.81,-2.12,-2.33,-3.86,-6.77,-12.61
2011-01-05,600508,28.2,29.2,29.3,28.19,103210,298479960.0,3.86,1.42,0.41,1.43,2.73,3.87,2.48,0.74,5.71,-0.85,-2.98,-2.7,0.64,4.86,28.04,28.01,28.15,27.95,0.86,-0.48,-1.4,-4.18,-3.49,-3.7,-5.21,-8.08,-13.84,-11.71
2011-01-06,600508,29.1,28.76,29.45,28.67,63052,182303099.0,2.67,-1.51,-0.44,0.87,2.13,0.77,-0.94,3.94,-2.51,-4.6,-4.33,-1.05,3.1,2.2,28.42,28.05,28.19,28.01,1.04,0.1,-2.71,-2.02,-2.23,-3.76,-6.68,-12.52,-10.36,-10.78
2011-01-07,600508,28.6,28.44,29.06,28.25,67445,193388715.0,2.82,-1.11,-0.32,0.93,2.27,0.53,5.49,-1.06,-3.19,-2.9,0.42,4.64,3.72,4.25,28.7,28.04,28.26,28.04,1.23,-1.62,-0.91,-1.13,-2.67,-5.63,-11.53,-9.35,-9.77,-10.48
2011-01-10,600508,28.54,27.99,28.79,27.97,49104,139487413.0,2.88,-1.58,-0.45,0.68,1.54,6.54,-0.07,-2.22,-1.93,1.43,5.68,4.76,5.29,3.9,28.64,28.05,28.29,28.04,-0.04,0.68,0.46,-1.11,-4.11,-10.11,-7.9,-8.32,-9.04,-9.97
2011-01-11,600508,27.7,27.74,27.98,27.15,54547,150152359.0,2.97,-0.89,-0.25,0.75,9.76,2.95,0.74,1.03,4.49,8.88,7.92,8.47,7.03,6.04,28.43,28.02,28.24,28.05,1.59,1.37,-0.22,-3.24,-9.3,-7.07,-7.5,-8.22,-9.16,-11.86
2011-01-12,600508,27.99,27.79,28.18,27.27,34353,95317173.0,3.28,0.18,0.05,0.48,2.49,0.29,0.59,4.03,8.4,7.44,7.99,6.56,5.57,2.6,28.14,28.09,28.2,28.08,1.19,-0.4,-3.42,-9.46,-7.23,-7.66,-8.38,-9.32,-12.02,-10.8
2011-01-13,600508,27.95,27.79,28.12,27.44,32689,90913303.0,2.45,0.0,0.0,0.45,-0.33,-0.04,3.39,7.73,6.78,7.33,5.9,4.92,1.97,2.7,27.95,28.18,28.14,28.12,-0.4,-3.42,-9.46,-7.23,-7.66,-8.38,-9.32,-12.02,-10.8,-7.59
2011-01-14,600508,27.65,26.69,27.68,26.55,59497,161004432.0,4.07,-3.96,-1.1,0.82,3.31,6.85,11.34,10.36,10.92,9.45,8.44,5.39,6.14,5.91,27.6,28.15,28.03,28.07,0.56,-5.73,-3.41,-3.86,-4.61,-5.58,-8.39,-7.12,-3.78,-4.2
2011-01-17,600508,26.6,24.68,26.84,24.6,97640,250289173.0,8.39,-7.53,-2.01,1.35,15.33,20.16,19.11,19.72,18.13,17.03,13.74,14.55,14.31,12.52,26.94,27.79,27.84,27.97,1.94,4.46,3.97,3.16,2.11,-0.93,0.45,4.05,3.61,4.78
2011-01-18,600508,24.72,24.75,25.16,24.49,50812,126013945.0,2.71,0.28,0.07,0.7,20.7,19.64,20.25,18.66,17.56,14.25,15.07,14.82,13.03,9.6,26.34,27.38,27.68,27.86,4.16,3.68,2.87,1.82,-1.21,0.16,3.76,3.31,4.48,6.26
2011-01-19,600508,24.92,25.67,25.78,24.82,51041,129328165.0,3.88,3.72,0.92,0.71,18.05,18.65,17.08,16.0,12.73,13.54,13.3,11.52,8.14,1.37,25.92,27.03,27.52,27.78,-0.04,-0.82,-1.83,-4.75,-3.43,0.04,-0.39,0.74,2.45,0.43
2011-01-20,600508,25.66,24.64,25.66,24.58,51322,128880298.0,4.21,-4.01,-1.03,0.71,19.81,18.23,17.13,13.83,14.65,14.4,12.61,9.19,2.36,4.88,25.29,26.62,27.33,27.67,3.33,2.27,-0.77,0.61,4.22,3.77,4.95,6.74,4.63,4.22
2011-01-21,600508,24.6,24.99,25.46,24.6,40974,102621501.0,3.49,1.42,0.35,0.57,18.13,17.03,13.74,14.55,14.31,12.52,9.11,2.28,4.8,4.31,24.95,26.27,27.16,27.6,0.84,-2.16,-0.8,2.76,2.32,3.48,5.24,3.16,2.76,4.24
2011-01-24,600508,25.07,24.21,25.2,24.19,38281,94011094.0,4.04,-3.12,-0.78,0.53,19.02,15.67,16.49,16.25,14.43,10.95,4.01,6.57,6.08,5.25,24.85,25.9,26.97,27.49,0.99,2.4,6.07,5.62,6.82,8.63,6.48,6.07,7.6,12.06
2011-01-25,600508,24.2,24.39,24.45,23.9,24102,58230654.0,2.27,0.74,0.18,0.33,17.07,17.91,17.66,15.82,12.3,5.27,7.87,7.36,6.53,5.44,24.78,25.56,26.79,27.35,1.64,5.29,4.84,6.03,7.83,5.7,5.29,6.81,11.23,15.05
2011-01-26,600508,24.3,24.73,24.79,24.3,26477,65231298.0,2.01,1.39,0.34,0.37,15.97,15.72,13.91,10.45,3.54,6.09,5.6,4.77,3.7,0.62,24.59,25.25,26.67,27.22,3.84,3.4,4.57,6.35,4.25,3.84,5.34,9.7,13.47,16.62
2011-01-27,600508,24.54,25.42,25.68,24.3,51215,129342481.0,5.58,2.79,0.69,0.71,15.72,13.91,10.45,3.54,6.09,5.6,4.77,3.7,0.62,2.02,24.75,25.02,26.6,27.1,0.59,1.73,3.46,1.42,1.02,2.48,6.73,10.39,13.45,14.04
2011-01-28,600508,25.4,25.45,25.57,25.01,32641,82664351.0,2.2,0.12,0.03,0.45,10.68,7.32,0.6,3.08,2.6,1.8,0.76,-2.24,-0.88,2.68,24.84,24.89,26.52,26.98,1.61,3.34,1.3,0.9,2.36,6.6,10.26,13.32,13.91,12.3
2011-01-31,600508,25.43,25.71,25.86,25.35,32424,83118459.0,2.0,1.02,0.26,0.45,5.88,-0.75,1.7,1.22,0.43,-0.59,-3.55,-2.21,1.3,0.87,25.14,25.0,26.39,26.89,2.29,0.27,-0.12,1.32,5.52,9.14,12.17,12.76,11.16,10.74
2011-02-01,600508,25.95,25.88,26.3,25.7,37146,96507987.0,2.33,0.66,0.17,0.51,-2.1,0.31,-0.16,-0.93,-1.95,-4.86,-3.54,-0.08,-0.51,0.62,25.44,25.11,26.25,26.82,-0.39,-0.77,0.66,4.83,8.42,11.44,12.02,10.43,10.01,12.44
2011-02-09,600508,25.34,24.81,25.78,24.76,42674,107632311.0,3.94,-4.13,-1.07,0.59,4.12,3.63,2.83,1.78,-1.25,0.12,3.72,3.27,4.44,6.22,25.45,25.02,26.03,26.69,3.51,5.0,9.35,13.1,16.24,16.85,15.2,14.75,17.29,12.33
2011-02-10,600508,24.7,25.6,25.68,24.61,37400,94237656.0,4.31,3.18,0.79,0.52,4.27,3.45,2.4,-0.65,0.73,4.35,3.9,5.08,6.87,4.75,25.49,25.12,25.87,26.59,1.76,5.98,9.61,12.66,13.24,11.64,11.21,13.67,8.87,10.82
2011-02-11,600508,25.71,25.87,26.05,25.48,49841,128838433.0,2.23,1.05,0.27,0.69,-0.08,-1.1,-4.04,-2.71,0.78,0.35,1.49,3.22,1.18,0.78,25.57,25.21,25.74,26.51,4.87,8.47,11.48,12.06,10.48,10.05,12.49,7.73,9.66,10.51
2011-02-14,600508,25.88,26.97,27.13,25.88,101669,272648776.0,4.83,4.25,1.1,1.41,-2.63,-5.53,-4.21,-0.77,-1.2,-0.08,1.62,-0.39,-0.77,0.66,25.83,25.48,25.69,26.48,4.04,6.93,7.49,5.97,5.56,7.9,3.34,5.19,6.01,6.27
2011-02-15,600508,27.0,27.53,28.06,26.68,148659,410425114.0,5.12,2.08,0.56,2.06,-8.36,-7.08,-3.75,-4.16,-3.07,-1.42,-3.37,-3.75,-2.36,1.69,26.16,25.8,25.68,26.46,4.76,5.3,3.81,3.41,5.7,1.24,3.05,3.85,4.1,5.3
2011-02-16,600508,27.42,28.56,28.84,27.36,134237,380599084.0,5.38,3.74,1.03,1.86,-9.39,-6.14,-6.54,-5.48,-3.87,-5.77,-6.14,-4.79,-0.84,2.56,26.91,26.18,25.72,26.51,1.51,0.07,-0.32,1.89,-2.42,-0.67,0.11,0.35,1.51,0.18
2011-02-17,600508,28.68,28.65,28.99,27.85,113026,320475067.0,3.99,0.32,0.09,1.56,-7.79,-8.19,-7.15,-5.57,-7.43,-7.79,-6.46,-2.59,0.75,3.55,27.52,26.5,25.76,26.57,-0.24,-0.63,1.57,-2.72,-0.98,-0.21,0.03,1.19,-0.14,-1.15
2011-02-18,600508,28.4,27.9,28.58,27.7,70300,197049563.0,3.07,-2.62,-0.75,0.97,-7.69,-6.64,-5.05,-6.93,-7.29,-5.96,-2.06,1.3,4.12,4.66,27.92,26.75,25.82,26.6,2.04,4.3,-0.11,1.68,2.47,2.72,3.91,2.54,1.51,2.11
2011-02-21,600508,27.72,28.41,28.47,27.62,71252,201214049.0,3.05,1.83,0.51,0.99,-6.37,-4.78,-6.66,-7.02,-5.68,-1.77,1.59,4.42,4.96,3.48,28.21,27.02,26.01,26.6,2.43,-1.9,-0.14,0.63,0.88,2.04,0.7,-0.32,0.28,8.41
2011-02-22,600508,28.98,27.44,29.1,27.41,96859,271249385.0,5.95,-3.41,-0.97,1.34,-4.05,-5.95,-6.31,-4.96,-1.02,2.37,5.22,5.76,4.27,3.87,28.19,27.17,26.14,26.56,1.57,3.39,4.19,4.45,5.65,4.26,3.21,3.83,12.24,11.12
2011-02-23,600508,27.46,27.46,27.87,27.17,54250,149531345.0,2.55,0.07,0.02,0.75,-5.12,-5.48,-4.12,-0.15,3.28,6.15,6.7,5.19,4.78,7.1,27.97,27.44,26.23,26.5,3.31,4.12,4.37,5.57,4.19,3.13,3.75,12.16,11.03,9.36
2011-02-24,600508,27.59,28.28,28.37,27.47,83404,233517252.0,3.28,2.99,0.82,1.15,-6.52,-5.17,-1.24,2.15,4.99,5.53,4.04,3.64,5.93,1.46,27.9,27.71,26.41,26.48,1.1,1.34,2.51,1.17,0.14,0.74,8.91,7.81,6.19,4.53
2011-02-25,600508,28.59,28.27,28.59,27.66,62868,176788008.0,3.29,-0.04,-0.01,0.87,-5.82,-1.92,1.45,4.27,4.81,3.33,2.93,5.21,0.76,2.57,27.97,27.95,26.58,26.48,1.38,2.55,1.2,0.18,0.78,8.95,7.85,6.23,4.56,3.93
2011-02-28,600508,28.3,28.65,28.66,27.98,58691,166674074.0,2.41,1.34,0.38,0.81,-3.04,0.29,3.07,3.61,2.14,1.75,4.0,-0.39,1.39,2.18,28.02,28.12,26.8,26.5,1.19,-0.14,-1.15,-0.56,7.5,6.42,4.82,3.18,2.55,-0.24
2011-03-01,600508,28.64,28.45,28.99,28.16,72254,206133315.0,2.9,-0.7,-0.2,1.0,-0.36,2.41,2.95,1.49,1.1,3.34,-1.03,0.75,1.53,1.78,28.22,28.21,27.0,26.52,0.56,-0.46,0.14,8.26,7.17,5.55,3.9,3.27,0.46,-0.42
2011-03-02,600508,28.34,27.99,28.61,27.73,58349,163628868.0,3.09,-1.62,-0.46,0.81,4.0,4.54,3.07,2.67,4.94,0.5,2.31,3.1,3.35,4.54,28.33,28.15,27.16,26.53,1.18,1.79,10.04,8.93,7.29,5.61,4.97,2.11,1.21,1.25
2011-03-03,600508,28.09,27.48,28.32,27.45,50222,139892863.0,3.11,-1.82,-0.51,0.69,5.61,4.12,3.72,6.01,1.53,3.35,4.15,4.41,5.61,4.23,28.17,28.03,27.27,26.52,3.68,12.08,10.95,9.28,7.57,6.91,4.0,3.09,3.13,4.66
2011-03-04,600508,27.5,28.17,28.49,27.4,74951,210163963.0,3.97,2.51,0.69,1.04,4.31,3.91,6.2,1.72,3.54,4.34,4.6,5.8,4.42,3.36,28.15,28.06,27.4,26.57,9.34,8.24,6.6,4.93,4.3,1.46,0.57,0.6,2.09,1.7
2011-03-07,600508,28.46,30.49,30.8,28.46,270524,805416560.0,8.31,8.24,2.32,3.74,0.04,2.25,-2.07,-0.32,0.46,0.7,1.86,0.53,-0.49,0.11,28.52,28.27,27.64,26.76,0.0,-1.51,-3.05,-3.64,-6.26,-7.08,-7.05,-5.67,-6.03,-6.1
2011-03-08,600508,30.49,29.89,30.49,29.52,152859,456519109.0,3.18,-1.97,-0.6,2.12,-1.42,-5.59,-3.9,-3.15,-2.91,-1.8,-3.08,-4.07,-3.49,4.34,28.8,28.51,27.84,26.93,0.47,-1.1,-1.71,-4.38,-5.22,-5.19,-3.78,-4.15,-4.22,-4.32
2011-03-09,600508,29.85,29.63,30.03,29.35,82328,243803754.0,2.28,-0.87,-0.26,1.14,-5.04,-3.34,-2.59,-2.35,-1.23,-2.52,-3.51,-2.93,4.94,3.88,29.13,28.73,28.08,27.06,-0.24,-0.84,-3.54,-4.39,-4.35,-2.94,-3.31,-3.37,-3.48,-2.6
2011-03-10,600508,29.53,28.75,29.56,28.6,94131,272068144.0,3.24,-2.97,-0.88,1.3,-0.8,-0.03,0.21,1.36,0.03,-0.98,-0.38,7.69,6.61,5.0,29.39,28.78,28.24,27.2,2.19,-0.59,-1.46,-1.43,0.03,-0.35,-0.42,-0.52,0.38,1.46
2011-03-11,600508,28.51,28.25,29.38,28.0,86895,249844816.0,4.8,-1.74,-0.5,1.2,2.11,2.36,3.54,2.18,1.14,1.75,10.0,8.89,7.25,5.57,29.4,28.78,28.36,27.31,1.17,0.28,0.32,1.81,1.42,1.35,1.24,2.16,3.26,3.08
2011-03-14,600508,28.1,28.51,28.58,28.1,66145,187303449.0,1.7,0.92,0.26,0.92,1.99,3.17,1.81,0.78,1.39,9.61,8.51,6.87,5.2,4.56,29.01,28.76,28.44,27.45,-0.63,-0.6,0.88,0.49,0.42,0.32,1.23,2.31,2.14,5.89
2011-03-15,600508,28.3,27.57,28.33,26.93,103370,284331362.0,4.91,-3.3,-0.94,1.43,7.65,6.24,5.16,5.79,14.37,13.22,11.51,9.77,9.1,6.13,28.54,28.67,28.44,27.56,2.79,4.32,3.92,3.84,3.74,4.68,5.8,5.62,9.5,9.32
2011-03-16,600508,27.57,28.09,28.34,27.57,69010,193389187.0,2.79,1.89,0.52,0.95,3.77,2.72,3.34,11.72,10.59,8.92,7.22,6.57,3.66,2.76,28.23,28.68,28.42,27.67,2.39,1.99,1.92,1.82,2.74,3.84,3.67,7.48,7.3,4.17
2011-03-17,600508,27.7,27.91,28.76,27.56,83707,236407363.0,4.27,-0.64,-0.18,1.16,2.76,3.37,11.76,10.63,8.96,7.26,6.6,3.7,2.79,2.83,28.07,28.73,28.38,27.75,2.65,2.58,2.47,3.4,4.51,4.34,8.17,7.99,4.84,3.83
2011-03-18,600508,28.41,28.22,28.65,28.03,54457,154152673.0,2.22,1.11,0.31,0.75,1.64,9.88,8.78,7.14,5.46,4.82,1.96,1.07,1.11,2.6,28.06,28.73,28.4,27.85,1.45,1.35,2.27,3.37,3.19,6.98,6.8,3.69,2.69,4.46
2011-03-21,600508,28.36,28.33,28.63,28.08,82045,233035204.0,1.95,0.39,0.11,1.14,9.69,8.58,6.94,5.27,4.63,1.78,0.89,0.93,2.42,2.03,28.02,28.52,28.39,27.93,0.95,1.87,2.97,2.79,6.57,6.39,3.28,2.29,4.06,5.72
2011-03-22,600508,28.54,28.42,28.6,27.81,70396,199114141.0,2.79,0.32,0.09,0.97,9.64,7.98,6.29,5.65,2.77,1.87,1.91,3.42,3.02,2.95,28.19,28.37,28.44,28.02,1.55,2.64,2.46,6.23,6.05,2.96,1.97,3.73,5.38,5.42
2011-03-23,600508,28.42,28.83,28.86,28.26,134107,384213074.0,2.11,1.44,0.41,1.86,6.26,4.6,3.96,1.13,0.25,0.28,1.77,1.38,1.31,1.2,28.34,28.29,28.51,28.15,1.18,1.01,4.72,4.54,1.49,0.52,2.25,3.88,3.92,4.27
2011-03-24,600508,28.98,28.53,29.17,28.51,101299,291817809.0,2.29,-1.04,-0.3,1.4,3.68,3.05,0.25,-0.63,-0.6,0.88,0.49,0.42,0.32,1.23,28.47,28.27,28.52,28.25,2.07,5.82,5.64,2.56,1.58,3.33,4.98,5.01,5.36,9.15
2011-03-25,600508,28.53,28.85,29.12,28.4,103519,298275191.0,2.52,1.12,0.32,1.43,3.45,0.63,-0.25,-0.21,1.27,0.88,0.81,0.7,1.62,2.71,28.59,28.33,28.55,28.35,4.64,4.47,1.42,0.45,2.18,3.81,3.85,4.19,7.94,4.96
2011-03-28,600508,29.11,29.61,30.19,29.11,226837,675436800.0,3.74,2.63,0.76,3.14,-1.82,-2.68,-2.65,-1.2,-1.58,-1.65,-1.75,-0.86,0.21,0.03,28.85,28.44,28.6,28.44,1.79,-1.18,-2.13,-0.44,1.15,1.18,1.52,5.17,2.26,1.42
2011-03-29,600508,29.46,28.92,30.14,28.82,128622,380881435.0,4.46,-2.33,-0.69,1.78,-1.7,-1.67,-0.21,-0.59,-0.66,-0.76,0.14,1.21,1.04,4.75,28.95,28.57,28.62,28.48,1.18,0.21,1.94,3.56,3.6,3.94,7.68,4.7,3.84,4.25
2011-03-30,600508,28.99,28.76,29.26,28.5,67782,195153514.0,2.63,-0.55,-0.16,0.94,-0.56,0.91,0.53,0.46,0.35,1.26,2.35,2.18,5.93,5.75,28.93,28.64,28.66,28.49,0.76,2.5,4.14,4.17,4.52,8.28,5.29,4.42,4.83,3.16
2011-03-31,600508,28.84,28.21,28.98,28.12,55651,158369092.0,2.99,-1.91,-0.55,0.77,2.28,1.88,1.81,1.71,2.63,3.73,3.56,7.36,7.18,4.05,28.87,28.67,28.7,28.48,4.5,6.17,6.2,6.56,10.39,7.34,6.45,6.88,5.18,4.11
2011-04-01,600508,28.45,29.35,29.48,28.23,82214,237673765.0,4.43,4.04,1.14,1.14,1.49,1.42,1.31,2.23,3.33,3.15,6.94,6.77,3.65,2.66,28.97,28.78,28.76,28.52,2.04,2.08,2.42,6.1,3.17,2.32,2.73,1.09,0.07,-2.69
2011-04-06,600508,29.24,29.7,29.95,28.93,160697,473787375.0,3.48,1.19,0.35,2.22,-1.04,-1.14,-0.24,0.83,0.66,4.36,4.18,1.14,0.17,1.9,28.99,28.92,28.72,28.57,0.88,1.21,4.85,1.95,1.11,1.52,-0.1,-1.11,-3.84,-4.21
2011-04-07,600508,29.91,29.61,29.96,29.36,86954,257786290.0,2.02,-0.3,-0.09,1.2,-2.59,-1.7,-0.65,-0.82,2.83,2.66,-0.34,-1.29,0.41,2.01,29.13,29.04,28.7,28.64,1.52,5.17,2.26,1.42,1.82,0.2,-0.81,-3.55,-3.92,-2.23
2011-04-08,600508,29.77,29.99,30.06,29.61,113860,340369051.0,1.52,1.28,0.38,1.58,-2.53,-1.49,-1.65,1.96,1.79,-1.18,-2.13,-0.44,1.15,1.18,29.37,29.15,28.72,28.72,3.83,0.97,0.13,0.53,-1.07,-2.07,-4.77,-5.14,-3.47,-4.2
2011-04-11,600508,30.33,30.19,31.14,30.16,206963,634954650.0,3.27,0.67,0.2,2.86,-3.28,-3.45,0.1,-0.07,-2.98,-3.91,-2.25,-0.7,-0.66,-0.33,29.77,29.32,28.79,28.79,0.3,-0.53,-0.13,-1.72,-2.72,-5.4,-5.76,-4.11,-4.84,-6.06
2011-04-12,600508,30.0,29.52,30.28,29.28,109987,327385413.0,3.31,-2.22,-0.67,1.52,-0.55,3.11,2.94,-0.07,-1.02,0.68,2.29,2.32,2.66,6.35,29.8,29.39,28.86,28.83,1.73,2.13,0.51,-0.51,-3.25,-3.62,-1.93,-2.68,-3.93,-5.93
2011-04-13,600508,29.3,30.02,30.03,28.95,82333,242782278.0,3.66,1.69,0.5,1.14,4.28,4.11,1.07,0.1,1.83,3.45,3.49,3.83,7.56,4.59,29.87,29.43,28.93,28.87,0.43,-1.17,-2.17,-4.86,-5.23,-3.56,-4.3,-5.53,-7.5,-7.96
2011-04-14,600508,30.0,29.45,30.15,29.43,55459,164912539.0,2.4,-1.9,-0.57,0.77,2.41,-0.58,-1.53,0.17,1.77,1.8,2.14,5.81,2.89,2.04,29.83,29.48,29.03,28.91,0.75,-0.27,-3.02,-3.4,-1.7,-2.44,-3.7,-5.7,-6.18,-10.8
2011-04-15,600508,29.46,28.99,29.67,28.7,89035,258640294.0,3.29,-1.56,-0.46,1.23,1.95,0.98,2.72,4.36,4.39,4.74,8.5,5.51,4.63,5.05,29.63,29.5,29.07,28.94,1.31,-1.48,-1.86,-0.14,-0.9,-2.17,-4.21,-4.69,-9.38,-9.62
2011-04-18,600508,28.85,28.88,29.37,28.61,55558,160897540.0,2.62,-0.38,-0.11,0.77,1.29,3.04,4.68,4.72,5.07,8.84,5.84,4.96,5.38,3.7,29.37,29.57,29.12,28.99,-1.11,-1.49,0.24,-0.52,-1.8,-3.84,-4.33,-9.04,-9.28,-9.66
2011-04-19,600508,28.54,28.03,28.56,28.0,82456,232766874.0,1.94,-2.94,-0.85,1.14,5.29,6.96,7.0,7.36,11.21,8.14,7.25,7.68,5.96,4.89,29.07,29.44,29.11,28.98,1.5,3.28,2.5,1.18,-0.93,-1.43,-6.28,-6.53,-6.92,-11.56
2011-04-20,600508,28.3,28.08,28.45,28.0,53427,150645007.0,1.61,0.18,0.05,0.74,6.96,7.0,7.36,11.21,8.14,7.25,7.68,5.96,4.89,2.0,28.69,29.28,29.1,28.9,3.1,2.31,1.0,-1.1,-1.6,-6.45,-6.7,-7.09,-11.72,-12.29
2011-04-21,600508,28.49,28.73,28.95,28.31,56013,160297241.0,2.28,2.31,0.65,0.78,5.83,6.18,10.0,6.96,6.08,6.5,4.8,3.74,0.88,0.49,28.54,29.19,29.11,28.86,0.0,-1.29,-3.34,-3.83,-8.56,-8.81,-9.19,-13.71,-14.27,-13.89
2011-04-22,600508,28.73,28.35,28.73,28.2,41299,117290697.0,1.84,-1.32,-0.38,0.57,6.6,10.43,7.38,6.49,6.91,5.21,4.15,1.28,0.89,2.66,28.41,29.02,29.09,28.82,0.04,-2.05,-2.54,-7.34,-7.58,-7.97,-12.56,-13.12,-12.73,-11.82
2011-04-25,600508,28.36,27.5,28.36,27.5,55454,153981073.0,3.03,-3.0,-0.85,0.77,13.24,10.11,9.2,9.64,7.89,6.8,3.85,3.45,5.27,4.47,28.14,28.76,29.04,28.78,0.98,0.47,-4.47,-4.73,-5.13,-9.85,-10.44,-10.04,-9.09,-8.91
2011-04-26,600508,27.5,27.45,27.77,27.17,37875,103962758.0,2.18,-0.18,-0.05,0.52,11.45,10.53,10.97,9.2,8.1,5.12,4.71,6.55,5.74,4.38,28.02,28.55,28.97,28.75,0.66,-4.3,-4.55,-4.95,-9.69,-10.27,-9.87,-8.93,-8.74,-10.09
2011-04-28,600508,27.51,25.8,27.63,25.71,119200,315868921.0,6.99,-6.01,-1.65,1.65,16.8,17.27,15.4,14.24,11.09,10.66,12.6,11.75,10.31,8.01,27.57,28.13,28.78,28.66,1.82,1.55,1.12,-3.91,-4.53,-4.11,-3.1,-2.91,-4.34,-4.11
2011-04-29,600508,25.88,26.18,26.27,25.82,48980,127663754.0,1.74,1.47,0.38,0.68,16.77,14.91,13.75,10.61,10.19,12.12,11.27,9.84,7.55,7.01,27.06,27.8,28.64,28.62,0.08,-0.34,-5.31,-5.92,-5.5,-4.51,-4.32,-5.73,-5.5,-5.5
2011-05-03,600508,26.16,26.18,26.2,25.82,46625,121128666.0,1.45,0.0,0.0,0.65,14.91,13.75,10.61,10.19,12.12,11.27,9.84,7.55,7.01,1.74,26.62,27.52,28.51,28.55,-0.34,-5.31,-5.92,-5.5,-4.51,-4.32,-5.73,-5.5,-5.5,-1.91
2011-05-04,600508,26.09,24.87,26.09,24.68,82380,207796067.0,5.39,-5.0,-1.31,1.14,19.0,15.72,15.28,17.3,16.41,14.91,12.52,11.95,6.44,6.16,26.1,27.12,28.34,28.45,-0.32,-0.97,-0.52,0.52,0.72,-0.76,-0.52,-0.52,3.26,3.1
2011-05-05,600508,24.61,24.6,24.79,24.31,63655,156235028.0,1.93,-1.09,-0.27,0.88,17.48,17.03,19.09,18.18,16.66,14.23,13.66,8.06,7.77,7.32,25.53,26.77,28.11,28.33,0.12,0.57,1.63,1.83,0.33,0.57,0.57,4.39,4.23,3.86
2011-05-06,600508,24.01,24.41,24.63,23.9,52970,128402408.0,2.97,-0.77,-0.19,0.73,19.04,21.13,20.21,18.66,16.19,15.61,9.92,9.62,9.16,3.72,25.25,26.41,27.84,28.2,1.35,2.42,2.62,1.11,1.35,1.35,5.2,5.04,4.67,3.15
2011-05-09,600508,24.41,24.54,24.74,24.41,36385,89500008.0,1.35,0.53,0.13,0.5,18.6,17.7,16.18,13.76,13.19,7.62,7.33,6.88,1.56,0.9,24.92,25.99,27.59,28.07,1.87,2.08,0.57,0.81,0.81,4.65,4.48,4.12,2.61,1.75
2011-05-10,600508,24.86,24.96,25.0,24.75,48713,121247336.0,1.02,1.71,0.42,0.67,16.08,14.59,12.2,11.64,6.14,5.86,5.41,0.16,-0.48,-0.04,24.68,25.65,27.34,27.94,0.36,-1.12,-0.88,-0.88,2.88,2.72,2.36,0.88,0.04,-1.92
2011-05-11,600508,25.05,24.69,25.05,24.42,49025,121032243.0,2.52,-1.08,-0.27,0.68,16.13,13.72,13.14,7.58,7.29,6.84,1.52,0.86,1.31,2.38,24.64,25.37,27.06,27.81,-0.04,0.2,0.2,4.01,3.85,3.48,1.98,1.13,-0.85,-0.73
2011-05-12,600508,24.34,24.14,24.68,24.08,36090,87570799.0,2.43,-2.23,-0.55,0.5,15.32,14.74,9.09,8.8,8.35,2.95,2.28,2.74,3.82,4.03,24.55,25.04,26.79,27.66,2.49,2.49,6.38,6.21,5.84,4.31,3.44,1.41,1.53,1.86
2011-05-13,600508,24.2,24.73,24.74,24.15,33880,82741530.0,2.44,2.44,0.59,0.47,14.41,8.78,8.49,8.03,2.65,1.99,2.44,3.52,3.73,2.19,24.61,24.93,26.53,27.49,0.04,3.84,3.68,3.32,1.82,0.97,-1.01,-0.89,-0.57,0.04
2011-05-16,600508,24.72,24.54,24.74,24.4,26729,65692702.0,1.37,-0.77,-0.19,0.37,7.66,7.38,6.93,1.6,0.94,1.39,2.46,2.66,1.15,1.39,24.61,24.77,26.28,27.35,4.65,4.48,4.12,2.61,1.75,-0.24,-0.12,0.2,0.81,-0.57
2011-05-17,600508,24.47,25.23,25.68,24.16,79012,199164658.0,6.19,2.81,0.69,1.09,8.44,7.99,2.61,1.95,2.4,3.48,3.68,2.15,2.4,2.4,24.67,24.67,26.09,27.23,1.63,1.27,-0.2,-1.03,-2.97,-2.85,-2.54,-1.94,-3.29,-2.89
2011-05-18,600508,25.0,25.29,25.64,24.81,46991,118686565.0,3.29,0.24,0.06,0.65,5.16,-0.08,-0.73,-0.28,0.77,0.97,-0.52,-0.28,-0.28,3.51,24.79,24.71,25.91,27.13,1.03,-0.43,-1.27,-3.2,-3.08,-2.77,-2.17,-3.52,-3.12,-3.01
2011-05-19,600508,25.5,25.01,25.55,24.99,32104,80926781.0,2.21,-1.11,-0.28,0.44,-0.8,-1.44,-1.0,0.04,0.24,-1.24,-1.0,-1.0,2.76,2.6,24.96,24.75,25.76,26.99,0.68,-0.16,-2.12,-2.0,-1.68,-1.08,-2.44,-2.04,-1.92,-3.12
2011-05-20,600508,25.04,24.98,25.18,24.81,22839,57054468.0,1.48,-0.12,-0.03,0.32,-0.73,-0.28,0.77,0.97,-0.52,-0.28,-0.28,3.51,3.35,2.98,25.01,24.81,25.61,26.83,-0.04,-2.0,-1.88,-1.56,-0.96,-2.32,-1.92,-1.8,-3.0,-1.8
2011-05-23,600508,24.97,24.08,24.97,23.98,48285,117182363.0,3.96,-3.6,-0.9,0.67,3.17,4.25,4.46,2.92,3.17,3.17,7.09,6.92,6.55,5.0,24.92,24.77,25.38,26.65,1.66,1.79,2.12,2.74,1.33,1.74,1.87,0.62,1.87,1.91
2011-05-24,600508,24.05,24.34,24.48,23.85,37888,91747504.0,2.62,1.08,0.26,0.52,4.82,5.03,3.48,3.73,3.73,7.67,7.51,7.13,5.58,4.7,24.74,24.7,25.18,26.46,0.7,1.03,1.64,0.25,0.66,0.78,-0.45,0.78,0.82,0.9
2011-05-25,600508,24.34,24.18,24.51,24.0,25772,62742269.0,2.1,-0.66,-0.16,0.36,4.37,2.83,3.08,3.08,7.0,6.83,6.46,4.92,4.04,2.0,24.52,24.65,25.01,26.26,1.7,2.32,0.91,1.32,1.45,0.21,1.45,1.49,1.57,1.99
2011-05-26,600508,24.49,24.12,24.59,24.02,22785,55394616.0,2.36,-0.25,-0.06,0.32,2.75,3.0,3.0,6.91,6.74,6.37,4.83,3.96,1.92,2.04,24.34,24.65,24.84,26.08,2.57,1.16,1.58,1.7,0.46,1.7,1.74,1.82,2.24,-0.29
2011-05-27,600508,24.06,24.19,24.74,24.06,44357,108134543.0,2.82,0.29,0.07,0.61,2.83,2.83,6.73,6.57,6.19,4.66,3.78,1.75,1.87,2.2,24.18,24.6,24.76,25.88,0.87,1.28,1.41,0.17,1.41,1.45,1.53,1.94,-0.58,-1.61
2011-05-30,600508,24.01,23.83,24.4,23.8,30524,73412627.0,2.48,-1.49,-0.36,0.42,3.95,7.9,7.73,7.35,5.8,4.92,2.86,2.98,3.32,3.95,24.13,24.53,24.65,25.7,2.81,2.94,1.68,2.94,2.98,3.06,3.48,0.92,-0.13,1.51
2011-05-31,600508,23.82,24.4,24.5,23.53,42326,101652790.0,4.07,2.39,0.57,0.59,9.14,8.97,8.58,7.01,6.12,4.04,4.16,4.5,5.14,3.7,24.14,24.44,24.56,25.54,0.53,-0.7,0.53,0.57,0.66,1.07,-1.43,-2.46,-0.86,-0.04
2011-06-01,600508,24.45,24.38,24.53,24.28,27976,68310423.0,1.02,-0.08,-0.02,0.39,5.6,5.23,3.71,2.84,0.82,0.95,1.28,1.89,0.49,0.91,24.18,24.35,24.53,25.39,-0.62,0.62,0.66,0.74,1.15,-1.35,-2.38,-0.78,0.04,-2.83
2011-06-02,600508,24.15,24.14,24.23,23.61,38796,92951233.0,2.54,-0.98,-0.24,0.54,8.22,6.65,5.76,3.68,3.81,4.15,4.79,3.35,3.77,3.9,24.19,24.26,24.51,25.26,1.62,1.66,1.74,2.15,-0.37,-1.41,0.21,1.04,-1.86,-1.45
2011-06-03,600508,24.1,24.36,24.53,23.81,31394,76449901.0,2.98,0.91,0.22,0.43,5.75,4.87,2.81,2.94,3.28,3.91,2.48,2.9,3.02,1.76,24.22,24.2,24.51,25.14,0.74,0.82,1.23,-1.27,-2.3,-0.7,0.12,-2.75,-2.34,-4.02
2011-06-07,600508,24.3,24.46,24.54,24.01,24454,59640354.0,2.18,0.41,0.1,0.34,4.0,1.96,2.08,2.42,3.04,1.62,2.04,2.17,0.92,2.17,24.35,24.24,24.5,25.0,0.41,0.82,-1.68,-2.7,-1.1,-0.29,-3.15,-2.74,-4.42,-4.78
2011-06-08,600508,24.44,24.36,24.56,24.1,22270,54109976.0,1.88,-0.41,-0.1,0.31,1.58,1.7,2.03,2.66,1.24,1.66,1.78,0.54,1.78,1.83,24.34,24.24,24.47,24.86,1.23,-1.27,-2.3,-0.7,0.12,-2.75,-2.34,-4.02,-4.39,-4.35
2011-06-09,600508,24.49,23.99,24.66,23.98,40500,98516709.0,2.79,-1.52,-0.37,0.56,2.21,2.54,3.17,1.75,2.17,2.29,1.04,2.29,2.34,2.42,24.26,24.22,24.44,24.75,0.25,-0.79,0.83,1.67,-1.25,-0.83,-2.54,-2.92,-2.88,-1.08
2011-06-10,600508,24.01,23.86,24.05,23.54,28335,67390330.0,2.13,-0.54,-0.13,0.39,4.46,5.1,3.65,4.08,4.21,2.93,4.21,4.25,4.33,4.76,24.21,24.2,24.42,24.63,-0.25,1.38,2.22,-0.71,-0.29,-2.01,-2.39,-2.35,-0.54,2.35
2011-06-13,600508,23.55,23.76,23.8,23.4,16233,38249410.0,1.68,-0.42,-0.1,0.22,5.73,4.27,4.7,4.83,3.55,4.83,4.87,4.96,5.38,2.78,24.09,24.15,24.37,24.56,1.81,2.65,-0.29,0.13,-1.6,-1.98,-1.94,-0.13,2.78,2.95
2011-06-14,600508,23.73,24.16,24.19,23.73,29978,72025179.0,1.94,1.68,0.4,0.41,2.82,3.24,3.37,2.11,3.37,3.41,3.5,3.92,1.35,0.29,24.03,24.19,24.36,24.49,0.95,-1.95,-1.53,-3.23,-3.6,-3.56,-1.78,1.08,1.24,0.79
2011-06-15,600508,24.2,23.91,24.39,23.9,21921,52835422.0,2.03,-1.03,-0.25,0.3,2.51,2.64,1.38,2.64,2.68,2.76,3.18,0.63,-0.42,1.21,23.94,24.14,24.29,24.42,-0.92,-0.5,-2.22,-2.59,-2.55,-0.75,2.13,2.3,1.84,2.05
2011-06-16,600508,23.69,23.44,23.69,23.4,24396,57377341.0,1.21,-1.97,-0.47,0.34,4.83,3.55,4.83,4.87,4.96,5.38,2.78,1.71,3.38,4.23,23.83,24.04,24.2,24.37,1.49,-0.26,-0.64,-0.6,1.24,4.18,4.35,3.88,4.1,5.33
2011-06-17,600508,23.45,23.03,23.79,22.98,26993,63068266.0,3.46,-1.75,-0.41,0.37,5.44,6.74,6.79,6.88,7.31,4.66,3.57,5.27,6.14,3.09,23.66,23.93,24.1,24.32,1.52,1.13,1.17,3.04,6.04,6.21,5.73,5.95,7.21,11.59
2011-06-20,600508,23.02,23.09,23.38,22.88,20184,46501741.0,2.17,0.26,0.06,0.28,7.21,7.26,7.34,7.78,5.11,4.02,5.73,6.6,3.54,3.98,23.53,23.81,24.0,24.27,0.87,0.91,2.77,5.76,5.93,5.46,5.67,6.93,11.3,13.3
2011-06-21,600508,23.01,23.25,23.29,22.8,34507,79630975.0,2.12,0.69,0.16,0.48,7.63,7.72,8.16,5.48,4.39,6.1,6.97,3.9,4.34,2.54,23.34,23.69,23.96,24.23,0.22,2.06,5.03,5.2,4.73,4.95,6.19,10.54,12.52,10.92
2011-06-22,600508,23.24,23.09,23.3,22.87,20216,46634973.0,1.85,-0.69,-0.16,0.28,7.39,7.83,5.16,4.07,5.77,6.65,3.59,4.02,2.23,1.84,23.18,23.56,23.9,24.17,2.77,5.76,5.93,5.46,5.67,6.93,11.3,13.3,11.69,10.87
2011-06-23,600508,22.95,23.59,23.73,22.91,33978,79364089.0,3.55,2.17,0.5,0.47,7.64,4.98,3.88,5.59,6.46,3.4,3.84,2.05,1.66,1.7,23.21,23.52,23.87,24.13,3.52,3.69,3.22,3.43,4.66,8.94,10.89,9.33,8.52,10.13
2011-06-24,600508,23.47,24.22,24.42,23.37,85706,206009674.0,4.45,2.67,0.63,1.19,2.91,1.84,3.51,4.36,1.37,1.8,0.04,-0.34,-0.3,1.54,23.45,23.55,23.88,24.13,0.99,0.54,0.74,1.94,6.11,8.01,6.48,5.7,7.27,5.66
2011-06-27,600508,24.24,24.23,24.46,24.06,41171,99782651.0,1.65,0.04,0.01,0.57,-1.08,0.54,1.37,-1.54,-1.12,-2.83,-3.2,-3.16,-1.37,1.5,23.68,23.6,23.88,24.12,0.5,0.7,1.9,6.07,7.97,6.44,5.65,7.22,5.61,4.91
2011-06-28,600508,24.26,24.19,24.35,23.88,37138,89538315.0,1.94,-0.17,-0.04,0.51,1.3,2.14,-0.8,-0.38,-2.09,-2.47,-2.43,-0.63,2.26,2.43,23.86,23.6,23.9,24.11,0.87,2.07,6.24,8.14,6.61,5.83,7.4,5.79,5.08,3.89
2011-06-29,600508,24.28,23.83,24.4,23.81,29497,71104350.0,2.44,-1.49,-0.36,0.41,2.44,-0.5,-0.08,-1.81,-2.18,-2.14,-0.34,2.56,2.73,2.27,24.01,23.6,23.87,24.06,3.61,7.85,9.78,8.22,7.43,9.02,7.39,6.67,5.46,4.91
2011-06-30,600508,23.89,24.37,24.69,23.89,60473,147769197.0,3.36,2.27,0.54,0.84,-0.84,-0.42,-2.13,-2.51,-2.47,-0.67,2.22,2.39,1.93,2.13,24.17,23.69,23.87,24.03,5.46,7.35,5.83,5.05,6.61,5.01,4.31,3.12,2.59,6.28
2011-07-01,600508,24.59,25.51,25.7,24.39,142812,358604632.0,5.38,4.68,1.14,1.98,-2.46,-4.14,-4.51,-4.47,-2.71,0.12,0.29,-0.16,0.04,1.23,24.43,23.94,23.93,24.04,2.55,1.1,0.35,1.84,0.31,-0.35,-1.49,-2.0,1.53,0.94
2011-07-04,600508,25.58,25.81,26.16,25.33,117187,301854448.0,3.25,1.18,0.3,1.62,-7.7,-8.05,-8.01,-6.32,-3.59,-3.43,-3.87,-3.67,-2.53,1.46,24.74,24.21,24.01,24.07,-0.08,-0.81,0.66,-0.85,-1.51,-2.63,-3.14,0.35,-0.23,-0.31
2011-07-05,600508,25.79,25.59,25.79,25.32,55082,140649742.0,1.82,-0.85,-0.22,0.76,-8.02,-7.98,-6.28,-3.55,-3.4,-3.83,-3.63,-2.49,1.5,3.32,25.02,24.44,24.06,24.12,0.04,1.52,0.0,-0.66,-1.8,-2.31,1.21,0.63,0.55,0.0
2011-07-06,600508,25.53,25.54,25.6,25.23,42155,107119756.0,1.45,-0.2,-0.05,0.58,-7.65,-5.95,-3.21,-3.05,-3.49,-3.29,-2.14,1.86,3.69,2.22,25.36,24.69,24.12,24.16,1.72,0.2,-0.47,-1.61,-2.11,1.41,0.82,0.74,0.2,0.16
2011-07-07,600508,25.64,25.48,25.98,25.4,50559,129728954.0,2.27,-0.23,-0.06,0.7,-6.57,-3.86,-3.7,-4.13,-3.94,-2.8,1.18,2.99,1.54,0.79,25.59,24.88,24.2,24.21,0.43,-0.24,-1.37,-1.88,1.65,1.06,0.98,0.43,0.39,-0.9
2011-07-08,600508,25.51,25.27,25.59,25.0,46888,118486902.0,2.32,-0.82,-0.21,0.65,-2.32,-2.16,-2.6,-2.4,-1.24,2.8,4.64,3.16,2.4,3.92,25.54,24.98,24.27,24.24,0.59,-0.55,-1.07,2.49,1.9,1.82,1.27,1.23,-0.08,-1.58
2011-07-11,600508,25.1,25.29,25.42,24.86,25741,64793573.0,2.22,0.08,0.02,0.36,-1.61,-2.05,-1.85,-0.68,3.38,5.23,3.74,2.98,4.51,2.94,25.43,25.09,24.34,24.28,-0.63,-1.15,2.41,1.82,1.74,1.19,1.15,-0.16,-1.66,-3.16
2011-07-12,600508,24.99,24.46,25.13,24.42,58246,143384356.0,2.81,-3.28,-0.83,0.81,-0.29,-0.08,1.11,5.24,7.13,5.61,4.83,6.39,4.79,4.1,25.21,25.12,24.36,24.3,2.21,5.89,5.27,5.19,4.62,4.58,3.23,1.68,0.12,-2.17
2011-07-13,600508,24.49,24.96,25.0,24.49,42139,104594205.0,2.09,2.04,0.5,0.58,-0.37,0.82,4.94,6.82,5.31,4.53,6.08,4.49,3.8,2.61,25.09,25.23,24.41,24.32,3.77,3.17,3.08,2.52,2.48,1.16,-0.36,-1.88,-4.13,-1.92
2011-07-14,600508,25.21,25.49,25.9,25.21,87454,223935483.0,2.76,2.12,0.53,1.21,-2.06,1.94,3.77,2.3,1.55,3.05,1.51,0.83,-0.32,-0.83,25.09,25.34,24.51,24.36,1.02,0.94,0.39,0.35,-0.94,-2.43,-3.92,-6.12,-3.96,-2.75
2011-07-15,600508,25.3,25.68,25.75,25.3,51767,132452985.0,1.77,0.75,0.19,0.72,1.58,3.4,1.94,1.19,2.69,1.15,0.47,-0.67,-1.19,2.37,25.18,25.36,24.65,24.41,0.19,-0.35,-0.39,-1.67,-3.15,-4.63,-6.81,-4.67,-3.47,-2.73
2011-07-18,600508,25.66,25.21,25.73,25.19,48288,122874989.0,2.1,-1.83,-0.47,0.67,3.85,2.38,1.63,3.14,1.59,0.91,-0.24,-0.75,2.82,2.22,25.16,25.3,24.75,24.44,1.51,1.47,0.16,-1.35,-2.86,-5.08,-2.9,-1.67,-0.91,-1.51
2011-07-19,600508,25.1,25.26,25.59,24.85,42748,108026368.0,2.94,0.2,0.05,0.59,3.78,3.02,4.55,2.98,2.29,1.13,0.6,4.23,3.62,3.54,25.32,25.26,24.85,24.46,1.27,-0.04,-1.54,-3.05,-5.27,-3.09,-1.86,-1.11,-1.7,-2.18
2011-07-20,600508,25.5,25.08,25.58,24.98,26827,67644133.0,2.38,-0.71,-0.18,0.37,2.48,4.0,2.44,1.76,0.6,0.08,3.68,3.08,3.0,2.44,25.34,25.22,24.95,24.49,0.68,-0.84,-2.35,-4.59,-2.39,-1.16,-0.4,-1.0,-1.48,-0.6
2011-07-21,600508,25.0,24.57,25.25,24.53,34797,86212920.0,2.87,-2.03,-0.51,0.48,5.91,4.32,3.63,2.45,1.92,5.58,4.97,4.89,4.32,4.28,25.16,25.13,25.0,24.51,1.22,-0.33,-2.6,-0.37,0.9,1.67,1.06,0.57,1.47,8.87
2011-07-22,600508,24.66,24.63,24.87,24.56,24950,61637378.0,1.26,0.24,0.06,0.35,4.19,3.5,2.32,1.79,5.46,4.85,4.76,4.19,4.15,2.81,24.95,25.06,25.02,24.53,-0.57,-2.84,-0.61,0.65,1.42,0.81,0.32,1.22,8.61,2.31
2011-07-25,600508,24.49,23.74,24.49,23.65,44065,105833083.0,3.41,-3.61,-0.89,0.61,7.48,6.26,5.71,9.51,8.88,8.79,8.2,8.16,6.77,5.16,24.66,24.91,25.0,24.53,0.8,3.12,4.42,5.22,4.59,4.09,5.01,12.68,6.15,3.12
2011-07-26,600508,23.66,23.81,23.93,23.58,46491,110077804.0,1.47,0.29,0.07,0.64,6.57,6.02,9.84,9.2,9.12,8.52,8.48,7.08,5.47,3.86,24.37,24.84,24.98,24.52,2.81,4.12,4.91,4.28,3.78,4.7,12.35,5.84,2.81,-1.97
2011-07-27,600508,23.7,24.46,24.48,23.56,45079,108619158.0,3.86,2.73,0.65,0.62,6.11,9.93,9.3,9.21,8.62,8.57,7.17,5.56,3.95,1.57,24.24,24.79,25.01,24.54,1.35,2.13,1.51,1.02,1.92,9.36,3.03,0.08,-4.58,-3.43
2011-07-28,600508,24.13,24.66,24.79,23.9,53967,131787119.0,3.64,0.82,0.2,0.75,8.37,7.74,7.66,7.07,7.03,5.65,4.06,2.47,0.13,2.43,24.26,24.71,25.02,24.58,1.3,0.69,0.2,1.09,8.48,2.19,-0.73,-5.35,-4.22,-4.7
2011-07-29,600508,24.55,24.21,24.98,24.18,56307,138847274.0,3.24,-1.82,-0.45,0.78,6.49,6.41,5.83,5.79,4.43,2.85,1.28,-1.03,1.24,2.52,24.18,24.56,24.96,24.62,2.56,2.07,2.97,10.49,4.09,1.12,-3.59,-2.44,-2.93,-0.91
2011-08-01,600508,24.38,24.5,24.83,24.03,30997,76152636.0,3.3,1.2,0.29,0.43,7.07,6.49,6.45,5.08,3.5,1.91,-0.42,1.87,3.16,3.95,24.33,24.49,24.89,24.67,0.86,1.76,9.18,2.86,-0.08,-4.73,-3.59,-4.08,-2.08,-1.27
2011-08-02,600508,24.2,24.63,24.71,23.85,31644,76547711.0,3.51,0.53,0.13,0.44,7.3,7.25,5.87,4.28,2.68,0.34,2.64,3.94,4.74,4.11,24.49,24.43,24.85,24.71,1.22,8.61,2.31,-0.61,-5.24,-4.1,-4.59,-2.6,-1.79,-0.37
2011-08-03,600508,24.3,24.59,24.93,24.2,39772,98259373.0,2.96,-0.16,-0.04,0.55,5.7,4.34,2.77,1.2,-1.12,1.16,2.44,3.22,2.6,2.11,24.52,24.38,24.8,24.76,8.78,2.48,-0.45,-5.08,-3.94,-4.43,-2.44,-1.63,-0.2,0.45
2011-08-04,600508,24.69,25.58,26.75,24.6,119482,308159303.0,8.74,4.03,0.99,1.65,2.64,1.1,-0.45,-2.72,-0.49,0.77,1.54,0.93,0.45,1.34,24.7,24.48,24.8,24.83,-1.49,-4.3,-8.76,-7.66,-8.13,-6.22,-5.43,-4.07,-3.44,-5.94
2011-08-05,600508,24.75,24.76,25.2,24.58,95123,236518345.0,2.42,-3.21,-0.82,1.32,1.18,-0.37,-2.64,-0.41,0.85,1.63,1.02,0.53,1.42,8.83,24.81,24.49,24.78,24.85,-1.13,-5.74,-4.6,-5.09,-3.11,-2.3,-0.89,-0.24,-2.83,-7.35
2011-08-08,600508,24.21,23.41,24.48,23.01,68321,162607523.0,5.94,-5.45,-1.35,0.95,6.43,4.0,6.39,7.74,8.56,7.91,7.39,8.34,16.25,9.52,24.59,24.46,24.68,24.82,-0.3,0.9,0.38,2.48,3.33,4.83,5.51,2.78,-2.01,-0.68
2011-08-09,600508,22.79,23.06,23.34,21.89,75050,169394361.0,6.19,-1.5,-0.35,1.04,9.32,11.83,13.25,14.12,13.43,12.88,13.89,22.2,15.12,11.83,24.28,24.39,24.61,24.78,2.43,1.91,4.03,4.9,6.42,7.11,4.34,-0.52,0.82,1.26
2011-08-10,600508,23.51,23.17,23.62,23.12,54133,126870588.0,2.17,0.48,0.11,0.75,5.88,7.22,8.04,7.4,6.88,7.83,15.7,9.0,5.88,0.95,24.0,24.26,24.52,24.76,1.42,3.54,4.4,5.91,6.6,3.84,-0.99,0.35,0.78,1.9
2011-08-11,600508,22.62,23.5,23.5,22.61,46052,107029267.0,3.84,1.42,0.33,0.64,9.64,10.48,9.82,9.29,10.26,18.31,11.46,8.27,3.23,4.47,23.58,24.14,24.43,24.73,2.09,2.94,4.43,5.11,2.38,-2.38,-1.06,-0.64,0.47,2.13
2011-08-12,600508,23.75,23.61,23.99,23.47,39981,94802297.0,2.21,0.47,0.11,0.55,6.43,5.79,5.28,6.22,13.98,7.37,4.3,-0.55,0.64,0.13,23.35,24.08,24.32,24.67,2.46,3.94,4.62,1.91,-2.84,-1.52,-1.1,0.0,1.65,1.44
2011-08-15,600508,23.76,24.17,24.19,23.52,35078,83853206.0,2.84,2.37,0.56,0.49,5.57,5.06,5.99,13.73,7.14,4.08,-0.77,0.43,-0.09,2.0,23.5,24.05,24.27,24.61,1.53,2.19,-0.46,-5.09,-3.81,-3.39,-2.32,-0.7,-0.91,-2.15
2011-08-16,600508,24.17,24.44,24.54,24.02,46090,112196111.0,2.15,1.12,0.27,0.64,2.87,3.79,11.37,4.91,1.92,-2.83,-1.67,-2.16,-0.12,0.71,23.78,24.03,24.23,24.57,1.06,-1.55,-6.14,-4.87,-4.46,-3.4,-1.8,-2.0,-3.23,-1.72
2011-08-17,600508,24.7,24.04,24.7,23.98,71588,173708340.0,2.95,-1.64,-0.4,0.99,3.96,11.55,5.09,2.09,-2.67,-1.5,-2.0,0.04,0.88,2.34,23.95,23.97,24.18,24.52,0.08,-4.58,-3.29,-2.87,-1.79,-0.17,-0.37,-1.62,-0.08,-1.29
2011-08-18,600508,23.98,23.29,24.06,23.28,53108,125365650.0,3.24,-3.12,-0.75,0.73,14.91,8.25,5.15,0.26,1.46,0.95,3.05,3.91,5.41,6.1,23.91,23.75,24.11,24.45,-1.5,-0.17,0.26,1.37,3.05,2.83,1.55,3.13,1.89,2.02
2011-08-19,600508,22.85,22.76,22.94,22.68,53505,121970246.0,1.12,-2.28,-0.53,0.74,11.11,7.94,2.91,4.14,3.62,5.78,6.66,8.2,8.91,6.08,23.74,23.55,24.02,24.37,2.15,2.59,3.73,5.45,5.23,3.91,5.54,4.26,4.39,3.12
2011-08-22,600508,22.82,22.82,23.25,22.72,36208,83180942.0,2.33,0.26,0.06,0.5,7.75,2.73,3.96,3.43,5.59,6.47,8.01,8.71,5.9,0.97,23.47,23.49,23.97,24.28,2.32,3.46,5.17,4.95,3.64,5.26,3.99,4.12,2.85,0.7
2011-08-23,600508,23.0,23.32,23.35,22.86,26578,61406591.0,2.15,2.19,0.5,0.37,2.1,3.32,2.8,4.94,5.82,7.35,8.05,5.25,0.35,1.71,23.25,23.51,23.95,24.25,1.24,2.92,2.7,1.42,3.0,1.76,1.89,0.64,-1.46,-2.74
2011-08-24,600508,23.51,23.04,23.61,23.0,31300,72916588.0,2.62,-1.2,-0.28,0.43,2.7,2.17,4.3,5.17,6.7,7.39,4.61,-0.26,1.09,1.52,23.05,23.5,23.88,24.18,4.17,3.95,2.65,4.25,2.99,3.12,1.87,-0.26,-1.56,0.13
2011-08-25,600508,23.2,23.93,24.0,23.0,61612,145707776.0,4.34,3.86,0.89,0.85,2.17,4.3,5.17,6.7,7.39,4.61,-0.26,1.09,1.52,2.65,23.17,23.54,23.84,24.13,0.08,-1.17,0.38,-0.84,-0.71,-1.92,-3.97,-5.22,-3.59,-2.47
2011-08-26,600508,23.77,23.8,23.95,23.6,38092,90480809.0,1.46,-0.54,-0.13,0.53,1.65,2.5,3.98,4.66,1.95,-2.8,-1.48,-1.06,0.04,1.69,23.38,23.56,23.82,24.07,-0.63,0.92,-0.29,-0.17,-1.39,-3.45,-4.71,-3.07,-1.93,-2.69
2011-08-29,600508,23.63,23.54,23.65,23.37,28952,68075688.0,1.18,-1.09,-0.26,0.4,3.51,5.01,5.69,2.95,-1.84,-0.51,-0.09,1.03,2.7,2.48,23.53,23.5,23.77,24.01,2.04,0.81,0.93,-0.3,-2.38,-3.65,-2.0,-0.85,-1.61,-4.16
2011-08-30,600508,23.76,23.41,24.02,23.4,38345,91269344.0,2.63,-0.55,-0.13,0.53,4.87,5.56,2.82,-1.97,-0.64,-0.21,0.9,2.56,2.35,1.07,23.54,23.4,23.71,23.95,1.37,1.5,0.26,-1.84,-3.12,-1.45,-0.3,-1.07,-3.63,-3.08
2011-08-31,600508,23.48,23.58,23.73,23.2,21637,50721966.0,2.26,0.73,0.17,0.3,6.47,3.71,-1.12,0.22,0.65,1.77,3.45,3.23,1.94,3.53,23.65,23.35,23.66,23.9,0.76,-0.47,-2.54,-3.82,-2.16,-1.02,-1.78,-4.33,-3.77,-2.88
2011-09-01,600508,23.56,23.33,23.76,23.28,18666,43873950.0,2.04,-1.06,-0.25,0.26,3.35,-1.46,-0.13,0.3,1.42,3.09,2.88,1.59,3.18,1.93,23.53,23.35,23.55,23.86,0.6,-1.5,-2.79,-1.11,0.04,-0.73,-3.3,-2.74,-1.84,-2.19
2011-09-02,600508,23.23,23.13,23.47,23.02,15617,36183788.0,1.93,-0.86,-0.2,0.22,-0.35,1.0,1.43,2.56,4.26,4.04,2.74,4.34,3.08,3.21,23.4,23.39,23.47,23.81,-0.65,-1.95,-0.26,0.91,0.13,-2.46,-1.9,-0.99,-1.34,-2.72
2011-09-05,600508,22.9,22.56,22.98,22.55,25741,58531321.0,1.86,-2.46,-0.57,0.36,3.1,3.55,4.7,6.43,6.21,4.88,6.52,5.23,5.37,4.08,23.2,23.36,23.42,23.77,0.53,2.26,3.46,2.66,0.0,0.58,1.51,1.15,-0.27,0.0
2011-09-06,600508,22.47,22.46,22.68,22.31,17687,39783742.0,1.64,-0.44,-0.1,0.24,4.66,5.83,7.58,7.35,6.01,7.66,6.36,6.5,5.2,3.0,23.01,23.28,23.39,23.73,2.72,3.92,3.12,0.45,1.02,1.96,1.6,0.18,0.45,3.83
2011-09-07,600508,22.78,23.02,23.07,22.56,20313,46432285.0,2.27,2.49,0.56,0.28,4.65,6.38,6.16,4.83,6.47,5.19,5.32,4.03,1.86,0.53,22.9,23.28,23.39,23.68,1.39,0.61,-2.0,-1.43,-0.52,-0.87,-2.26,-2.0,1.3,0.3
2011-09-08,600508,23.15,22.84,23.34,22.8,22759,52554751.0,2.35,-0.78,-0.18,0.31,5.26,5.04,3.73,5.35,4.08,4.21,2.94,0.79,-0.53,1.18,22.8,23.17,23.35,23.62,1.4,-1.23,-0.66,0.26,-0.09,-1.49,-1.23,2.1,1.09,-1.05
2011-09-09,600508,22.96,22.52,23.16,22.46,33660,76590272.0,3.06,-1.4,-0.32,0.47,6.63,5.3,6.95,5.65,5.79,4.5,2.32,0.98,2.72,3.92,22.68,23.04,23.3,23.56,0.18,0.75,1.69,1.33,-0.09,0.18,3.55,2.53,0.36,1.24
2011-09-13,600508,22.15,22.44,22.56,22.02,20953,46747403.0,2.4,-0.36,-0.08,0.29,7.4,9.08,7.77,7.9,6.58,4.36,3.0,4.77,5.99,5.18,22.66,22.93,23.21,23.49,1.11,2.05,1.69,0.27,0.53,3.92,2.9,0.71,1.6,3.16
2011-09-14,600508,22.53,22.66,22.69,22.1,17655,39541785.0,2.63,0.98,0.22,0.24,8.69,7.38,7.51,6.2,3.98,2.62,4.39,5.61,4.8,2.08,22.7,22.85,23.12,23.43,1.06,0.71,-0.71,-0.44,2.91,1.9,-0.26,0.62,2.16,3.97
2011-09-15,600508,22.66,22.58,22.9,22.56,15713,35680542.0,1.5,-0.35,-0.08,0.22,5.19,5.32,4.03,1.86,0.53,2.26,3.46,2.66,0.0,0.58,22.61,22.75,23.05,23.36,1.06,-0.35,-0.09,3.28,2.26,0.09,0.97,2.52,4.34,3.72
2011-09-16,600508,22.73,22.64,22.82,22.59,14238,32328911.0,1.02,0.27,0.06,0.2,5.18,3.9,1.73,0.4,2.12,3.32,2.52,-0.13,0.44,1.37,22.57,22.69,23.02,23.26,-0.62,-0.35,3.0,1.99,-0.18,0.71,2.25,4.06,3.45,3.22
2011-09-19,600508,22.5,22.17,22.5,22.15,14539,32328120.0,1.55,-2.08,-0.47,0.2,5.96,3.75,2.39,4.15,5.37,4.56,1.85,2.44,3.39,3.02,22.5,22.59,22.99,23.17,1.76,5.19,4.15,1.94,2.84,4.42,6.27,5.64,5.41,4.87
2011-09-20,600508,22.17,22.34,22.56,22.08,11384,25340857.0,2.17,0.77,0.17,0.16,4.08,2.72,4.48,5.71,4.89,2.17,2.76,3.71,3.35,1.9,22.48,22.57,22.97,23.14,4.39,3.36,1.16,2.06,3.63,5.46,4.83,4.61,4.07,4.21
2011-09-21,600508,22.21,23.21,23.32,22.21,49884,114971054.0,4.97,3.89,0.87,0.69,2.12,3.87,5.09,4.28,1.58,2.16,3.11,2.75,1.31,1.58,22.59,22.64,22.96,23.14,-0.52,-2.63,-1.77,-0.26,1.51,0.9,0.69,0.17,0.3,-5.69
2011-09-22,600508,22.9,22.42,23.09,22.41,31990,72726752.0,2.93,-3.4,-0.79,0.44,2.95,4.15,3.35,0.67,1.25,2.19,1.83,0.4,0.67,4.06,22.56,22.58,22.93,23.12,0.8,1.69,3.26,5.08,4.46,4.24,3.7,3.84,-2.36,-2.32
2011-09-23,600508,22.1,22.6,22.6,22.07,26929,60042450.0,2.36,0.8,0.18,0.37,5.75,4.94,2.22,2.81,3.76,3.4,1.95,2.22,5.66,4.62,22.55,22.56,22.86,23.09,0.88,2.43,4.25,3.63,3.41,2.88,3.01,-3.14,-3.1,-2.04
2011-09-26,600508,22.45,22.19,22.8,22.1,23087,51636278.0,3.1,-1.81,-0.41,0.32,4.8,2.08,2.67,3.62,3.26,1.81,2.08,5.52,4.48,2.26,22.55,22.53,22.78,23.04,4.33,6.17,5.54,5.32,4.78,4.91,-1.35,-1.31,-0.23,-0.27
2011-09-27,600508,22.41,22.87,23.15,22.41,55912,127710357.0,3.33,3.06,0.68,0.77,0.67,1.25,2.19,1.83,0.4,0.67,4.06,3.03,0.85,1.74,22.66,22.57,22.75,23.0,3.02,2.4,2.19,1.66,1.79,-4.29,-4.24,-3.19,-3.24,-4.9
2011-09-28,600508,23.12,22.92,23.56,22.8,60254,140150695.0,3.32,0.22,0.05,0.83,-0.48,0.44,0.09,-1.32,-1.05,2.28,1.27,-0.88,0.0,1.54,22.6,22.59,22.72,22.95,2.18,1.96,1.44,1.57,-4.49,-4.45,-3.4,-3.45,-5.1,-6.59
2011-09-29,600508,22.76,23.13,23.42,22.71,42684,98803133.0,3.1,0.92,0.21,0.59,0.84,0.48,-0.92,-0.66,2.69,1.67,-0.48,0.4,1.94,3.74,22.74,22.65,22.7,22.92,1.04,0.52,0.65,-5.36,-5.32,-4.28,-4.32,-5.97,-7.44,-8.47
2011-09-30,600508,23.2,23.06,23.37,22.87,36802,84926041.0,2.16,-0.3,-0.07,0.51,-0.22,-1.62,-1.36,1.97,0.96,-1.18,-0.31,1.22,3.02,2.4,22.83,22.69,22.69,22.91,0.82,0.95,-5.07,-5.03,-3.99,-4.03,-5.68,-7.16,-8.2,-10.1
2011-10-10,600508,23.18,22.57,23.25,22.56,32954,75657722.0,2.99,-2.12,-0.49,0.46,-0.27,0.0,3.37,2.35,0.18,1.06,2.62,4.43,3.81,3.59,22.91,22.73,22.66,22.9,3.15,-3.01,-2.97,-1.91,-1.95,-3.63,-5.14,-6.2,-8.15,-6.07
2011-10-11,600508,23.15,21.49,23.28,21.1,76801,170184128.0,9.66,-4.79,-1.08,1.06,6.92,10.52,9.43,7.11,8.06,9.72,11.66,11.0,10.76,10.19,22.63,22.65,22.61,22.86,1.86,1.91,3.02,2.98,1.21,-0.37,-1.49,-3.54,-1.35,2.7
2011-10-12,600508,21.08,21.87,21.89,20.81,76623,164681430.0,5.03,1.77,0.38,1.06,12.06,10.96,8.6,9.56,11.24,13.21,12.54,12.3,11.73,11.87,22.42,22.51,22.58,22.81,0.14,1.23,1.19,-0.55,-2.1,-3.2,-5.21,-3.06,0.91,1.14
2011-10-13,600508,21.7,21.77,21.9,21.59,45359,98639219.0,1.42,-0.46,-0.1,0.63,6.95,4.68,5.6,7.23,9.12,8.48,8.24,7.69,7.83,1.39,22.15,22.45,22.51,22.77,1.7,1.65,-0.09,-1.65,-2.76,-4.78,-2.62,1.38,1.61,0.73
2011-10-14,600508,21.88,21.87,22.14,21.64,34125,74688914.0,2.3,0.46,0.1,0.47,4.44,5.36,6.98,8.87,8.23,7.99,7.44,7.58,1.16,1.2,21.91,22.37,22.47,22.7,1.19,-0.55,-2.1,-3.2,-5.21,-3.06,0.91,1.14,0.27,3.66
2011-10-17,600508,21.95,21.84,22.13,21.75,22188,48634910.0,1.74,-0.14,-0.03,0.31,4.83,6.44,8.32,7.68,7.45,6.9,7.03,0.64,0.69,1.79,21.77,22.34,22.43,22.63,-0.41,-1.97,-3.07,-5.08,-2.93,1.05,1.28,0.41,3.8,2.52
2011-10-18,600508,21.75,21.18,21.75,21.11,25166,53773874.0,2.93,-3.02,-0.66,0.35,9.66,11.61,10.94,10.71,10.14,10.28,3.69,3.74,4.88,4.83,21.71,22.17,22.37,22.56,1.09,-0.05,-2.12,0.09,4.2,4.44,3.54,7.03,5.71,6.09
2011-10-19,600508,21.3,21.23,21.41,21.1,15530,32996965.0,1.46,0.24,0.05,0.21,11.66,11.0,10.76,10.19,10.33,3.74,3.79,4.93,4.88,3.08,21.58,22.0,22.3,22.48,-0.28,-2.36,-0.14,3.96,4.19,3.3,6.78,5.46,5.84,5.04
2011-10-20,600508,21.02,20.45,21.17,20.31,25379,52242534.0,4.05,-3.67,-0.78,0.35,15.31,15.07,14.48,14.62,7.78,7.83,9.01,8.96,7.09,5.42,21.31,21.73,22.19,22.38,1.37,3.67,7.92,8.17,7.24,10.86,9.49,9.88,9.05,10.86
2011-10-21,600508,20.45,20.49,20.73,20.41,16517,33973432.0,1.56,0.2,0.04,0.23,14.5,13.91,14.06,7.25,7.3,8.48,8.43,6.57,4.9,3.72,21.04,21.48,22.08,22.28,3.47,7.71,7.96,7.03,10.64,9.27,9.66,8.83,10.64,11.03
2011-10-24,600508,20.71,21.14,21.2,20.33,28874,60143276.0,4.25,3.17,0.65,0.4,14.36,14.51,7.67,7.72,8.9,8.85,6.98,5.31,4.13,1.97,20.9,21.33,22.03,22.22,4.4,4.64,3.74,7.24,5.91,6.29,5.49,7.24,7.62,8.8
2011-10-25,600508,21.18,21.79,22.07,21.1,47277,102338860.0,4.59,3.07,0.65,0.65,10.33,3.74,3.79,4.93,4.88,3.08,1.47,0.33,-1.75,0.47,21.02,21.36,22.0,22.19,1.51,0.64,4.04,2.75,3.12,2.34,4.04,4.41,5.55,5.69
2011-10-26,600508,21.61,21.62,22.12,21.51,49934,108970530.0,2.8,-0.78,-0.17,0.69,1.77,1.81,2.93,2.88,1.12,-0.46,-1.58,-3.63,-1.44,2.6,21.1,21.34,21.92,22.16,1.43,4.86,3.56,3.93,3.15,4.86,5.23,6.38,6.52,6.34
2011-10-27,600508,21.78,21.64,21.93,21.55,27954,60704353.0,1.76,0.09,0.02,0.39,1.62,2.74,2.69,0.93,-0.65,-1.76,-3.81,-1.62,2.41,2.65,21.34,21.33,21.89,22.12,4.76,3.47,3.84,3.05,4.76,5.13,6.28,6.42,6.24,5.08
2011-10-28,600508,22.1,22.4,22.67,22.02,69829,156007691.0,3.0,3.51,0.76,0.97,0.54,0.5,-1.23,-2.77,-3.86,-5.86,-3.72,0.23,0.45,-0.41,21.72,21.38,21.88,22.1,-0.04,0.31,-0.45,1.21,1.56,2.68,2.81,2.63,1.52,1.79
2011-10-31,600508,22.37,22.18,22.39,22.01,38415,85297099.0,1.7,-0.98,-0.22,0.53,0.55,-1.18,-2.73,-3.82,-5.82,-3.68,0.27,0.5,-0.36,3.0,21.93,21.41,21.88,22.09,1.31,0.54,2.21,2.57,3.7,3.83,3.65,2.52,2.8,4.55
2011-11-01,600508,22.0,22.14,22.47,21.89,42158,93517645.0,2.61,-0.18,-0.04,0.58,-0.64,-2.19,-3.29,-5.3,-3.15,0.82,1.05,0.18,3.56,2.28,22.0,21.51,21.84,22.08,0.72,2.39,2.76,3.88,4.02,3.84,2.71,2.98,4.74,4.83
2011-11-02,600508,21.77,22.28,22.3,21.59,41525,90837757.0,3.21,0.63,0.14,0.57,-0.83,-1.95,-3.98,-1.81,2.22,2.45,1.57,5.0,3.71,4.08,22.13,21.61,21.81,22.07,1.75,2.11,3.23,3.37,3.19,2.06,2.33,4.08,4.17,3.55
2011-11-03,600508,22.37,22.32,22.67,22.3,57931,130112882.0,1.66,0.18,0.04,0.8,-5.07,-7.04,-4.93,-1.03,-0.81,-1.66,1.66,0.4,0.76,0.0,22.26,21.8,21.77,22.06,1.93,3.05,3.18,3.0,1.88,2.15,3.9,3.99,3.36,1.34
2011-11-04,600508,22.43,22.64,22.75,22.42,49946,112852545.0,1.48,1.43,0.32,0.69,-7.54,-5.44,-1.56,-1.34,-2.19,1.12,-0.13,0.22,-0.54,1.12,22.31,22.02,21.75,22.06,1.59,1.72,1.55,0.44,0.71,2.43,2.52,1.9,-0.09,-3.53
2011-11-07,600508,22.49,22.59,23.0,22.4,43582,99020590.0,2.65,-0.22,-0.05,0.6,-5.36,-1.47,-1.25,-2.1,1.21,-0.04,0.31,-0.45,1.21,1.56,22.39,22.16,21.75,22.07,1.95,1.77,0.66,0.93,2.66,2.74,2.12,0.13,-3.32,-4.07
2011-11-08,600508,22.7,22.67,23.03,22.61,49269,112446565.0,1.86,0.35,0.08,0.68,-2.39,-2.17,-3.01,0.27,-0.97,-0.62,-1.37,0.27,0.62,1.72,22.5,22.25,21.81,22.09,1.41,0.31,0.57,2.29,2.38,1.76,-0.22,-3.66,-4.41,-4.28
2011-11-09,600508,22.84,22.86,22.99,22.44,30415,69118002.0,2.43,0.84,0.19,0.42,-1.43,-2.27,1.02,-0.22,0.13,-0.62,1.02,1.38,2.5,2.63,22.62,22.37,21.85,22.07,-0.52,-0.26,1.44,1.53,0.92,-1.05,-4.46,-5.21,-5.07,-6.39
2011-11-10,600508,22.53,22.45,22.74,22.42,33889,76477892.0,1.4,-1.79,-0.41,0.47,-2.19,1.12,-0.13,0.22,-0.54,1.12,1.47,2.59,2.72,2.54,22.64,22.45,21.89,22.07,1.56,3.3,3.39,2.76,0.76,-2.72,-3.47,-3.34,-4.68,-4.81
2011-11-11,600508,22.65,22.49,22.8,22.34,26907,60834918.0,2.05,0.18,0.04,0.37,1.48,0.22,0.58,-0.18,1.48,1.84,2.95,3.09,2.91,1.79,22.61,22.46,21.92,22.07,3.11,3.2,2.58,0.58,-2.89,-3.65,-3.51,-4.85,-4.98,-5.07
2011-11-14,600508,22.72,23.12,23.19,22.72,58173,133907782.0,2.09,2.8,0.63,0.8,-1.45,-1.1,-1.85,-0.22,0.13,1.23,1.36,1.19,0.09,0.35,22.72,22.56,21.98,22.1,0.39,-0.22,-2.16,-5.54,-6.27,-6.14,-7.44,-7.57,-7.66,-6.36
2011-11-15,600508,23.04,23.01,23.21,22.88,32728,75347549.0,1.43,-0.48,-0.11,0.45,-1.79,-2.53,-0.92,-0.57,0.52,0.66,0.48,-0.61,-0.35,1.35,22.79,22.64,22.08,22.11,0.26,-1.69,-5.08,-5.82,-5.69,-7.0,-7.13,-7.21,-5.91,-6.39
2011-11-16,600508,23.01,22.27,23.07,22.2,47401,106770948.0,3.78,-3.22,-0.74,0.66,0.45,2.12,2.48,3.6,3.74,3.56,2.43,2.7,4.46,4.55,22.67,22.64,22.13,22.09,1.57,-1.93,-2.69,-2.56,-3.91,-4.04,-4.13,-2.78,-3.28,-2.56
2011-11-17,600508,22.38,22.33,22.62,22.28,22950,51465344.0,1.53,0.27,0.06,0.32,1.75,2.11,3.23,3.37,3.19,2.06,2.33,4.08,4.17,3.55,22.64,22.64,22.22,22.06,-2.19,-2.96,-2.82,-4.16,-4.3,-4.39,-3.05,-3.54,-2.82,-5.28
2011-11-21,600508,21.76,21.74,21.84,21.48,28138,60903108.0,1.61,-2.64,-0.59,0.39,5.91,7.08,7.22,7.03,5.87,6.15,7.96,8.05,7.4,5.31,22.49,22.55,22.28,22.01,-0.32,-0.18,-1.56,-1.7,-1.79,-0.41,-0.92,-0.18,-2.71,-3.73
2011-11-22,600508,21.55,21.59,21.67,21.14,16924,36311470.0,2.44,-0.69,-0.15,0.23,8.8,8.94,8.75,7.57,7.85,9.7,9.79,9.13,7.0,3.31,22.19,22.45,22.31,21.98,0.51,-0.88,-1.02,-1.11,0.28,-0.23,0.51,-2.04,-3.06,-3.89
2011-11-23,600508,21.6,21.27,21.7,21.25,13266,28440237.0,2.08,-1.48,-0.32,0.18,8.38,8.19,7.01,7.29,9.13,9.22,8.56,6.45,2.78,1.98,21.84,22.31,22.28,21.97,0.61,0.47,0.38,1.79,1.27,2.02,-0.56,-1.6,-2.44,-2.02
2011-11-24,600508,21.02,21.26,21.4,20.91,17333,36600285.0,2.3,-0.05,-0.01,0.24,9.95,8.75,9.04,10.9,11.0,10.33,8.18,4.45,3.63,3.78,21.64,22.15,22.26,21.95,0.52,0.42,1.83,1.32,2.07,-0.52,-1.55,-2.4,-1.98,-1.74
2011-11-25,600508,21.28,21.1,21.37,20.99,12566,26549618.0,1.79,-0.75,-0.16,0.17,8.34,8.62,10.48,10.58,9.91,7.77,4.05,3.24,3.38,1.95,21.39,22.02,22.24,21.93,1.18,2.61,2.09,2.84,0.24,-0.81,-1.66,-1.23,-1.0,-2.13
2011-11-28,600508,21.18,21.13,21.35,20.95,12527,26463417.0,1.9,0.14,0.03,0.17,8.83,10.69,10.79,10.12,7.97,4.25,3.44,3.58,2.15,2.0,21.27,21.88,22.17,21.91,2.46,1.94,2.7,0.09,-0.95,-1.8,-1.37,-1.14,-2.27,-2.41
2011-11-29,600508,21.4,21.6,21.65,21.27,20731,44437325.0,1.8,2.22,0.47,0.29,9.03,9.12,8.46,6.35,2.68,1.88,2.02,0.61,0.47,0.38,21.27,21.73,22.14,21.9,-0.28,0.46,-2.08,-3.1,-3.94,-3.52,-3.29,-4.4,-4.54,-6.3
2011-11-30,600508,21.54,20.77,21.54,20.52,22281,46535792.0,4.72,-3.84,-0.83,0.31,13.11,12.43,10.23,6.43,5.6,5.75,4.29,4.14,4.04,5.51,21.17,21.51,22.07,21.89,4.48,1.83,0.77,-0.1,0.34,0.58,-0.58,-0.72,-2.55,-4.43
2011-12-01,600508,21.33,21.28,21.7,21.26,38813,83378940.0,2.12,2.46,0.51,0.54,8.51,6.4,2.73,1.93,2.07,0.66,0.52,0.42,1.83,1.32,21.18,21.41,22.02,21.89,-0.61,-1.64,-2.49,-2.07,-1.83,-2.96,-3.1,-4.89,-6.72,-10.76
2011-12-02,600508,21.13,20.79,21.15,20.68,17678,36857022.0,2.21,-2.3,-0.49,0.24,9.38,5.61,4.79,4.93,3.48,3.34,3.24,4.69,4.16,4.93,21.11,21.25,21.95,21.9,0.67,-0.19,0.24,0.48,-0.67,-0.82,-2.65,-4.52,-8.66,-9.76
2011-12-05,600508,20.85,20.5,20.93,20.45,15576,32165215.0,2.31,-1.39,-0.29,0.22,6.8,5.97,6.11,4.65,4.5,4.4,5.87,5.33,6.11,3.42,20.99,21.13,21.84,21.9,1.22,1.66,1.9,0.73,0.59,-1.27,-3.17,-7.37,-8.49,-7.9
2011-12-06,600508,20.5,20.64,20.75,20.44,9821,20205291.0,1.51,0.68,0.14,0.14,6.02,6.16,4.7,4.55,4.45,5.92,5.38,6.16,3.47,2.4,20.8,21.03,21.74,21.88,0.97,1.21,0.05,-0.1,-1.94,-3.83,-7.99,-9.11,-8.53,-7.22
2011-12-07,600508,20.63,20.67,20.84,20.55,9289,19226005.0,1.41,0.15,0.03,0.13,5.6,4.14,3.99,3.89,5.35,4.82,5.6,2.92,1.85,0.97,20.78,20.97,21.64,21.84,1.06,-0.1,-0.24,-2.08,-3.97,-8.13,-9.24,-8.66,-7.35,-6.97
2011-12-08,600508,20.68,20.56,20.89,20.33,12781,26320588.0,2.71,-0.53,-0.11,0.18,5.26,5.12,5.02,6.49,5.95,6.74,4.03,2.95,2.07,2.51,20.63,20.9,21.53,21.81,0.44,0.29,-1.56,-3.45,-7.64,-8.75,-8.17,-6.86,-6.47,-8.56
2011-12-09,600508,20.4,20.5,20.65,20.31,8257,16925955.0,1.65,-0.29,-0.06,0.11,5.22,5.12,6.6,6.06,6.84,4.14,3.05,2.17,2.61,2.86,20.57,20.84,21.43,21.77,0.59,-1.27,-3.17,-7.37,-8.49,-7.9,-6.59,-6.2,-8.29,-7.02
2011-12-12,600508,20.42,20.29,20.62,20.25,9695,19817825.0,1.8,-1.02,-0.21,0.13,5.43,6.91,6.37,7.16,4.44,3.36,2.47,2.91,3.16,1.98,20.53,20.76,21.32,21.7,-0.25,-2.17,-6.41,-7.54,-6.95,-5.62,-5.22,-7.34,-6.06,-6.46
2011-12-13,600508,20.1,19.7,20.24,19.55,24655,48832775.0,3.4,-2.91,-0.59,0.34,10.74,10.18,11.0,8.18,7.06,6.14,6.6,6.85,5.63,5.47,20.34,20.57,21.15,21.62,0.76,-3.6,-4.77,-4.16,-2.79,-2.39,-4.57,-3.25,-3.65,-5.13
2011-12-14,600508,19.65,19.11,19.85,19.05,20227,39372259.0,4.06,-2.99,-0.59,0.28,13.07,13.91,11.02,9.87,8.92,9.4,9.66,8.4,8.24,6.25,20.03,20.4,20.95,21.52,-0.63,-1.83,-1.2,0.21,0.63,-1.62,-0.26,-0.68,-2.2,-3.4
2011-12-15,600508,18.79,18.12,18.99,18.09,34313,63410807.0,4.71,-5.18,-0.99,0.47,19.96,16.92,15.7,14.7,15.2,15.48,14.15,13.99,11.89,9.73,19.54,20.09,20.75,21.38,3.53,4.19,5.68,6.13,3.75,5.19,4.75,3.15,1.88,2.48
2011-12-16,600508,18.11,18.71,18.76,18.09,21626,39706572.0,3.7,3.26,0.59,0.3,16.92,15.7,14.7,15.2,15.48,14.15,13.99,11.89,9.73,4.98,19.19,19.88,20.57,21.26,0.91,2.35,2.78,0.48,1.87,1.44,-0.11,-1.34,-0.75,0.59
2011-12-19,600508,18.57,18.87,18.88,18.01,22989,42405627.0,4.65,0.86,0.16,0.32,16.21,15.21,15.71,15.99,14.66,14.49,12.38,10.22,5.44,4.16,18.9,19.72,20.42,21.13,1.48,1.91,-0.37,1.01,0.58,-0.95,-2.17,-1.59,-0.26,0.69
2011-12-20,600508,18.79,18.9,19.15,18.6,16630,31519479.0,2.91,0.16,0.03,0.23,11.56,12.04,12.31,11.02,10.86,8.82,6.72,2.1,0.86,1.51,18.74,19.54,20.29,21.01,1.75,-0.53,0.85,0.42,-1.11,-2.33,-1.75,-0.42,0.53,-2.38
2011-12-21,600508,19.15,18.33,19.23,18.21,12848,24218049.0,5.4,-3.02,-0.57,0.18,14.44,14.72,13.4,13.23,11.15,9.01,4.28,3.02,3.68,5.16,18.59,19.31,20.14,20.87,2.56,3.98,3.55,1.96,0.71,1.31,2.67,3.66,0.65,0.11
2011-12-22,600508,18.2,18.57,18.8,17.86,19906,36364355.0,5.13,1.31,0.24,0.28,16.97,15.62,15.45,13.33,11.14,6.33,5.04,5.71,7.22,7.67,18.68,19.11,20.01,20.72,2.64,2.21,0.65,-0.59,0.0,1.35,2.32,-0.65,-1.18,5.01
2011-12-23,600508,18.57,18.81,19.06,18.41,19945,37569548.0,3.5,1.29,0.24,0.28,12.17,12.0,9.94,7.82,3.15,1.9,2.55,4.02,4.45,2.12,18.7,18.94,19.89,20.6,0.9,-0.64,-1.86,-1.28,0.05,1.01,-1.91,-2.45,3.67,10.37
2011-12-26,600508,18.58,18.58,18.98,18.56,12758,23851623.0,2.23,-1.22,-0.23,0.18,11.1,9.05,6.95,2.32,1.08,1.72,3.18,3.61,1.29,2.69,18.64,18.77,19.76,20.47,0.59,-0.65,-0.05,1.29,2.26,-0.7,-1.24,4.95,11.73,11.36
2011-12-27,600508,18.53,18.43,18.69,18.25,10386,19147517.0,2.37,-0.81,-0.15,0.14,10.9,8.77,4.05,2.79,3.45,4.93,5.37,3.01,4.44,4.0,18.54,18.64,19.61,20.31,0.16,0.76,2.12,3.09,0.11,-0.43,5.81,12.64,12.26,10.8
2011-12-28,600508,18.31,18.44,18.46,18.14,11603,21217950.0,1.74,0.05,0.01,0.16,9.43,4.69,3.42,4.08,5.57,6.01,3.64,5.07,4.63,3.03,18.57,18.58,19.49,20.16,0.7,2.06,3.04,0.05,-0.49,5.75,12.58,12.2,10.74,9.98
2011-12-29,600508,18.36,18.45,18.57,18.22,11425,21015801.0,1.9,0.05,0.01,0.16,4.23,2.96,3.62,5.1,5.54,3.18,4.61,4.17,2.58,1.32,18.54,18.61,19.35,20.03,2.01,2.98,0.0,-0.54,5.69,12.52,12.14,10.68,9.92,8.83
2011-12-30,600508,18.48,18.73,18.82,18.36,23006,42813898.0,2.49,1.52,0.28,0.32,2.18,2.83,4.3,4.74,2.4,3.81,3.38,1.8,0.54,1.14,18.53,18.61,19.25,19.91,1.44,-1.49,-2.03,4.11,10.84,10.46,9.02,8.28,7.21,11.37
2012-01-04,600508,18.95,18.22,19.0,18.2,17213,32157076.0,4.27,-2.72,-0.51,0.24,3.74,5.22,5.66,3.3,4.73,4.29,2.69,1.43,2.03,3.41,18.45,18.55,19.13,19.8,1.26,0.71,7.03,13.94,13.56,12.07,11.31,10.21,14.49,15.86
2012-01-05,600508,18.06,17.99,18.45,17.98,14958,27146843.0,2.58,-1.26,-0.23,0.21,6.51,6.95,4.56,6.01,5.56,3.95,2.67,3.28,4.67,5.67,18.37,18.46,19.0,19.68,2.0,8.39,15.4,15.01,13.51,12.73,11.62,15.95,17.34,15.4
2012-01-06,600508,18.0,18.26,18.35,17.9,11943,21607609.0,2.5,1.5,0.27,0.17,7.43,5.03,6.48,6.03,4.41,3.13,3.74,5.14,6.15,3.07,18.33,18.45,18.88,19.58,6.79,13.69,13.31,11.83,11.06,9.97,14.24,15.61,13.69,13.47
2012-01-09,600508,18.3,19.45,19.5,18.15,51650,98993236.0,7.39,6.52,1.19,0.71,3.58,5.01,4.57,2.98,1.71,2.31,3.69,4.68,1.65,1.1,18.53,18.54,18.82,19.52,6.74,6.38,4.99,4.27,3.24,7.25,8.53,6.74,6.53,7.2
2012-01-10,600508,19.44,20.49,20.76,19.27,81037,162714411.0,7.66,5.35,1.04,1.12,-1.09,-1.5,-3.01,-4.2,-3.63,-2.34,-1.4,-4.26,-4.77,1.19,18.88,18.7,18.82,19.5,0.98,-0.34,-1.02,-2.0,1.81,3.03,1.32,1.12,1.76,0.0
2012-01-11,600508,20.3,20.16,20.69,19.95,52791,106951736.0,3.61,-1.61,-0.33,0.73,-4.86,-6.32,-7.47,-6.92,-5.66,-4.76,-7.52,-8.02,-2.26,4.06,19.27,18.86,18.82,19.46,1.29,0.6,-0.4,3.47,4.71,2.98,2.78,3.42,1.64,1.93
2012-01-12,600508,19.97,20.04,20.42,19.89,30953,62419091.0,2.63,-0.6,-0.12,0.43,-6.03,-7.19,-6.64,-5.38,-4.47,-7.24,-7.74,-1.96,4.37,4.02,19.68,19.02,18.83,19.41,1.2,0.2,4.09,5.34,3.59,3.39,4.04,2.25,2.54,2.74
2012-01-13,600508,20.1,19.6,20.28,19.4,35800,70738893.0,4.39,-2.2,-0.44,0.5,-4.85,-4.28,-2.99,-2.06,-4.9,-5.41,0.52,7.01,6.65,5.26,19.95,19.14,18.86,19.37,2.45,6.43,7.7,5.92,5.71,6.38,4.54,4.85,5.05,5.61
2012-01-16,600508,19.49,19.3,20.08,19.28,22363,44046558.0,4.08,-1.53,-0.3,0.31,-3.68,-2.39,-1.45,-4.3,-4.82,1.14,7.68,7.31,5.91,5.19,19.92,19.22,18.92,19.31,8.08,9.38,7.56,7.36,8.03,6.17,6.48,6.68,7.25,8.5
2012-01-17,600508,19.39,20.81,20.86,19.23,61034,123690900.0,8.45,7.82,1.51,0.84,-2.13,-1.2,-4.06,-4.58,1.4,7.96,7.59,6.19,5.46,4.42,19.98,19.43,19.02,19.31,1.44,-0.24,-0.43,0.19,-1.54,-1.25,-1.06,-0.53,0.62,-1.59
2012-01-18,600508,20.86,20.28,21.11,20.21,53567,110414287.0,4.32,-2.55,-0.53,0.74,-5.99,-8.71,-9.2,-3.51,2.72,2.38,1.04,0.35,-0.64,3.22,20.01,19.64,19.09,19.3,2.37,2.17,2.81,1.04,1.33,1.53,2.07,3.25,0.99,4.39
2012-01-19,600508,20.26,20.56,20.76,20.25,32134,66080523.0,2.51,1.38,0.28,0.44,-8.89,-9.38,-3.7,2.52,2.17,0.84,0.15,-0.84,3.01,4.25,20.11,19.9,19.17,19.3,0.78,1.41,-0.34,-0.05,0.15,0.68,1.85,-0.39,2.97,2.63
2012-01-20,600508,20.69,20.69,20.72,20.4,28164,58053135.0,1.56,0.63,0.13,0.39,-10.05,-4.41,1.76,1.42,0.1,-0.59,-1.57,2.25,3.48,1.76,20.33,20.14,19.29,19.3,0.77,-0.97,-0.68,-0.48,0.05,1.21,-1.01,2.32,1.98,1.98
2012-01-30,600508,20.85,20.23,20.85,20.22,24582,50276979.0,3.04,-2.22,-0.46,0.34,-3.56,2.67,2.32,0.99,0.3,-0.69,3.17,4.4,2.67,2.47,20.51,20.22,19.38,19.29,1.29,1.58,1.78,2.32,3.51,1.24,4.65,4.3,4.3,4.2
2012-01-31,600508,20.21,20.39,20.49,20.11,14717,29898227.0,1.88,0.79,0.16,0.2,3.23,2.88,1.54,0.85,-0.15,3.73,4.97,3.23,3.03,3.68,20.43,20.21,19.45,19.28,0.78,0.98,1.52,2.7,0.44,3.83,3.48,3.48,3.38,2.99
2012-02-01,600508,20.32,19.94,20.55,19.9,21229,42922411.0,3.19,-2.21,-0.45,0.29,3.97,2.61,1.91,0.9,4.82,6.08,4.32,4.12,4.77,2.96,20.36,20.18,19.52,19.27,3.26,3.81,5.02,2.71,6.17,5.82,5.82,5.72,5.32,6.72
2012-02-02,600508,20.07,20.51,20.59,19.91,36715,74920708.0,3.41,2.86,0.57,0.51,2.56,1.86,0.85,4.77,6.03,4.27,4.07,4.72,2.91,3.21,20.35,20.23,19.63,19.3,0.93,2.1,-0.15,3.22,2.88,2.88,2.78,2.39,3.75,3.02
2012-02-03,600508,20.4,20.58,20.7,20.25,29318,60061796.0,2.19,0.34,0.07,0.41,0.15,-0.84,3.01,4.25,2.52,2.32,2.96,1.19,1.48,1.68,20.33,20.33,19.73,19.35,1.75,-0.49,2.87,2.53,2.53,2.43,2.04,3.4,2.67,2.43
2012-02-06,600508,20.7,20.59,20.94,20.48,29366,60851133.0,2.24,0.05,0.01,0.41,-1.95,1.86,3.08,1.37,1.17,1.81,0.05,0.34,0.54,1.07,20.4,20.46,19.84,19.43,-0.53,2.82,2.48,2.48,2.38,1.99,3.35,2.62,2.38,3.06
2012-02-07,600508,20.48,20.1,20.48,19.95,27218,54850881.0,2.57,-2.38,-0.49,0.38,4.56,5.81,4.06,3.86,4.51,2.71,3.01,3.21,3.76,4.96,20.34,20.39,19.91,19.48,5.32,4.98,4.98,4.88,4.48,5.87,5.12,4.88,5.57,4.93
2012-02-08,600508,20.1,20.93,21.17,20.05,66492,137179559.0,5.57,4.13,0.83,0.92,5.29,3.54,3.34,3.99,2.19,2.49,2.69,3.24,4.44,2.14,20.54,20.45,20.04,19.55,0.81,0.81,0.72,0.33,1.67,0.96,0.72,1.39,0.76,2.44
2012-02-09,600508,20.9,20.83,21.1,20.79,53077,111172961.0,1.48,-0.48,-0.1,0.73,-0.14,-0.34,0.29,-1.44,-1.15,-0.96,-0.43,0.72,-1.49,1.83,20.61,20.48,20.19,19.61,1.3,1.2,0.82,2.16,1.44,1.2,1.87,1.25,2.93,3.98
2012-02-10,600508,20.75,20.87,21.1,20.66,33649,70278056.0,2.11,0.19,0.04,0.47,0.29,0.92,-0.82,-0.53,-0.34,0.19,1.36,-0.87,2.47,2.13,20.66,20.5,20.32,19.69,1.01,0.62,1.96,1.25,1.01,1.68,1.05,2.73,3.79,6.95
2012-02-13,600508,20.7,20.81,21.08,20.55,31271,65004828.0,2.54,-0.29,-0.06,0.43,1.46,-0.29,0.0,0.19,0.73,1.9,-0.34,3.02,2.68,2.68,20.71,20.56,20.39,19.77,0.91,2.26,1.54,1.3,1.97,1.35,3.03,4.08,7.26,10.28
2012-02-14,600508,20.85,20.86,21.0,20.66,26552,55239909.0,1.63,0.24,0.05,0.37,-0.82,-0.53,-0.34,0.19,1.36,-0.87,2.47,2.13,2.13,2.03,20.86,20.6,20.4,19.84,2.01,1.29,1.05,1.73,1.1,2.78,3.84,7.0,10.02,8.15
2012-02-15,600508,20.84,21.08,21.28,20.68,53598,112749603.0,2.88,1.05,0.22,0.74,-0.63,-0.44,0.1,1.26,-0.97,2.37,2.03,2.03,1.93,1.55,20.89,20.72,20.45,19.92,0.24,0.0,0.66,0.05,1.71,2.75,5.88,8.87,7.02,6.64
2012-02-16,600508,21.08,20.78,21.13,20.69,37572,78530349.0,2.09,-1.42,-0.3,0.52,-0.48,0.05,1.21,-1.01,2.32,1.98,1.98,1.88,1.5,2.85,20.88,20.74,20.49,20.0,1.44,2.12,1.49,3.18,4.23,7.41,10.44,8.57,8.18,7.17
2012-02-17,600508,20.93,20.9,21.08,20.7,22332,46655237.0,1.83,0.58,0.12,0.31,0.0,1.16,-1.06,2.27,1.93,1.93,1.84,1.45,2.8,2.08,20.89,20.78,20.55,20.08,1.53,0.91,2.58,3.64,6.79,9.81,7.94,7.56,6.56,8.28
2012-02-20,600508,21.15,20.89,21.22,20.86,41315,87049965.0,1.72,-0.05,-0.01,0.57,0.38,-1.82,1.49,1.15,1.15,1.05,0.67,2.01,1.29,1.05,20.9,20.81,20.63,20.16,0.96,2.63,3.69,6.85,9.86,7.99,7.61,6.61,8.33,8.9
2012-02-21,600508,20.88,21.03,21.09,20.65,27627,57765071.0,2.11,0.67,0.14,0.38,-0.82,2.52,2.18,2.18,2.08,1.69,3.05,2.32,2.08,2.76,20.94,20.9,20.64,20.24,1.95,3.0,6.13,9.13,7.28,6.89,5.9,7.61,8.18,6.37
2012-02-22,600508,21.08,21.32,21.44,20.97,50109,106301078.0,2.23,1.38,0.29,0.69,0.95,0.62,0.62,0.52,0.14,1.48,0.76,0.52,1.19,0.57,20.98,20.94,20.69,20.34,1.59,4.69,7.65,5.82,5.44,4.46,6.14,6.71,4.92,3.0
2012-02-23,600508,21.26,21.6,21.66,21.2,59795,128543264.0,2.16,1.31,0.28,0.83,-0.47,-0.47,-0.57,-0.94,0.38,-0.33,-0.57,0.09,-0.52,1.13,21.15,21.01,20.75,20.46,3.33,6.25,4.44,4.07,3.1,4.77,5.32,3.56,1.67,2.31
2012-02-24,600508,21.66,22.24,22.32,21.56,104934,231258466.0,3.52,2.96,0.64,1.45,-2.13,-2.23,-2.6,-1.3,-1.99,-2.23,-1.58,-2.18,-0.56,0.46,21.42,21.15,20.82,20.6,3.19,1.44,1.08,0.13,1.75,2.29,0.58,-1.26,-0.63,3.19
2012-02-27,600508,22.31,22.26,22.95,22.23,118034,267692882.0,3.24,0.09,0.02,1.63,-5.17,-5.53,-4.27,-4.95,-5.17,-4.54,-5.13,-3.55,-2.56,0.4,21.69,21.3,20.93,20.69,1.35,0.99,0.04,1.66,2.2,0.49,-1.35,-0.72,3.1,3.05
2012-02-28,600508,22.01,22.41,22.56,22.01,61135,136490918.0,2.47,0.67,0.15,0.85,-4.59,-3.32,-4.0,-4.23,-3.59,-4.18,-2.59,-1.59,1.41,4.27,21.97,21.45,21.03,20.75,0.31,-0.62,0.98,1.52,-0.18,-2.01,-1.38,2.41,2.37,2.14
2012-02-29,600508,22.29,21.99,22.48,21.96,43720,96935141.0,2.32,-1.87,-0.42,0.6,-3.1,-3.78,-4.01,-3.37,-3.96,-2.37,-1.37,1.64,4.51,2.73,22.1,21.54,21.13,20.81,1.27,2.91,3.46,1.73,-0.14,0.5,4.37,4.32,4.09,4.41
2012-03-01,600508,21.85,22.01,22.27,21.8,30824,68047050.0,2.14,0.09,0.02,0.43,-3.07,-3.3,-2.66,-3.26,-1.65,-0.64,2.39,5.28,3.49,3.12,22.18,21.67,21.2,20.88,2.82,3.36,1.64,-0.23,0.41,4.27,4.23,4.0,4.32,0.27
2012-03-02,600508,22.11,22.52,22.63,22.1,46831,105163371.0,2.41,2.32,0.51,0.65,-4.62,-3.98,-4.57,-2.99,-1.99,1.0,3.85,2.08,1.72,0.77,22.24,21.83,21.3,20.98,1.02,-0.67,-2.49,-1.87,1.91,1.87,1.64,1.95,-2.0,-1.82
2012-03-05,600508,22.54,22.4,22.75,22.38,43514,98120792.0,1.64,-0.53,-0.12,0.6,-5.18,-5.76,-4.2,-3.22,-0.27,2.55,0.8,0.45,-0.49,1.12,22.27,21.98,21.39,21.08,-0.13,-1.96,-1.34,2.46,2.41,2.19,2.5,-1.47,-1.29,-0.76
2012-03-06,600508,22.37,21.74,22.37,21.7,56468,123622330.0,2.99,-2.95,-0.66,0.78,-2.81,-1.2,-0.18,2.86,5.76,3.96,3.59,2.63,4.29,4.84,22.13,22.05,21.47,21.11,1.01,1.66,5.57,5.52,5.29,5.61,1.52,1.7,2.25,4.14
2012-03-07,600508,21.5,21.57,21.96,21.48,36405,78847641.0,2.21,-0.78,-0.17,0.5,-0.19,0.84,3.91,6.84,5.03,4.66,3.68,5.35,5.91,4.14,22.05,22.07,21.51,21.15,2.46,6.4,6.35,6.12,6.44,2.32,2.5,3.06,4.96,5.15
2012-03-08,600508,21.8,21.95,22.1,21.66,33280,72859646.0,2.04,1.76,0.38,0.46,0.0,3.05,5.96,4.16,3.79,2.82,4.48,5.03,3.28,1.39,22.04,22.11,21.56,21.2,4.56,4.51,4.28,4.6,0.55,0.73,1.28,3.14,3.33,2.46
2012-03-09,600508,21.98,22.8,22.95,21.98,97076,219320714.0,4.42,3.87,0.85,1.34,1.55,4.41,2.64,2.27,1.32,2.96,3.5,1.77,-0.09,0.55,22.09,22.17,21.66,21.27,0.61,0.39,0.7,-3.2,-3.03,-2.5,-0.7,-0.53,-1.36,-3.77
2012-03-12,600508,22.85,22.57,22.94,22.41,48337,109330246.0,2.32,-1.01,-0.23,0.67,2.41,0.67,0.31,-0.62,0.98,1.52,-0.18,-2.01,-1.38,2.41,22.13,22.2,21.75,21.35,1.42,1.73,-2.22,-2.04,-1.51,0.31,0.49,-0.35,-2.79,-4.12
2012-03-13,600508,22.6,22.8,22.89,22.46,40384,91616633.0,1.91,1.02,0.23,0.56,0.45,0.09,-0.85,0.76,1.29,-0.4,-2.23,-1.6,2.18,2.14,22.34,22.24,21.84,21.43,0.7,-3.2,-3.03,-2.5,-0.7,-0.53,-1.36,-3.77,-5.09,-4.52
2012-03-14,600508,22.91,21.8,22.96,21.68,77410,173461483.0,5.61,-4.39,-1.0,1.07,3.69,2.72,4.38,4.94,3.18,1.29,1.94,5.86,5.81,5.58,22.38,22.22,21.88,21.49,1.24,1.42,1.97,3.85,4.04,3.17,0.64,-0.73,-0.14,-2.8
2012-03-15,600508,21.79,21.72,22.07,21.57,39064,85158373.0,2.29,-0.37,-0.08,0.54,3.25,4.91,5.47,3.71,1.81,2.46,6.4,6.35,6.12,6.44,22.34,22.19,21.93,21.53,1.8,2.35,4.24,4.42,3.55,1.01,-0.37,0.23,-2.44,-6.12
2012-03-16,600508,21.88,22.02,22.11,21.6,29186,63970104.0,2.35,1.38,0.3,0.4,4.77,5.32,3.56,1.67,2.31,6.25,6.2,5.97,6.3,2.18,22.18,22.14,21.98,21.58,0.95,2.82,3.0,2.13,-0.36,-1.73,-1.14,-3.77,-7.4,-8.31
2012-03-19,600508,21.97,22.2,22.23,21.61,39150,85770712.0,2.82,0.82,0.18,0.54,5.28,3.52,1.62,2.27,6.2,6.15,5.92,6.25,2.13,2.31,22.11,22.12,22.05,21.63,1.98,2.16,1.31,-1.17,-2.52,-1.94,-4.55,-8.15,-9.05,-6.76
2012-03-20,600508,22.22,21.89,22.64,21.84,49466,110188712.0,3.6,-1.4,-0.31,0.68,2.43,0.55,1.19,5.08,5.04,4.81,5.13,1.05,1.24,1.79,21.93,22.13,22.09,21.69,3.61,2.74,0.23,-1.14,-0.55,-3.2,-6.85,-7.77,-5.44,-5.57
2012-03-21,600508,22.02,22.41,22.68,21.87,58941,131852819.0,3.7,2.38,0.52,0.82,0.41,1.05,4.94,4.89,4.66,4.98,0.91,1.1,1.65,3.52,22.05,22.22,22.14,21.74,0.36,-2.1,-3.44,-2.86,-5.44,-9.01,-9.91,-7.63,-7.76,-8.21
2012-03-22,600508,22.44,22.01,22.49,21.84,33395,73732520.0,2.9,-1.78,-0.4,0.46,1.19,5.08,5.04,4.81,5.13,1.05,1.24,1.79,3.66,3.85,22.11,22.22,22.17,21.78,-0.32,-1.68,-1.09,-3.73,-7.36,-8.27,-5.95,-6.09,-6.54,-6.77
2012-03-23,600508,21.89,21.42,21.94,21.28,35613,76825249.0,3.0,-2.68,-0.59,0.49,7.85,7.8,7.57,7.89,3.71,3.9,4.46,6.39,6.58,5.69,21.99,22.08,22.12,21.8,1.03,1.63,-1.07,-4.81,-5.74,-3.36,-3.5,-3.97,-4.2,-1.96
2012-03-26,600508,21.41,21.58,21.64,21.33,17182,36909684.0,1.45,0.75,0.16,0.24,7.55,7.31,7.64,3.47,3.66,4.22,6.14,6.33,5.44,2.86,21.86,21.99,22.09,21.83,0.88,-1.81,-5.51,-6.44,-4.08,-4.22,-4.68,-4.91,-2.69,-2.92
2012-03-27,600508,21.72,21.68,21.77,21.49,20478,44364554.0,1.3,0.46,0.1,0.28,6.51,6.84,2.7,2.89,3.44,5.35,5.54,4.65,2.09,0.7,21.82,21.87,22.05,21.85,-2.26,-5.95,-6.87,-4.52,-4.66,-5.12,-5.35,-3.14,-3.37,-3.18
2012-03-28,600508,21.1,20.44,21.19,20.22,48330,100459826.0,4.47,-5.72,-1.24,0.67,13.55,9.15,9.35,9.94,11.97,12.17,11.23,8.51,7.02,7.67,21.43,21.74,21.98,21.83,-0.24,-1.22,1.27,1.13,0.64,0.39,2.74,2.5,2.69,2.59
2012-03-29,600508,20.39,20.04,20.39,19.81,34336,68974950.0,2.84,-1.96,-0.4,0.48,11.41,11.61,12.22,14.29,14.49,13.53,10.75,9.24,9.89,6.97,21.03,21.57,21.88,21.81,0.75,3.29,3.14,2.64,2.4,4.79,4.54,4.74,4.64,5.29
2012-03-30,600508,20.01,19.86,20.19,19.8,20444,40763345.0,1.95,-0.9,-0.18,0.28,11.67,12.27,14.34,14.55,13.59,10.81,9.29,9.95,7.02,2.98,20.72,21.35,21.74,21.77,4.23,4.08,3.58,3.32,5.74,5.49,5.69,5.59,6.24,6.39
2012-04-05,600508,19.89,20.47,20.7,19.89,33686,68303182.0,4.08,3.07,0.61,0.47,11.76,13.83,14.03,13.07,10.31,8.8,9.45,6.54,2.51,1.51,20.5,21.18,21.65,21.76,0.98,0.49,0.24,2.59,2.34,2.54,2.44,3.08,3.22,3.81
2012-04-06,600508,20.44,20.57,20.67,20.35,28275,57979982.0,1.56,0.49,0.1,0.39,11.25,11.45,10.52,7.81,6.34,6.98,4.13,0.2,-0.79,1.72,20.28,21.05,21.59,21.74,0.0,-0.24,2.09,1.85,2.04,1.94,2.58,2.72,3.31,3.6
2012-04-09,600508,20.46,20.16,20.57,20.12,17013,34520151.0,2.19,-1.99,-0.41,0.24,12.72,11.78,9.05,7.55,8.2,5.32,1.34,0.35,2.88,2.73,20.22,20.82,21.52,21.7,1.79,4.17,3.92,4.12,4.02,4.66,4.81,5.41,5.7,6.5
2012-04-10,600508,20.06,20.48,20.52,19.85,23260,46887063.0,3.32,1.59,0.32,0.32,13.3,10.53,9.02,9.67,6.75,2.72,1.71,4.28,4.13,3.63,20.31,20.67,21.45,21.67,2.54,2.29,2.49,2.39,3.03,3.17,3.76,4.05,4.83,5.71
2012-04-12,600508,20.0,20.81,21.0,20.0,56359,116365956.0,4.88,1.61,0.33,0.78,9.7,8.2,8.85,5.95,1.95,0.95,3.5,3.35,2.85,2.6,20.5,20.61,21.35,21.62,0.67,0.86,0.77,1.39,1.54,2.11,2.4,3.17,4.04,5.91
2012-04-13,600508,20.7,20.74,20.95,20.66,35519,73759538.0,1.39,-0.34,-0.07,0.49,4.74,5.37,2.57,-1.31,-2.27,0.19,0.05,-0.44,-0.68,1.65,20.55,20.53,21.25,21.57,1.21,1.11,1.74,1.88,2.46,2.75,3.52,4.39,6.27,11.09
2012-04-16,600508,20.64,20.78,20.99,20.51,20727,42871705.0,2.31,0.19,0.04,0.29,6.14,3.32,-0.59,-1.56,0.93,0.78,0.29,0.05,2.39,2.15,20.59,20.44,21.15,21.51,0.91,1.54,1.68,2.26,2.55,3.32,4.19,6.06,10.88,9.67
2012-04-17,600508,20.79,20.5,20.97,20.48,22322,46220345.0,2.36,-1.35,-0.28,0.31,3.47,-0.44,-1.42,1.07,0.93,0.44,0.2,2.54,2.29,2.49,20.66,20.44,21.09,21.46,2.93,3.07,3.66,3.95,4.73,5.61,7.51,12.39,11.17,11.61
2012-04-18,600508,20.67,21.07,21.1,20.52,38636,80846498.0,2.83,2.78,0.57,0.53,-0.63,-1.61,0.88,0.73,0.24,0.0,2.34,2.1,2.29,2.19,20.78,20.54,21.06,21.43,0.28,0.85,1.14,1.9,2.75,4.6,9.35,8.16,8.59,9.07
2012-04-19,600508,21.1,20.98,21.13,20.9,23910,50263071.0,1.09,-0.43,-0.09,0.33,-3.4,-0.96,-1.1,-1.58,-1.82,0.48,0.24,0.43,0.33,0.96,20.81,20.66,21.0,21.38,1.29,1.57,2.34,3.19,5.05,9.82,8.63,9.06,9.53,9.44
2012-04-20,600508,20.88,21.18,21.25,20.88,27898,58879217.0,1.76,0.95,0.2,0.39,-0.86,-1.01,-1.48,-1.72,0.57,0.34,0.53,0.43,1.05,1.2,20.9,20.73,20.95,21.34,0.61,1.37,2.22,4.06,8.78,7.6,8.03,8.5,8.4,5.67
2012-04-23,600508,21.16,21.22,21.31,20.95,32135,67893360.0,1.7,0.19,0.04,0.44,-1.34,-1.81,-2.05,0.24,0.0,0.19,0.1,0.72,0.86,1.43,20.99,20.79,20.92,21.32,1.18,2.03,3.86,8.58,7.4,7.82,8.29,8.2,5.47,4.71
2012-04-24,600508,21.0,21.04,21.47,20.55,35836,75122016.0,4.34,-0.85,-0.18,0.5,0.1,-0.15,2.19,1.95,2.14,2.04,2.68,2.82,3.41,3.7,21.1,20.88,20.85,21.31,2.9,4.75,9.51,8.32,8.75,9.22,9.13,6.37,5.61,5.7
2012-04-25,600508,21.0,21.57,21.65,20.85,59429,126966359.0,3.8,2.52,0.53,0.82,-1.58,0.72,0.48,0.67,0.58,1.2,1.34,1.92,2.21,2.97,21.2,20.99,20.83,21.29,2.18,6.82,5.66,6.07,6.54,6.44,3.76,3.01,3.11,2.5
2012-04-26,600508,21.59,21.8,22.04,21.58,62416,136062466.0,2.13,1.07,0.23,0.86,-2.69,-2.92,-2.73,-2.83,-2.22,-2.09,-1.53,-1.25,-0.51,0.32,21.36,21.09,20.85,21.26,5.69,4.54,4.95,5.41,5.32,2.66,1.93,2.02,1.42,-0.37
2012-05-02,600508,22.11,22.66,23.04,21.94,88001,198754054.0,5.05,3.94,0.86,1.22,-4.51,-4.33,-4.42,-3.83,-3.69,-3.14,-2.87,-2.14,-1.32,0.46,21.66,21.28,20.9,21.26,0.57,0.97,1.41,1.32,-1.24,-1.94,-1.85,-2.43,-4.15,-4.32
2012-05-03,600508,22.61,22.62,22.79,22.5,37769,85395980.0,1.28,-0.18,-0.04,0.52,-6.71,-6.8,-6.22,-6.09,-5.56,-5.29,-4.58,-3.78,-2.04,2.4,21.94,21.46,20.95,21.26,1.15,1.59,1.5,-1.06,-1.77,-1.68,-2.25,-3.98,-4.16,-2.3
2012-05-04,600508,22.67,22.87,22.88,22.45,49954,113399263.0,1.9,1.11,0.25,0.69,-6.59,-6.01,-5.88,-5.35,-5.08,-4.37,-3.56,-1.83,2.63,1.51,22.3,21.7,21.07,21.29,0.48,0.39,-2.14,-2.84,-2.75,-3.32,-5.03,-5.2,-3.37,-4.68
2012-05-07,600508,22.68,22.97,22.98,22.6,48122,109786593.0,1.66,0.44,0.1,0.67,-6.64,-6.5,-5.97,-5.71,-5.0,-4.2,-2.48,1.95,0.84,1.24,22.58,21.89,21.22,21.33,-0.04,-2.57,-3.27,-3.18,-3.74,-5.44,-5.62,-3.79,-5.09,-5.49
2012-05-08,600508,22.92,22.65,22.96,22.38,40402,91407910.0,2.53,-1.39,-0.32,0.56,-5.59,-5.05,-4.78,-4.07,-3.26,-1.52,2.95,1.83,2.23,2.68,22.75,22.06,21.36,21.36,-1.19,-1.9,-1.81,-2.38,-4.11,-4.28,-2.43,-3.75,-4.15,-3.66
2012-05-09,600508,22.38,21.98,22.38,21.97,37673,83476667.0,1.81,-2.96,-0.67,0.52,-3.28,-3.0,-2.28,-1.46,0.32,4.87,3.73,4.14,4.6,4.51,22.62,22.14,21.43,21.35,1.09,1.18,0.59,-1.18,-1.36,0.55,-0.82,-1.23,-0.73,-0.59
2012-05-10,600508,22.01,22.03,22.22,21.93,25082,55401684.0,1.32,0.23,0.05,0.35,-2.83,-2.1,-1.28,0.5,5.06,3.92,4.33,4.79,4.7,2.05,22.5,22.22,21.51,21.35,0.95,0.36,-1.41,-1.59,0.32,-1.04,-1.45,-0.95,-0.82,-1.32
2012-05-11,600508,21.97,21.84,22.24,21.74,25800,56713680.0,2.27,-0.86,-0.19,0.36,-1.24,-0.41,1.38,5.98,4.83,5.24,5.7,5.61,2.94,2.21,22.29,22.3,21.59,21.33,1.24,-0.55,-0.73,1.19,-0.18,-0.6,-0.09,0.05,-0.46,-1.65
2012-05-14,600508,22.08,21.7,22.11,21.68,23243,50976326.0,1.97,-0.64,-0.14,0.32,-0.14,1.66,6.27,5.12,5.54,6.0,5.9,3.23,2.49,2.58,22.04,22.31,21.65,21.32,0.09,-0.09,1.84,0.46,0.05,0.55,0.69,0.18,-1.01,-1.06
2012-05-15,600508,21.5,21.7,21.72,21.3,22070,47525694.0,1.94,0.0,0.0,0.31,3.47,8.17,7.0,7.42,7.89,7.79,5.07,4.32,4.41,3.8,21.85,22.3,21.69,21.33,-0.09,1.84,0.46,0.05,0.55,0.69,0.18,-1.01,-1.06,0.92
2012-05-16,600508,21.63,21.47,21.68,21.35,22549,48481607.0,1.52,-1.06,-0.23,0.31,7.92,6.74,7.17,7.63,7.54,4.82,4.07,4.17,3.56,1.73,21.75,22.18,21.73,21.33,2.93,1.54,1.12,1.63,1.77,1.26,0.05,0.0,2.0,1.72
2012-05-17,600508,21.47,21.97,22.1,21.42,25172,54777506.0,3.17,2.33,0.5,0.35,6.4,6.82,7.28,7.19,4.48,3.73,3.83,3.22,1.4,1.21,21.74,22.12,21.79,21.34,-0.77,-1.18,-0.68,-0.55,-1.05,-2.23,-2.28,-0.32,-0.59,-2.05
2012-05-18,600508,21.71,21.27,21.8,21.18,22958,49399977.0,2.82,-3.19,-0.7,0.32,8.03,8.5,8.4,5.67,4.91,5.0,4.39,2.55,2.36,4.34,21.62,21.96,21.83,21.37,2.07,2.59,2.73,2.21,0.99,0.94,2.96,2.68,1.18,1.08
2012-05-21,600508,21.18,21.46,21.71,21.12,17514,37453282.0,2.77,0.89,0.19,0.24,8.81,8.71,5.97,5.21,5.3,4.69,2.84,2.65,4.64,3.22,21.57,21.81,21.85,21.41,1.68,1.82,1.3,0.09,0.05,2.05,1.77,0.28,0.19,-3.17
2012-05-22,600508,21.53,21.79,21.82,21.53,17251,37385077.0,1.35,1.54,0.33,0.24,6.64,3.95,3.2,3.3,2.69,0.88,0.7,2.65,1.25,0.84,21.59,21.72,21.89,21.48,0.28,-0.23,-1.42,-1.47,0.5,0.23,-1.24,-1.33,-4.64,-5.19
2012-05-23,600508,21.68,21.64,21.85,21.37,18963,40990846.0,2.2,-0.69,-0.15,0.26,4.73,3.98,4.07,3.46,1.64,1.45,3.42,2.01,1.59,2.11,21.63,21.69,21.91,21.52,0.46,-0.74,-0.79,1.2,0.92,-0.55,-0.65,-3.97,-4.53,-4.62
2012-05-24,600508,21.49,21.36,21.74,21.3,14800,31877411.0,2.03,-1.29,-0.28,0.2,4.32,4.41,3.8,1.97,1.78,3.76,2.35,1.92,2.44,2.58,21.5,21.62,21.92,21.54,0.56,0.51,2.53,2.25,0.75,0.66,-2.72,-3.28,-3.37,-3.37
2012-05-25,600508,21.38,21.11,21.48,21.01,16265,34484695.0,2.2,-1.17,-0.25,0.23,5.85,5.24,3.38,3.19,5.19,3.76,3.33,3.86,4.0,3.47,21.47,21.55,21.92,21.58,1.71,3.74,3.46,1.94,1.85,-1.56,-2.13,-2.23,-2.23,-3.6
2012-05-28,600508,21.0,21.43,21.47,20.8,20884,44207212.0,3.17,1.52,0.32,0.29,6.3,4.42,4.23,6.25,4.81,4.37,4.9,5.05,4.52,3.27,21.47,21.52,21.92,21.61,2.19,1.91,0.42,0.33,-3.03,-3.59,-3.69,-3.69,-5.04,-4.43
2012-05-29,600508,21.39,21.81,21.9,21.32,28848,62498334.0,2.71,1.77,0.38,0.4,1.88,1.69,3.66,2.25,1.83,2.35,2.49,1.97,0.75,0.7,21.47,21.53,21.92,21.64,0.14,-1.33,-1.42,-4.72,-5.27,-5.36,-5.36,-6.69,-6.1,-7.43
2012-05-30,600508,21.71,21.65,21.84,21.5,19314,41800845.0,1.56,-0.73,-0.16,0.27,0.84,2.79,1.4,0.98,1.49,1.63,1.12,-0.09,-0.14,1.86,21.47,21.55,21.87,21.67,-0.6,-0.69,-4.02,-4.57,-4.67,-4.67,-6.0,-5.4,-6.74,-6.33
2012-05-31,600508,21.52,21.33,21.52,21.21,19221,41056753.0,1.43,-1.48,-0.32,0.27,4.2,2.78,2.36,2.88,3.02,2.5,1.27,1.23,3.25,2.97,21.47,21.49,21.8,21.69,0.8,-2.58,-3.14,-3.23,-3.23,-4.59,-3.98,-5.34,-4.92,-5.3
2012-06-01,600508,21.36,21.23,21.5,21.16,12297,26238114.0,1.59,-0.47,-0.1,0.17,3.02,2.6,3.12,3.26,2.74,1.51,1.47,3.5,3.21,1.7,21.49,21.48,21.72,21.71,-2.12,-2.68,-2.78,-2.78,-4.15,-3.53,-4.9,-4.47,-4.85,-6.41
2012-06-04,600508,20.78,20.4,20.78,20.33,30215,62197221.0,2.12,-3.91,-0.83,0.42,6.79,7.33,7.48,6.94,5.66,5.61,7.72,7.43,5.85,5.76,21.28,21.38,21.59,21.69,1.27,1.18,1.18,-0.25,0.39,-1.03,-0.59,-0.98,-2.6,-2.11
2012-06-05,600508,20.48,20.42,20.66,20.18,16447,33507234.0,2.35,0.1,0.02,0.23,8.13,8.28,7.73,6.44,6.39,8.52,8.23,6.64,6.54,2.97,21.01,21.24,21.48,21.67,1.08,1.08,-0.34,0.29,-1.13,-0.69,-1.08,-2.69,-2.2,-2.89
2012-06-06,600508,20.42,20.34,20.64,20.25,15211,31100966.0,1.91,-0.39,-0.08,0.21,7.9,7.36,6.07,6.02,8.15,7.85,6.27,6.17,2.62,2.02,20.74,21.11,21.4,21.64,1.47,0.05,0.69,-0.74,-0.29,-0.69,-2.31,-1.82,-2.51,-2.02
2012-06-07,600508,20.54,20.13,20.64,20.11,12937,26272393.0,2.61,-1.03,-0.21,0.18,8.11,6.81,6.76,8.9,8.6,7.01,6.91,3.33,2.73,2.64,20.5,20.99,21.3,21.61,1.09,1.74,0.3,0.75,0.35,-1.29,-0.79,-1.49,-0.99,-2.09
2012-06-08,600508,20.29,20.08,20.35,20.05,17308,34914765.0,1.49,-0.25,-0.05,0.24,7.13,7.08,9.23,8.93,7.33,7.23,3.64,3.04,2.94,2.94,20.27,20.88,21.21,21.58,1.99,0.55,1.0,0.6,-1.05,-0.55,-1.25,-0.75,-1.84,-4.23
2012-06-11,600508,20.25,20.4,20.48,20.0,13818,28053588.0,2.39,1.59,0.32,0.19,7.35,9.5,9.2,7.6,7.5,3.9,3.3,3.2,3.2,1.75,20.27,20.78,21.15,21.54,-1.03,-0.59,-0.98,-2.6,-2.11,-2.79,-2.3,-3.38,-5.74,-9.17
2012-06-12,600508,20.15,20.1,20.19,19.91,18216,36585275.0,1.37,-1.47,-0.3,0.25,9.99,9.69,8.09,7.99,4.37,3.77,3.67,3.67,2.21,2.86,20.21,20.61,21.07,21.48,0.9,0.5,-1.14,-0.65,-1.34,-0.85,-1.94,-4.33,-7.81,-7.41
2012-06-13,600508,20.13,20.27,20.28,19.95,16483,33232231.0,1.64,0.85,0.17,0.23,9.47,7.87,7.77,4.16,3.56,3.46,3.46,2.01,2.66,1.2,20.2,20.47,21.01,21.4,-0.35,-1.97,-1.48,-2.17,-1.68,-2.76,-5.13,-8.58,-8.19,-8.63
2012-06-14,600508,20.19,20.0,20.2,19.96,15045,30205560.0,1.18,-1.33,-0.27,0.21,7.82,7.72,4.11,3.51,3.41,3.41,1.95,2.61,1.15,1.6,20.17,20.34,20.91,21.31,-0.65,-0.15,-0.85,-0.35,-1.45,-3.85,-7.35,-6.95,-7.4,-9.15
2012-06-15,600508,19.86,19.65,19.87,19.35,14193,27850591.0,2.6,-1.75,-0.35,0.2,11.11,7.39,6.77,6.67,6.67,5.17,5.84,4.34,4.81,4.39,20.08,20.18,20.83,21.21,1.63,0.92,1.42,0.31,-2.14,-5.7,-5.29,-5.75,-7.53,-5.9
2012-06-18,600508,19.68,19.85,19.97,19.68,12119,24046165.0,1.48,1.02,0.2,0.17,5.59,4.98,4.88,4.88,3.4,4.07,2.59,3.05,2.64,0.97,19.97,20.12,20.75,21.1,-0.1,0.4,-0.71,-3.12,-6.65,-6.25,-6.7,-8.46,-6.85,-7.71
2012-06-19,600508,19.79,19.71,19.83,19.66,8241,16249406.0,0.86,-0.71,-0.14,0.11,5.09,4.98,4.98,3.51,4.17,2.7,3.15,2.75,1.07,1.58,19.9,20.05,20.65,21.0,1.12,0.0,-2.44,-5.99,-5.58,-6.04,-7.81,-6.19,-7.05,-6.34
2012-06-20,600508,19.81,19.74,19.93,19.71,8717,17273240.0,1.12,0.15,0.03,0.12,4.72,4.72,3.25,3.91,2.44,2.89,2.49,0.81,1.32,0.61,19.79,19.99,20.55,20.93,-0.15,-2.58,-6.13,-5.72,-6.18,-7.95,-6.33,-7.19,-6.48,-7.29
2012-06-21,600508,19.69,19.18,19.71,19.12,15481,29824024.0,2.99,-2.84,-0.56,0.21,7.95,6.43,7.11,5.6,6.07,5.65,3.92,4.45,3.71,4.24,19.63,19.9,20.44,20.83,0.26,-3.39,-2.97,-3.44,-5.27,-3.6,-4.48,-3.75,-4.59,-3.75
2012-06-25,600508,19.18,18.31,19.23,18.31,20560,38272305.0,4.8,-4.54,-0.87,0.28,11.14,11.85,10.27,10.76,10.32,8.52,9.07,8.3,8.85,7.65,19.36,19.72,20.3,20.72,1.2,1.64,1.15,-0.76,0.98,0.05,0.82,-0.05,0.82,-1.26
2012-06-26,600508,18.34,18.44,18.53,18.26,10419,19194653.0,1.47,0.71,0.13,0.14,12.16,10.57,11.06,10.62,8.82,9.36,8.6,9.15,7.94,5.31,19.08,19.53,20.15,20.61,0.92,0.43,-1.46,0.27,-0.65,0.11,-0.76,0.11,-1.95,-4.01
2012-06-27,600508,18.5,18.36,18.61,18.32,9914,18326279.0,1.57,-0.43,-0.08,0.14,10.21,10.7,10.26,8.46,9.01,8.24,8.79,7.59,4.97,1.15,18.81,19.35,19.98,20.5,0.87,-1.03,0.71,-0.22,0.54,-0.33,0.54,-1.53,-3.59,-3.27
2012-06-28,600508,18.52,18.01,18.52,18.0,12012,21907424.0,2.83,-1.91,-0.35,0.17,12.67,12.22,10.39,10.94,10.17,10.72,9.5,6.83,2.94,3.39,18.46,19.13,19.8,20.38,0.89,2.67,1.72,2.5,1.61,2.5,0.39,-1.72,-1.39,3.28
2012-06-29,600508,17.98,18.13,18.17,17.65,26497,47427691.0,2.89,0.67,0.12,0.37,14.45,12.58,13.14,12.35,12.92,11.67,8.95,4.99,5.44,4.93,18.25,18.94,19.64,20.25,1.99,1.05,1.82,0.94,1.82,-0.28,-2.37,-2.04,2.59,1.77
2012-07-02,600508,18.4,18.08,18.49,18.01,22637,41493471.0,2.65,-0.28,-0.05,0.31,10.33,10.88,10.11,10.66,9.44,6.77,2.89,3.33,2.83,0.89,18.2,18.78,19.48,20.15,1.33,2.1,1.22,2.1,0.0,-2.1,-1.77,2.88,2.05,0.66
2012-07-03,600508,18.11,18.14,18.32,17.92,15756,28570892.0,2.21,0.33,0.06,0.22,11.44,10.66,11.22,9.99,7.31,3.4,3.85,3.35,1.4,3.18,18.14,18.61,19.37,20.04,1.76,0.88,1.76,-0.33,-2.43,-2.09,2.54,1.71,0.33,0.06
2012-07-04,600508,18.3,18.32,18.46,18.26,18400,33756101.0,1.1,0.99,0.18,0.25,8.6,9.15,7.94,5.31,1.48,1.92,1.42,-0.49,1.26,0.33,18.14,18.47,19.26,19.92,-0.11,0.76,-1.31,-3.38,-3.06,1.53,0.71,-0.66,-0.93,-0.44
2012-07-05,600508,18.3,17.92,18.3,17.81,12108,21713367.0,2.67,-2.18,-0.4,0.17,11.9,10.67,7.97,4.04,4.49,3.99,2.02,3.82,2.86,3.65,18.12,18.29,19.14,19.8,3.01,0.89,-1.23,-0.89,3.79,2.96,1.56,1.28,1.79,3.12
2012-07-06,600508,17.95,18.28,18.46,17.61,20339,36525009.0,4.74,2.01,0.36,0.28,11.93,9.2,5.22,5.68,5.17,3.18,5.0,4.03,4.83,3.92,18.15,18.2,19.05,19.69,-1.09,-3.17,-2.84,1.75,0.93,-0.44,-0.71,-0.22,1.09,0.88
2012-07-09,600508,18.08,17.63,18.08,17.6,17039,30347536.0,2.63,-3.56,-0.65,0.24,9.26,5.28,5.74,5.23,3.24,5.06,4.09,4.89,3.98,4.89,18.06,18.13,18.93,19.58,0.4,0.74,5.5,4.65,3.23,2.95,3.46,4.82,4.59,1.93
2012-07-10,600508,17.57,17.41,17.7,17.4,11534,20185654.0,1.7,-1.25,-0.22,0.16,6.49,6.95,6.44,4.43,6.26,5.29,6.09,5.17,6.09,3.91,17.91,18.03,18.78,19.44,2.01,6.84,5.97,4.54,4.25,4.77,6.15,5.92,3.22,3.5
2012-07-11,600508,17.4,17.59,17.76,17.35,10229,18016783.0,2.35,1.03,0.18,0.14,7.26,6.74,4.73,6.57,5.59,6.4,5.48,6.4,4.21,2.02,17.77,17.95,18.65,19.3,5.74,4.89,3.47,3.18,3.7,5.06,4.83,2.16,2.44,1.65
2012-07-12,600508,17.59,18.38,18.6,17.43,38743,70369091.0,6.65,4.49,0.79,0.54,6.25,4.25,6.08,5.11,5.91,4.99,5.91,3.73,1.55,1.89,17.86,17.99,18.56,19.19,0.38,-0.98,-1.25,-0.76,0.54,0.33,-2.23,-1.96,-2.72,-2.07
2012-07-13,600508,18.23,18.11,18.45,18.05,21233,38744264.0,2.18,-1.47,-0.27,0.29,0.66,2.44,1.5,2.27,1.39,2.27,0.17,-1.94,-1.61,3.05,17.82,17.99,18.46,19.09,0.5,0.22,0.72,2.04,1.82,-0.77,-0.5,-1.27,-0.61,-0.72
2012-07-16,600508,18.2,17.73,18.2,17.71,13603,24323163.0,2.71,-2.1,-0.38,0.19,4.4,3.44,4.23,3.33,4.23,2.09,-0.06,0.28,5.03,4.18,17.84,17.95,18.37,18.97,2.37,2.88,4.23,4.0,1.35,1.64,0.85,1.52,1.41,0.96
2012-07-17,600508,17.71,18.08,18.15,17.68,12196,21882837.0,2.65,1.97,0.35,0.17,3.62,4.41,3.51,4.41,2.26,0.11,0.45,5.2,4.36,2.94,17.98,17.95,18.28,18.89,0.88,2.21,1.99,-0.61,-0.33,-1.11,-0.44,-0.55,-1.0,-1.27
2012-07-18,600508,18.0,18.21,18.24,17.81,13260,23912339.0,2.38,0.72,0.13,0.18,3.65,2.75,3.65,1.52,-0.62,-0.28,4.44,3.59,2.19,1.91,18.1,17.93,18.2,18.82,1.48,1.26,-1.32,-1.04,-1.81,-1.15,-1.26,-1.7,-1.98,-1.92
2012-07-19,600508,18.19,18.31,18.48,18.08,22406,41080323.0,2.2,0.55,0.1,0.31,1.22,2.1,0.0,-2.1,-1.77,2.88,2.05,0.66,0.39,0.88,18.09,17.97,18.13,18.75,0.71,-1.86,-1.58,-2.35,-1.69,-1.8,-2.24,-2.51,-2.46,-2.84
2012-07-20,600508,18.3,18.09,18.44,18.03,12741,23223749.0,2.24,-1.2,-0.22,0.18,2.38,0.28,-1.83,-1.5,3.16,2.33,0.94,0.67,1.16,2.5,18.08,17.95,18.08,18.68,-0.66,-0.39,-1.16,-0.5,-0.61,-1.05,-1.33,-1.27,-1.66,-1.05
2012-07-23,600508,17.89,17.82,17.97,17.7,13878,24730653.0,1.49,-1.49,-0.27,0.19,2.15,0.0,0.34,5.08,4.24,2.82,2.54,3.05,4.41,4.18,18.1,17.97,18.05,18.61,1.12,0.34,1.01,0.9,0.45,0.17,0.22,-0.17,0.45,2.47
2012-07-24,600508,17.74,17.89,18.02,17.61,9451,16855211.0,2.3,0.39,0.07,0.13,0.51,0.85,5.62,4.77,3.35,3.07,3.58,4.94,4.71,2.04,18.06,18.02,18.02,18.52,-0.06,0.61,0.5,0.06,-0.22,-0.17,-0.56,0.06,2.07,2.01
2012-07-25,600508,17.75,17.7,17.88,17.66,8866,15743107.0,1.23,-1.06,-0.19,0.12,0.57,5.32,4.47,3.06,2.77,3.28,4.64,4.42,1.76,2.04,17.96,18.03,17.99,18.44,1.69,1.58,1.13,0.85,0.9,0.51,1.13,3.16,3.11,4.97
2012-07-26,600508,17.78,17.7,18.0,17.64,9549,16983606.0,2.03,0.0,0.0,0.13,5.44,4.59,3.17,2.89,3.4,4.76,4.54,1.87,2.15,1.36,17.84,17.96,17.98,18.36,1.58,1.13,0.85,0.9,0.51,1.13,3.16,3.11,4.97,3.73
2012-07-27,600508,17.82,17.73,17.98,17.67,13199,23492744.0,1.75,0.17,0.03,0.18,4.41,3.0,2.72,3.23,4.58,4.36,1.7,1.98,1.19,1.87,17.77,17.93,17.96,18.28,0.96,0.68,0.73,0.34,0.96,2.99,2.93,4.79,3.55,3.33
2012-07-30,600508,17.76,17.67,17.9,17.6,9616,17076590.0,1.69,-0.34,-0.06,0.13,3.41,3.12,3.64,5.0,4.77,2.1,2.39,1.59,2.27,2.16,17.74,17.92,17.94,18.22,1.02,1.08,0.68,1.3,3.34,3.28,5.15,3.9,3.68,2.94
2012-07-31,600508,17.85,17.47,17.85,17.41,11253,19757266.0,2.49,-1.13,-0.2,0.16,4.25,4.77,6.15,5.92,3.22,3.5,2.7,3.39,3.27,2.81,17.65,17.86,17.9,18.14,2.23,1.83,2.46,4.52,4.46,6.35,5.09,4.87,4.12,3.03
2012-08-01,600508,17.43,17.75,17.86,17.41,9057,16073084.0,2.58,1.6,0.28,0.13,4.77,6.15,5.92,3.22,3.5,2.7,3.39,3.27,2.81,2.53,17.66,17.81,17.87,18.07,0.23,0.85,2.87,2.82,4.68,3.44,3.21,2.48,1.41,1.3
2012-08-02,600508,17.74,17.64,17.79,17.6,7126,12598717.0,1.07,-0.62,-0.11,0.1,5.0,4.77,2.1,2.39,1.59,2.27,2.16,1.7,1.42,1.48,17.65,17.75,17.86,18.0,1.47,3.51,3.46,5.33,4.08,3.85,3.12,2.04,1.93,0.62
2012-08-03,600508,17.62,17.89,17.9,17.62,8654,15395979.0,1.59,1.42,0.25,0.12,4.65,1.99,2.27,1.48,2.16,2.04,1.59,1.31,1.36,0.96,17.68,17.73,17.84,17.96,2.07,2.01,3.86,2.63,2.4,1.68,0.61,0.5,-0.78,-0.78
2012-08-06,600508,17.89,18.21,18.26,17.7,20759,37610531.0,3.13,1.79,0.32,0.29,1.53,1.81,1.02,1.69,1.58,1.13,0.85,0.9,0.51,1.13,17.79,17.77,17.87,17.96,0.22,2.03,0.82,0.6,-0.11,-1.15,-1.26,-2.53,-2.53,-3.29
2012-08-07,600508,18.22,18.2,18.25,18.07,14768,26814330.0,0.99,-0.05,-0.01,0.2,-0.28,-1.05,-0.39,-0.5,-0.94,-1.22,-1.16,-1.55,-0.94,1.05,17.94,17.8,17.91,17.95,2.09,0.88,0.66,-0.05,-1.1,-1.21,-2.47,-2.47,-3.24,-2.47
2012-08-08,600508,18.2,18.28,18.58,18.16,23778,43675420.0,2.31,0.44,0.08,0.33,-1.54,-0.88,-0.99,-1.43,-1.71,-1.65,-2.04,-1.43,0.55,0.5,18.04,17.85,17.94,17.95,0.44,0.22,-0.49,-1.53,-1.64,-2.9,-2.9,-3.67,-2.9,-3.5
2012-08-09,600508,18.2,18.32,18.36,18.0,19343,35176075.0,1.97,0.22,0.04,0.27,0.0,-0.11,-0.56,-0.83,-0.78,-1.17,-0.56,1.44,1.39,3.22,18.18,17.92,17.94,17.96,0.0,-0.71,-1.75,-1.86,-3.11,-3.11,-3.88,-3.11,-3.71,-4.75
2012-08-10,600508,18.32,18.18,18.32,18.16,10663,19417167.0,0.87,-0.76,-0.14,0.15,-0.99,-1.43,-1.71,-1.65,-2.04,-1.43,0.55,0.5,2.31,1.1,18.24,17.96,17.94,17.96,0.06,-0.99,-1.1,-2.37,-2.37,-3.14,-2.37,-2.97,-4.02,-4.29
2012-08-13,600508,18.18,17.88,18.19,17.86,11618,20919946.0,1.82,-1.65,-0.3,0.16,0.22,-0.06,0.0,-0.39,0.22,2.24,2.18,4.03,2.8,2.58,18.17,17.98,17.95,17.95,0.67,0.56,-0.73,-0.73,-1.51,-0.73,-1.34,-2.4,-2.68,-5.43
2012-08-14,600508,17.86,17.99,18.0,17.7,9282,16567557.0,1.68,0.62,0.11,0.13,0.85,0.9,0.51,1.13,3.16,3.11,4.97,3.73,3.5,2.77,18.13,18.03,17.95,17.95,-0.06,-1.33,-1.33,-2.11,-1.33,-1.95,-3.0,-3.28,-6.0,-7.28
2012-08-15,600508,17.98,17.64,17.98,17.61,8246,14619856.0,2.06,-1.95,-0.35,0.11,1.42,1.02,1.65,3.69,3.63,5.51,4.26,4.03,3.29,2.21,18.0,18.02,17.92,17.92,0.62,0.62,-0.17,0.62,0.0,-1.08,-1.36,-4.14,-5.44,-6.8
2012-08-16,600508,17.65,17.71,17.75,17.6,6727,11871070.0,0.85,0.4,0.07,0.09,1.08,1.7,3.75,3.69,5.57,4.32,4.09,3.35,2.27,2.16,17.88,18.03,17.89,17.92,0.23,-0.56,0.23,-0.4,-1.47,-1.75,-4.52,-5.82,-7.17,-9.49
2012-08-17,600508,17.7,17.66,17.75,17.56,6579,11610250.0,1.07,-0.28,-0.05,0.09,1.94,3.99,3.93,5.81,4.56,4.33,3.59,2.51,2.39,1.08,17.78,18.01,17.87,17.9,-0.28,0.51,-0.11,-1.19,-1.47,-4.25,-5.55,-6.91,-9.23,-9.4
2012-08-20,600508,17.56,17.51,17.61,17.35,10512,18328920.0,1.47,-0.85,-0.15,0.15,5.24,5.19,7.09,5.82,5.59,4.84,3.75,3.63,2.31,2.31,17.7,17.94,17.85,17.89,1.37,0.74,-0.34,-0.63,-3.43,-4.74,-6.11,-8.45,-8.62,-7.88
2012-08-21,600508,17.58,17.57,17.75,17.5,9205,16215041.0,1.43,0.34,0.06,0.13,4.29,6.17,4.91,4.69,3.94,2.86,2.74,1.43,1.43,0.63,17.62,17.87,17.83,17.9,0.4,-0.68,-0.97,-3.76,-5.07,-6.43,-8.76,-8.94,-8.2,-8.25
2012-08-22,600508,17.57,17.25,17.64,17.2,13631,23743876.0,2.5,-1.82,-0.32,0.19,8.02,6.74,6.51,5.76,4.65,4.53,3.2,3.2,2.38,3.2,17.54,17.77,17.81,17.89,1.16,0.87,-1.97,-3.3,-4.7,-7.07,-7.25,-6.49,-6.55,-7.88
2012-08-23,600508,17.21,17.41,17.45,17.21,8701,15104381.0,1.39,0.93,0.16,0.12,6.68,6.45,5.69,4.59,4.47,3.14,3.14,2.32,3.14,2.5,17.48,17.68,17.8,17.85,-0.06,-2.87,-4.19,-5.57,-7.93,-8.1,-7.35,-7.41,-8.73,-8.96
2012-08-24,600508,17.4,16.93,17.4,16.92,14311,24448494.0,2.76,-2.76,-0.48,0.2,8.27,7.51,6.38,6.26,4.91,4.91,4.08,4.91,4.26,3.13,17.33,17.56,17.76,17.81,-0.12,-1.48,-2.89,-5.32,-5.49,-4.73,-4.78,-6.14,-6.38,0.89
2012-08-27,600508,16.91,16.35,16.91,16.34,17109,28216119.0,3.37,-3.43,-0.58,0.24,11.32,10.16,10.04,8.63,8.63,7.77,8.63,7.96,6.79,6.49,17.1,17.4,17.69,17.77,2.02,0.55,-1.96,-2.14,-1.35,-1.41,-2.81,-3.06,4.46,3.91
2012-08-28,600508,16.26,16.44,16.68,16.2,8650,14226350.0,2.94,0.55,0.09,0.12,11.11,10.99,9.57,9.57,8.7,9.57,8.89,7.72,7.41,4.38,16.88,17.25,17.64,17.71,0.0,-2.49,-2.68,-1.89,-1.95,-3.35,-3.59,3.89,3.35,2.07
2012-08-29,600508,16.35,16.04,16.44,16.02,11936,19339580.0,2.55,-2.43,-0.4,0.17,12.23,10.8,10.8,9.93,10.8,10.11,8.93,8.61,5.56,4.12,16.63,17.09,17.55,17.64,-0.06,-0.25,0.56,0.5,-0.94,-1.18,6.48,5.92,4.61,6.98
2012-08-30,600508,16.0,15.87,16.03,15.7,21752,34531586.0,2.06,-1.06,-0.17,0.3,13.06,13.06,12.17,13.06,12.36,11.15,10.83,7.71,6.24,4.71,16.33,16.9,17.47,17.56,0.82,1.64,1.58,0.13,-0.13,7.62,7.06,5.73,8.13,9.58
2012-08-31,600508,15.82,15.93,16.0,15.8,9976,15857674.0,1.26,0.38,0.06,0.14,12.34,11.46,12.34,11.65,10.44,10.13,7.03,5.57,4.05,1.46,16.13,16.73,17.37,17.49,1.26,1.19,-0.25,-0.5,7.22,6.65,5.34,7.72,9.17,12.93
2012-09-03,600508,15.88,16.04,16.13,15.71,13724,21990445.0,2.64,0.69,0.11,0.19,12.09,12.99,12.29,11.08,10.76,7.64,6.17,4.65,2.04,1.85,16.06,16.58,17.26,17.43,0.5,-0.94,-1.18,6.48,5.92,4.61,6.98,8.42,12.16,8.48
2012-09-04,600508,16.08,15.88,16.12,15.85,11509,18398178.0,1.68,-1.0,-0.16,0.16,11.99,11.29,10.09,9.78,6.69,5.24,3.72,1.14,0.95,1.77,15.95,16.41,17.14,17.36,0.06,-0.19,7.56,6.99,5.67,8.06,9.51,13.29,9.57,5.35
2012-09-05,600508,15.8,15.71,15.89,15.51,11955,18714240.0,2.39,-1.07,-0.17,0.17,13.73,12.51,12.19,9.03,7.54,6.0,3.35,3.16,4.0,3.93,15.89,16.26,17.02,17.29,0.89,8.72,8.15,6.81,9.23,10.69,14.51,10.76,6.49,5.67
2012-09-06,600508,15.7,15.85,15.85,15.62,12063,19010989.0,1.46,0.89,0.14,0.17,11.72,11.4,8.26,6.79,5.25,2.62,2.43,3.27,3.2,1.73,15.88,16.1,16.89,17.23,7.76,7.19,5.87,8.26,9.72,13.5,9.78,5.55,4.73,3.79
2012-09-07,600508,15.96,16.83,17.08,15.96,51677,86222987.0,7.07,6.18,0.98,0.72,9.02,5.95,4.51,3.01,0.44,0.25,1.07,1.0,-0.44,-0.69,16.06,16.09,16.82,17.2,0.95,-0.3,1.96,3.33,6.89,3.39,-0.59,-1.37,-2.26,-1.66
2012-09-10,600508,16.78,16.89,16.99,16.62,28526,47974143.0,2.2,0.36,0.06,0.39,1.74,0.36,-1.08,-3.55,-3.73,-2.95,-3.01,-4.39,-4.63,2.77,16.23,16.15,16.77,17.18,-0.65,1.6,2.96,6.51,3.02,-0.95,-1.72,-2.61,-2.01,-1.42
2012-09-11,600508,16.77,16.54,16.78,16.51,20220,33547570.0,1.6,-2.07,-0.35,0.28,1.03,-0.42,-2.91,-3.09,-2.3,-2.36,-3.76,-4.0,3.45,2.91,16.36,16.16,16.7,17.15,3.75,5.14,8.77,5.2,1.15,0.36,-0.54,0.06,0.67,-0.48
2012-09-12,600508,16.78,17.13,17.16,16.78,58280,99050883.0,2.3,3.57,0.59,0.81,-2.03,-4.47,-4.65,-3.87,-3.93,-5.3,-5.54,1.79,1.25,0.0,16.65,16.27,16.68,17.13,1.52,5.02,1.58,-2.34,-3.09,-3.97,-3.39,-2.8,-3.91,-4.26
2012-09-13,600508,17.16,17.21,17.39,16.92,47567,81807824.0,2.74,0.47,0.08,0.66,-5.26,-5.44,-4.67,-4.73,-6.09,-6.32,0.95,0.41,-0.83,1.42,16.92,16.4,16.65,17.11,4.53,1.1,-2.79,-3.54,-4.42,-3.83,-3.25,-4.36,-4.71,-0.7
2012-09-14,600508,17.52,17.4,17.99,17.21,38165,66880173.0,4.53,1.1,0.19,0.53,-7.03,-6.28,-6.33,-7.67,-7.9,-0.76,-1.28,-2.5,-0.29,1.05,17.03,16.55,16.64,17.09,0.0,-3.85,-4.6,-5.46,-4.89,-4.31,-5.4,-5.75,-1.78,-1.49
2012-09-17,600508,17.37,16.74,17.4,16.73,22430,38100849.0,3.85,-3.79,-0.66,0.31,-3.59,-3.65,-5.02,-5.26,2.09,1.55,0.3,2.57,3.95,7.53,17.0,16.62,16.6,17.05,-0.06,-0.84,-1.73,-1.14,-0.54,-1.67,-2.03,2.09,2.39,1.91
2012-09-18,600508,16.73,16.41,16.73,16.17,14122,23103433.0,3.35,-1.97,-0.33,0.2,-0.31,-1.73,-1.98,5.63,5.07,3.77,6.12,7.54,11.26,7.61,16.98,16.67,16.54,16.99,1.16,0.24,0.85,1.46,0.3,-0.06,4.14,4.45,3.96,5.18
2012-09-19,600508,16.42,16.58,16.6,16.29,10479,17205865.0,1.89,1.04,0.17,0.14,-2.46,-2.7,4.85,4.3,3.01,5.34,6.75,10.44,6.81,2.7,16.87,16.76,16.51,16.93,-0.78,-0.18,0.42,-0.72,-1.09,3.08,3.38,2.9,4.1,3.92
2012-09-20,600508,16.45,16.06,16.45,16.05,10043,16276725.0,2.41,-3.14,-0.52,0.14,-1.25,6.42,5.86,4.55,6.92,8.35,12.09,8.41,4.24,3.43,16.64,16.78,16.44,16.85,3.05,3.67,2.49,2.12,6.41,6.72,6.23,7.47,7.29,6.66
2012-09-21,600508,16.1,16.19,16.55,15.98,13592,22212308.0,3.55,0.81,0.13,0.19,6.88,6.32,5.01,7.38,8.82,12.58,8.89,4.69,3.88,2.94,16.4,16.72,16.4,16.79,2.84,1.67,1.3,5.56,5.87,5.37,6.61,6.42,5.81,5.5
2012-09-24,600508,16.08,16.49,16.65,16.0,16423,26783632.0,4.01,1.85,0.3,0.23,6.19,4.88,7.25,8.69,12.44,8.75,4.56,3.75,2.81,3.44,16.35,16.68,16.41,16.74,-0.18,-0.55,3.64,3.94,3.46,4.67,4.49,3.88,3.58,1.7
2012-09-25,600508,16.37,16.28,16.46,16.11,10487,17078196.0,2.12,-1.27,-0.21,0.15,4.16,6.52,7.95,11.67,8.01,3.85,3.04,2.11,2.73,3.35,16.32,16.65,16.4,16.68,0.74,4.98,5.28,4.79,6.02,5.84,5.22,4.91,3.01,3.44
2012-09-26,600508,16.29,16.26,16.4,16.03,15817,25622247.0,2.27,-0.12,-0.02,0.22,7.05,8.48,12.23,8.55,4.37,3.56,2.62,3.24,3.87,2.68,16.26,16.56,16.41,16.64,5.1,5.41,4.92,6.15,5.97,5.35,5.04,3.14,3.57,2.71
2012-09-27,600508,16.24,16.78,17.09,16.18,33650,56110007.0,5.6,3.2,0.52,0.47,7.48,11.19,7.54,3.4,2.6,1.67,2.29,2.9,1.73,1.36,16.4,16.52,16.46,16.61,2.15,1.67,2.86,2.68,2.09,1.79,-0.06,0.36,-0.48,1.13
2012-09-28,600508,16.66,17.03,17.14,16.55,30350,51345441.0,3.52,1.49,0.25,0.42,8.7,5.14,1.09,0.3,-0.6,0.0,0.6,-0.54,-0.91,3.26,16.57,16.48,16.51,16.59,0.18,1.35,1.17,0.59,0.29,-1.53,-1.12,-1.94,-0.35,0.53
2012-10-08,600508,16.92,16.73,17.06,16.66,11103,18631531.0,2.35,-1.76,-0.3,0.15,4.44,0.42,-0.36,-1.26,-0.66,-0.06,-1.2,-1.56,2.58,2.88,16.62,16.48,16.55,16.56,3.17,2.99,2.39,2.09,0.24,0.66,-0.18,1.43,2.33,1.79
2012-10-09,600508,16.82,17.11,17.26,16.82,20450,34997475.0,2.63,2.27,0.38,0.28,-0.54,-1.31,-2.2,-1.61,-1.01,-2.14,-2.5,1.61,1.9,1.43,16.78,16.55,16.61,16.55,0.7,0.12,-0.18,-1.99,-1.58,-2.4,-0.82,0.06,-0.47,0.06
2012-10-10,600508,17.12,17.15,17.23,17.04,12702,21772094.0,1.11,0.23,0.04,0.18,-2.58,-3.46,-2.88,-2.29,-3.4,-3.76,0.29,0.59,0.12,1.29,16.96,16.61,16.68,16.54,-0.12,-0.41,-2.22,-1.81,-2.62,-1.05,-0.17,-0.7,-0.17,-2.57
2012-10-11,600508,17.03,16.86,17.13,16.85,12035,20452885.0,1.63,-1.69,-0.29,0.17,-2.37,-1.78,-1.19,-2.31,-2.67,1.42,1.72,1.25,2.43,2.26,16.98,16.69,16.73,16.52,1.3,-0.53,-0.12,-0.95,0.65,1.54,1.01,1.54,-0.89,-0.47
2012-10-12,600508,16.85,16.77,17.08,16.73,19126,32197640.0,2.08,-0.53,-0.09,0.26,-1.08,-0.48,-1.61,-1.97,2.15,2.45,1.97,3.17,2.99,2.39,16.92,16.75,16.73,16.52,0.0,0.42,-0.42,1.19,2.09,1.55,2.09,-0.36,0.06,-1.31
2012-10-15,600508,16.77,16.49,16.77,16.34,15790,25987528.0,2.56,-1.67,-0.28,0.22,1.9,0.73,0.37,4.59,4.9,4.41,5.63,5.45,4.83,4.53,16.88,16.75,16.71,16.52,2.12,1.27,2.91,3.82,3.27,3.82,1.33,1.76,0.36,-1.76
2012-10-16,600508,16.49,16.56,16.84,16.37,11278,18680736.0,2.85,0.42,0.07,0.16,0.55,0.18,4.4,4.7,4.22,5.44,5.25,4.64,4.34,2.44,16.77,16.77,16.71,16.53,0.85,2.48,3.38,2.84,3.38,0.91,1.33,-0.06,-2.17,-3.5
2012-10-17,600508,16.69,16.6,16.7,16.44,8771,14521838.0,1.57,0.24,0.04,0.12,-0.24,3.95,4.26,3.77,4.99,4.81,4.2,3.89,2.01,2.43,16.66,16.81,16.68,16.55,2.23,3.13,2.59,3.13,0.66,1.08,-0.3,-2.41,-3.73,-3.73
2012-10-18,600508,16.68,16.94,16.97,16.66,18420,31074631.0,1.87,2.05,0.34,0.25,2.58,2.88,2.4,3.6,3.42,2.82,2.52,0.66,1.08,0.24,16.67,16.82,16.67,16.58,1.06,0.53,1.06,-1.36,-0.94,-2.3,-4.37,-5.67,-5.67,-4.19
2012-10-19,600508,16.95,16.98,17.12,16.82,12040,20455625.0,1.77,0.24,0.04,0.17,1.9,1.43,2.62,2.44,1.84,1.55,-0.3,0.12,-0.71,0.89,16.71,16.82,16.65,16.62,0.29,0.82,-1.59,-1.18,-2.53,-4.59,-5.89,-5.89,-4.42,-4.0
2012-10-22,600508,16.93,16.99,17.03,16.79,11525,19500996.0,1.41,0.06,0.01,0.16,1.61,2.8,2.62,2.03,1.73,-0.12,0.3,-0.54,1.07,1.97,16.81,16.85,16.66,16.65,0.77,-1.65,-1.24,-2.59,-4.65,-5.94,-5.94,-4.47,-4.06,-3.18
2012-10-23,600508,16.96,16.77,17.12,16.7,9341,15802789.0,2.47,-1.29,-0.22,0.13,3.35,3.17,2.57,2.28,0.42,0.84,0.0,1.62,2.51,1.98,16.86,16.81,16.68,16.68,-0.36,0.06,-1.31,-3.4,-4.71,-4.71,-3.22,-2.8,-1.91,-2.62
2012-10-24,600508,16.56,16.59,16.71,16.5,10346,17159416.0,1.25,-1.07,-0.18,0.14,4.42,3.82,3.52,1.64,2.06,1.21,2.85,3.76,3.21,3.76,16.85,16.76,16.68,16.71,1.15,-0.24,-2.35,-3.68,-3.68,-2.17,-1.75,-0.84,-1.57,-1.75
2012-10-25,600508,16.59,16.42,16.78,16.39,12250,20280261.0,2.35,-1.02,-0.17,0.17,4.51,4.21,2.32,2.75,1.89,3.54,4.45,3.9,4.45,1.95,16.75,16.71,16.7,16.73,0.79,-1.34,-2.68,-2.68,-1.16,-0.73,0.18,-0.55,-0.73,-2.8
2012-10-26,600508,16.4,16.1,16.55,16.04,13924,22570618.0,3.11,-1.95,-0.32,0.19,6.48,4.55,4.99,4.11,5.8,6.73,6.17,6.73,4.18,4.61,16.57,16.64,16.69,16.7,0.62,-0.75,-0.75,0.81,1.24,2.17,1.43,1.24,-0.87,-2.86
2012-10-29,600508,16.1,15.8,16.2,15.72,14041,22350957.0,2.98,-1.86,-0.3,0.19,6.68,7.12,6.23,7.95,8.91,8.33,8.91,6.3,6.74,5.28,16.34,16.58,16.66,16.67,1.14,1.14,2.72,3.16,4.11,3.35,3.16,1.01,-1.01,-1.65
2012-10-30,600508,15.85,15.82,15.98,15.75,13512,21431227.0,1.46,0.13,0.02,0.19,6.92,6.03,7.75,8.7,8.13,8.7,6.1,6.54,5.08,2.86,16.15,16.5,16.64,16.64,1.01,2.59,3.03,3.98,3.22,3.03,0.88,-1.14,-1.77,-3.54
2012-10-31,600508,15.82,15.85,15.98,15.82,19460,30871483.0,1.01,0.19,0.03,0.27,5.56,7.27,8.22,7.65,8.22,5.63,6.07,4.61,2.4,1.01,16.0,16.43,16.62,16.6,2.4,2.84,3.79,3.03,2.84,0.69,-1.32,-1.96,-3.72,-6.12
2012-11-01,600508,15.9,16.16,16.23,15.82,51057,81805018.0,2.59,1.96,0.31,0.71,7.27,8.22,7.65,8.22,5.63,6.07,4.61,2.4,1.01,1.01,15.95,16.35,16.59,16.56,0.87,1.79,1.05,0.87,-1.24,-3.22,-3.84,-5.57,-7.92,-9.47
2012-11-02,600508,16.15,16.17,16.3,16.03,20277,32746365.0,1.67,0.06,0.01,0.28,6.8,6.24,6.8,4.24,4.68,3.24,1.06,-0.31,-0.31,1.25,15.96,16.27,16.54,16.52,1.73,0.99,0.8,-1.3,-3.28,-3.9,-5.63,-7.98,-9.52,-9.89
2012-11-05,600508,16.17,16.34,16.45,16.17,37882,61841228.0,1.73,1.05,0.17,0.52,5.32,5.88,3.34,3.77,2.35,0.19,-1.18,-1.18,0.37,0.8,16.07,16.2,16.52,16.51,-0.06,-0.24,-2.33,-4.28,-4.9,-6.61,-8.94,-10.47,-10.83,-11.02
2012-11-06,600508,16.25,16.18,16.33,16.04,38024,61296880.0,1.77,-0.98,-0.16,0.53,6.73,4.18,4.61,3.18,1.0,-0.37,-0.37,1.18,1.62,2.56,16.14,16.14,16.48,16.5,0.74,-1.36,-3.34,-3.96,-5.69,-8.03,-9.58,-9.95,-10.14,-9.77
2012-11-07,600508,16.25,16.15,16.3,16.09,19963,32282030.0,1.3,-0.19,-0.03,0.28,3.85,4.29,2.86,0.68,-0.68,-0.68,0.87,1.31,2.24,1.49,16.2,16.1,16.43,16.49,-1.18,-3.16,-3.78,-5.51,-7.86,-9.41,-9.78,-9.97,-9.6,-8.85
2012-11-08,600508,15.88,15.63,15.96,15.6,18404,29023777.0,2.23,-3.22,-0.52,0.25,7.56,6.09,3.85,2.44,2.44,4.04,4.49,5.45,4.68,4.49,16.09,16.02,16.37,16.47,0.06,-0.58,-2.37,-4.8,-6.4,-6.78,-6.97,-6.59,-5.82,-6.53
2012-11-09,600508,15.63,15.37,15.64,15.36,35361,54666247.0,1.79,-1.66,-0.26,0.49,7.75,5.47,4.04,4.04,5.66,6.12,7.1,6.32,6.12,3.91,15.93,15.95,16.3,16.45,1.11,-0.72,-3.19,-4.81,-5.2,-5.4,-5.01,-4.23,-4.94,-4.55
2012-11-12,600508,15.4,15.2,15.54,15.19,33230,50738153.0,2.28,-1.11,-0.17,0.46,6.65,5.2,5.2,6.85,7.31,8.29,7.5,7.31,5.07,2.96,15.71,15.89,16.23,16.4,0.39,-2.11,-3.75,-4.14,-4.34,-3.95,-3.16,-3.88,-3.49,-4.28
2012-11-13,600508,15.2,14.78,15.26,14.74,27801,41489999.0,3.42,-2.76,-0.42,0.38,8.41,8.41,10.11,10.58,11.6,10.79,10.58,8.28,6.11,5.43,15.43,15.78,16.14,16.35,0.68,-1.01,-1.42,-1.62,-1.22,-0.41,-1.15,-0.74,-1.56,-2.5
2012-11-14,600508,14.84,14.65,14.88,14.4,34292,50016475.0,3.25,-0.88,-0.13,0.47,10.97,12.71,13.19,14.24,13.4,13.19,10.83,8.61,7.92,5.97,15.13,15.66,16.04,16.3,-0.14,-0.55,-0.75,-0.34,0.48,-0.27,0.14,-0.68,-1.64,-5.26
2012-11-15,600508,14.58,14.45,14.63,14.41,20840,30265913.0,1.5,-1.37,-0.2,0.29,12.63,13.12,14.16,13.32,13.12,10.76,8.54,7.84,5.9,3.26,14.89,15.49,15.92,16.22,0.83,0.62,1.04,1.87,1.11,1.52,0.69,-0.28,-3.94,0.69
2012-11-16,600508,14.45,14.37,14.57,14.23,15283,21880218.0,2.35,-0.55,-0.08,0.21,14.55,15.6,14.76,14.55,12.16,9.91,9.21,7.24,4.57,2.81,14.69,15.31,15.79,16.13,1.18,1.6,2.44,1.67,2.09,1.25,0.28,-3.41,1.25,-2.92
2012-11-19,600508,14.37,14.51,14.54,14.26,12419,17907689.0,1.95,0.97,0.14,0.17,15.36,14.52,14.31,11.92,9.68,8.98,7.01,4.35,2.59,2.17,14.55,15.13,15.67,16.06,0.62,1.45,0.69,1.1,0.28,-0.69,-4.34,0.28,-3.86,-4.76
2012-11-20,600508,14.56,14.4,14.6,14.39,10944,15838918.0,1.45,-0.76,-0.11,0.15,13.48,13.27,10.91,8.69,7.99,6.05,3.41,1.67,1.25,1.04,14.48,14.95,15.55,15.97,2.22,1.46,1.88,1.04,0.07,-3.61,1.04,-3.13,-4.03,-6.74
2012-11-21,600508,14.52,14.7,14.72,14.25,14071,20418847.0,3.26,2.08,0.3,0.19,14.39,12.0,9.75,9.05,7.09,4.42,2.67,2.25,2.04,2.46,14.49,14.81,15.45,15.89,-0.61,-0.2,-1.02,-1.97,-5.58,-1.02,-5.1,-5.99,-8.64,-3.95
2012-11-22,600508,14.61,14.42,14.61,14.38,10385,15039981.0,1.56,-1.9,-0.28,0.14,10.99,8.76,8.07,6.12,3.48,1.74,1.32,1.11,1.53,2.36,14.48,14.69,15.35,15.81,1.73,0.9,-0.07,-3.74,0.9,-3.26,-4.16,-6.87,-2.08,-3.05
2012-11-23,600508,14.42,14.43,14.67,14.41,10750,15621493.0,1.8,0.07,0.01,0.15,8.54,7.84,5.9,3.26,1.53,1.11,0.9,1.32,2.15,1.39,14.49,14.59,15.27,15.73,0.83,-0.14,-3.81,0.83,-3.33,-4.23,-6.93,-2.15,-3.12,0.62
2012-11-26,600508,14.43,14.42,14.55,14.35,8532,12322981.0,1.39,-0.07,-0.01,0.12,8.29,6.34,3.69,1.95,1.53,1.32,1.74,2.58,1.81,2.23,14.47,14.51,15.2,15.66,-0.07,-3.74,0.9,-3.26,-4.16,-6.87,-2.08,-3.05,0.69,1.39
2012-11-27,600508,14.31,13.87,14.41,13.87,15613,21877047.0,3.74,-3.81,-0.55,0.22,10.02,7.28,5.48,5.05,4.83,5.26,6.13,5.34,5.77,4.9,14.37,14.42,15.1,15.57,0.07,4.9,0.58,-0.36,-3.17,1.8,0.79,4.69,5.41,7.14
2012-11-28,600508,13.87,13.55,13.88,13.5,15646,21281461.0,2.74,-2.31,-0.32,0.22,10.22,8.37,7.93,7.7,8.15,9.04,8.22,8.67,7.78,6.74,14.14,14.31,14.99,15.47,7.38,2.95,1.99,-0.89,4.21,3.17,7.16,7.9,9.67,7.45
2012-11-29,600508,13.65,13.69,14.55,13.58,20521,28374551.0,7.16,1.03,0.14,0.28,7.73,7.29,7.07,7.51,8.39,7.58,8.03,7.14,6.11,2.21,13.99,14.24,14.86,15.36,1.9,0.95,-1.9,3.14,2.12,6.06,6.79,8.55,6.36,6.14
2012-11-30,600508,13.69,13.78,13.95,13.65,12799,17667387.0,2.19,0.66,0.09,0.18,6.74,6.52,6.96,7.84,7.03,7.47,6.59,5.57,1.68,6.59,13.86,14.18,14.74,15.25,0.29,-2.54,2.47,1.45,5.37,6.1,7.84,5.66,5.44,8.2
2012-12-03,600508,13.81,13.15,13.82,13.14,13994,18849253.0,4.93,-4.57,-0.63,0.19,10.65,11.11,12.02,11.19,11.64,10.73,9.67,5.63,10.73,6.16,13.61,14.04,14.58,15.12,2.13,7.38,6.31,10.42,11.18,13.0,10.72,10.49,13.38,19.77
2012-12-04,600508,13.21,13.34,13.43,13.07,15578,20541619.0,2.74,1.44,0.19,0.22,11.71,12.62,11.78,12.24,11.32,10.25,6.2,11.32,6.73,5.74,13.5,13.94,14.44,15.01,5.85,4.8,8.85,9.6,11.39,9.15,8.92,11.77,18.07,15.82
2012-12-05,600508,13.37,13.95,14.12,13.25,34298,47496549.0,6.52,4.57,0.61,0.47,11.09,10.26,10.72,9.81,8.75,4.75,9.81,5.28,4.3,1.36,13.58,13.86,14.33,14.92,0.22,4.09,4.8,6.52,4.37,4.16,6.88,12.9,10.75,10.61
2012-12-06,600508,13.9,13.86,13.98,13.79,13610,18891946.0,1.36,-0.65,-0.09,0.19,5.95,6.38,5.51,4.5,0.65,5.51,1.16,0.22,-2.61,2.39,13.62,13.8,14.24,14.84,4.76,5.48,7.22,5.05,4.83,7.58,13.64,11.47,11.33,11.76
2012-12-07,600508,13.8,14.33,14.52,13.76,35082,49932534.0,5.48,3.39,0.47,0.49,6.61,5.74,4.72,0.87,5.74,1.38,0.44,-2.4,2.62,1.6,13.73,13.79,14.19,14.78,2.02,3.7,1.61,1.4,4.05,9.91,7.82,7.68,8.09,12.07
2012-12-10,600508,14.31,14.48,14.62,14.31,33187,47986002.0,2.16,1.05,0.15,0.46,1.68,0.7,-3.0,1.68,-2.52,-3.42,-6.15,-1.33,-2.31,1.47,13.99,13.8,14.16,14.73,2.62,0.55,0.35,2.97,8.77,6.7,6.56,6.98,10.91,8.7
2012-12-11,600508,14.42,14.52,14.86,14.28,30335,44125915.0,4.01,0.28,0.04,0.42,0.91,-2.8,1.89,-2.31,-3.22,-5.95,-1.12,-2.1,1.68,2.38,14.23,13.87,14.14,14.69,0.28,0.07,2.69,8.47,6.4,6.27,6.68,10.61,8.4,10.4
2012-12-12,600508,14.52,14.45,14.56,14.32,15442,22285641.0,1.65,-0.48,-0.07,0.21,-3.07,1.61,-2.58,-3.49,-6.22,-1.4,-2.37,1.4,2.09,3.77,14.33,13.96,14.13,14.64,0.55,3.18,9.0,6.92,6.78,7.2,11.14,8.93,10.93,10.93
2012-12-13,600508,14.4,14.17,14.53,14.17,16078,23007127.0,2.49,-1.94,-0.28,0.22,2.68,-1.55,-2.47,-5.22,-0.35,-1.34,2.47,3.18,4.87,2.75,14.39,14.0,14.12,14.58,5.22,11.15,9.03,8.89,9.32,13.34,11.08,13.13,13.13,15.24
2012-12-14,600508,14.27,14.85,14.91,14.2,49424,72674100.0,5.01,4.8,0.68,0.68,-1.76,-2.68,-5.42,-0.56,-1.55,2.25,2.96,4.65,2.54,2.32,14.49,14.11,14.14,14.53,6.06,4.04,3.91,4.31,8.15,5.99,7.95,7.95,9.97,7.14
2012-12-17,600508,14.9,15.21,15.75,14.8,66345,101708641.0,6.4,2.42,0.36,0.92,-6.62,-9.26,-4.59,-5.54,-1.89,-1.22,0.41,-1.62,-1.82,0.74,14.64,14.32,14.18,14.5,1.58,1.45,1.84,5.59,3.48,5.39,5.39,7.36,4.6,6.25
2012-12-18,600508,15.22,15.11,15.45,15.03,33404,50831343.0,2.76,-0.66,-0.1,0.46,-10.65,-6.05,-6.99,-3.39,-2.73,-1.13,-3.13,-3.33,-0.8,4.79,14.76,14.49,14.21,14.46,2.12,2.51,6.29,4.17,6.09,6.09,8.07,5.29,6.95,8.41
2012-12-19,600508,15.17,15.24,15.43,15.14,26767,40897337.0,1.92,0.86,0.13,0.37,-6.74,-7.66,-4.1,-3.43,-1.85,-3.83,-4.03,-1.52,4.03,2.05,14.92,14.62,14.24,14.43,1.64,5.38,3.28,5.18,5.18,7.15,4.4,6.04,7.48,6.3
2012-12-20,600508,15.18,15.4,15.49,14.92,33642,50983340.0,3.74,1.05,0.16,0.47,-6.3,-2.68,-2.01,-0.4,-2.41,-2.61,-0.07,5.56,3.55,3.42,15.16,14.78,14.29,14.42,4.29,2.21,4.09,4.09,6.04,3.31,4.94,6.36,5.19,4.48
2012-12-21,600508,15.47,15.51,16.06,15.41,65098,102135010.0,4.22,0.71,0.11,0.9,-5.78,-5.13,-3.57,-5.52,-5.71,-3.24,2.21,0.26,0.13,0.52,15.29,14.89,14.34,14.43,1.48,3.35,3.35,5.29,2.58,4.19,5.61,4.45,3.74,5.67
2012-12-24,600508,15.47,15.46,15.74,15.37,27589,42813402.0,2.39,-0.32,-0.05,0.38,-4.88,-3.32,-5.27,-5.47,-2.99,2.47,0.52,0.39,0.78,4.49,15.34,14.99,14.4,14.43,3.69,3.69,5.63,2.91,4.53,5.95,4.79,4.08,6.02,7.24
2012-12-25,600508,15.41,15.89,16.03,15.25,60139,94839268.0,5.05,2.78,0.43,0.83,-2.56,-4.52,-4.72,-2.23,3.28,1.31,1.18,1.57,5.31,3.21,15.5,15.13,14.5,14.47,0.88,2.77,0.13,1.7,3.08,1.95,1.26,3.15,4.34,3.46
2012-12-26,600508,15.89,15.95,16.03,15.77,30751,48932079.0,1.64,0.38,0.06,0.43,-7.67,-7.86,-5.45,-0.13,-2.03,-2.16,-1.78,1.84,-0.19,1.65,15.64,15.28,14.62,14.52,2.38,-0.25,1.32,2.7,1.57,0.88,2.76,3.95,3.07,2.38
2012-12-27,600508,16.08,15.79,16.33,15.76,41915,67094460.0,3.57,-1.0,-0.16,0.58,-7.8,-5.39,-0.06,-1.97,-2.09,-1.71,1.9,-0.13,1.71,1.71,15.72,15.44,14.72,14.56,0.76,2.34,3.74,2.6,1.9,3.8,5.0,4.12,3.42,4.75
2012-12-28,600508,15.7,15.9,15.91,15.65,30571,48288004.0,1.65,0.7,0.11,0.42,-4.73,0.64,-1.28,-1.41,-1.02,2.62,0.58,2.43,2.43,4.35,15.8,15.55,14.83,14.61,1.64,3.02,1.89,1.19,3.08,4.28,3.4,2.7,4.03,5.97
2012-12-31,600508,15.91,16.09,16.16,15.82,38119,61065243.0,2.14,1.19,0.19,0.53,-0.44,-2.34,-2.47,-2.09,1.52,-0.51,1.33,1.33,3.22,0.57,15.92,15.63,14.97,14.66,1.8,0.68,0.0,1.86,3.05,2.18,1.49,2.8,4.72,2.18
2013-01-04,600508,16.38,15.98,16.38,15.89,34627,55702166.0,3.05,-0.68,-0.11,0.48,-2.77,-2.89,-2.52,1.07,-0.94,0.88,0.88,2.77,0.13,1.7,15.94,15.72,15.11,14.72,1.38,0.69,2.57,3.75,2.88,2.19,3.5,5.44,2.88,2.94
2013-01-07,600508,15.97,16.01,16.2,15.83,27455,43985585.0,2.32,0.19,0.03,0.38,-2.53,-2.15,1.45,-0.57,1.26,1.26,3.16,0.51,2.08,3.47,15.95,15.8,15.21,14.76,0.5,2.37,3.56,2.69,2.0,3.31,5.25,2.69,2.75,4.62
2013-01-08,600508,16.0,16.0,16.09,15.84,36137,57703112.0,1.56,-0.06,-0.01,0.5,-2.21,1.39,-0.63,1.2,1.2,3.09,0.44,2.02,3.41,2.27,16.0,15.86,15.32,14.81,2.44,3.62,2.75,2.06,3.37,5.31,2.75,2.81,4.69,3.81
2013-01-09,600508,16.01,16.37,16.39,15.85,50459,81230148.0,3.38,2.31,0.37,0.7,1.32,-0.69,1.14,1.14,3.03,0.38,1.96,3.34,2.21,1.51,16.09,15.94,15.42,14.88,1.28,0.43,-0.24,1.04,2.93,0.43,0.49,2.32,1.47,-0.55
2013-01-10,600508,16.29,16.35,16.58,16.18,49836,81580082.0,2.44,-0.12,-0.02,0.69,-2.72,-0.93,-0.93,0.93,-1.67,-0.12,1.24,0.12,-0.56,1.3,16.14,16.03,15.51,14.94,0.55,-0.12,1.16,3.06,0.55,0.61,2.45,1.59,-0.43,0.0
2013-01-11,600508,16.4,15.78,16.44,15.71,37587,60389301.0,4.46,-3.49,-0.57,0.52,2.04,2.04,3.95,1.27,2.86,4.26,3.12,2.42,4.33,5.54,16.1,16.02,15.58,15.01,3.49,4.82,6.78,4.18,4.25,6.15,5.26,3.17,3.61,0.13
2013-01-14,600508,15.74,16.25,16.33,15.68,37281,59970282.0,4.12,2.98,0.47,0.52,2.23,4.15,1.47,3.06,4.46,3.32,2.61,4.53,5.74,4.85,16.15,16.05,15.67,15.1,1.78,3.69,1.17,1.23,3.08,2.22,0.18,0.62,-2.77,-1.54
2013-01-15,600508,16.33,16.47,16.54,16.25,45939,75333325.0,1.78,1.35,0.22,0.64,0.49,-2.09,-0.55,0.8,-0.31,-0.98,0.86,2.03,1.17,0.49,16.24,16.12,15.78,15.19,2.31,-0.18,-0.12,1.7,0.85,-1.15,-0.73,-4.07,-2.85,-0.55
2013-01-16,600508,16.47,16.46,16.85,16.32,64792,107184173.0,3.22,-0.06,-0.01,0.9,-2.51,-0.98,0.37,-0.74,-1.41,0.43,1.59,0.74,0.06,1.35,16.26,16.18,15.86,15.28,-0.12,-0.06,1.76,0.91,-1.09,-0.67,-4.01,-2.79,-0.49,0.55
2013-01-17,600508,16.39,16.13,16.44,16.04,31459,50983315.0,2.43,-2.0,-0.33,0.44,0.75,2.12,1.0,0.31,2.18,3.37,2.49,1.81,3.12,5.05,16.22,16.18,15.91,15.38,1.98,3.84,2.98,0.93,1.36,-2.05,-0.81,1.55,2.6,2.85
2013-01-18,600508,16.27,16.3,16.45,16.12,50650,82557332.0,2.05,1.05,0.17,0.7,1.61,0.5,-0.19,1.67,2.85,1.99,1.3,2.61,4.53,1.99,16.32,16.21,15.97,15.48,2.76,1.9,-0.12,0.31,-3.07,-1.84,0.49,1.53,1.78,0.86
2013-01-21,600508,16.37,16.58,16.75,16.25,70981,117437101.0,3.07,1.72,0.28,0.98,-0.31,-0.98,0.86,2.03,1.17,0.49,1.78,3.69,1.17,1.23,16.39,16.27,16.03,15.56,0.18,-1.81,-1.39,-4.7,-3.5,-1.21,-0.18,0.06,-0.84,4.22
2013-01-22,600508,16.61,16.23,16.61,16.1,43071,70262149.0,3.08,-2.11,-0.35,0.6,-0.06,1.8,2.98,2.11,1.43,2.73,4.66,2.11,2.17,4.04,16.34,16.29,16.07,15.64,0.31,0.74,-2.65,-1.42,0.92,1.97,2.22,1.29,6.47,8.32
2013-01-23,600508,16.21,16.1,16.28,15.8,29763,47786863.0,2.96,-0.8,-0.13,0.41,3.73,4.94,4.05,3.35,4.68,6.65,4.05,4.11,6.01,5.13,16.27,16.27,16.1,15.7,1.55,-1.86,-0.62,1.74,2.8,3.04,2.11,7.33,9.19,7.45
2013-01-24,600508,16.03,15.65,16.35,15.55,50773,81034122.0,4.97,-2.8,-0.45,0.7,6.62,5.72,5.02,6.37,8.36,5.72,5.79,7.72,6.82,4.69,16.17,16.2,16.11,15.74,0.96,2.24,4.66,5.75,6.01,5.05,10.42,12.33,10.54,10.54
2013-01-25,600508,15.64,15.61,15.8,15.6,17951,28154891.0,1.28,-0.26,-0.04,0.25,5.38,4.68,6.03,8.01,5.38,5.45,7.37,6.47,4.36,4.81,16.03,16.18,16.1,15.78,2.5,4.93,6.02,6.28,5.32,10.7,12.62,10.83,10.83,9.74
2013-01-28,600508,15.61,16.0,16.0,15.61,22975,36450799.0,2.5,2.5,0.39,0.32,4.61,5.96,7.94,5.32,5.38,7.3,6.41,4.29,4.74,1.22,15.92,16.15,16.1,15.83,2.37,3.44,3.69,2.75,8.0,9.87,8.13,8.13,7.06,6.19
2013-01-29,600508,16.06,16.29,16.38,16.06,40950,66642935.0,2.0,1.81,0.29,0.57,2.99,4.92,2.37,2.43,4.3,3.42,1.37,1.81,-1.62,-0.37,15.93,16.14,16.13,15.9,1.6,1.84,0.92,6.08,7.92,6.2,6.2,5.16,4.3,2.21
2013-01-30,600508,16.37,16.34,16.55,16.21,46001,75292691.0,2.09,0.31,0.05,0.64,3.95,1.42,1.48,3.33,2.47,0.43,0.86,-2.53,-1.3,1.05,15.98,16.12,16.15,15.95,1.53,0.61,5.75,7.59,5.88,5.88,4.83,3.98,1.9,-0.55
2013-01-31,600508,16.31,16.39,16.59,16.21,52919,86896036.0,2.33,0.31,0.05,0.73,1.42,1.48,3.33,2.47,0.43,0.86,-2.53,-1.3,1.05,2.1,16.13,16.15,16.16,15.99,0.31,5.43,7.26,5.55,5.55,4.51,3.66,1.59,-0.85,-1.95
2013-02-01,600508,16.34,16.41,16.44,16.18,40384,65689667.0,1.59,0.12,0.02,0.56,1.67,3.52,2.66,0.62,1.05,-2.35,-1.11,1.24,2.29,2.53,16.29,16.16,16.19,16.03,5.3,7.13,5.42,5.42,4.39,3.53,1.46,-0.98,-2.07,-3.96
2013-02-04,600508,16.5,17.13,17.28,16.35,107051,180935229.0,5.67,4.39,0.72,1.48,2.45,1.59,-0.43,0.0,-3.36,-2.14,0.18,1.22,1.47,0.55,16.51,16.22,16.24,16.09,2.63,0.99,0.99,0.0,-0.82,-2.8,-5.14,-6.19,-8.0,-7.71
2013-02-05,600508,16.95,17.26,17.58,16.88,94743,163600845.0,4.09,0.76,0.13,1.31,-1.6,-3.55,-3.14,-6.4,-5.21,-2.96,-1.95,-1.72,-2.61,2.37,16.71,16.32,16.3,16.16,0.23,0.23,-0.75,-1.56,-3.53,-5.85,-6.89,-8.69,-8.4,-9.68
2013-02-06,600508,17.3,17.14,17.3,16.98,34626,59291751.0,1.85,-0.7,-0.12,0.48,-4.12,-3.71,-6.95,-5.77,-3.53,-2.53,-2.3,-3.18,1.77,3.53,16.87,16.42,16.34,16.21,0.93,-0.06,-0.88,-2.86,-5.19,-6.24,-8.05,-7.76,-9.04,-9.86
2013-02-07,600508,17.13,16.9,17.3,16.75,36440,61882958.0,3.21,-1.4,-0.24,0.5,-2.39,-5.67,-4.48,-2.21,-1.19,-0.96,-1.85,3.16,4.96,3.28,16.97,16.55,16.37,16.26,1.36,0.53,-1.48,-3.85,-4.91,-6.75,-6.45,-7.75,-8.58,-6.92
2013-02-08,600508,16.9,16.91,17.13,16.85,36388,61847316.0,1.66,0.06,0.01,0.5,-6.23,-5.04,-2.79,-1.78,-1.54,-2.43,2.55,4.33,2.67,2.67,17.07,16.68,16.43,16.29,0.47,-1.54,-3.9,-4.97,-6.8,-6.51,-7.81,-8.63,-6.98,-7.04
2013-02-18,600508,16.99,16.56,16.99,16.46,41961,69822803.0,3.13,-2.07,-0.35,0.58,-2.79,-0.49,0.55,0.79,-0.12,4.98,6.8,5.1,5.1,4.07,16.95,16.73,16.44,16.31,0.54,-1.87,-2.96,-4.83,-4.53,-5.86,-6.7,-5.01,-5.07,-6.1
2013-02-19,600508,16.64,16.07,16.65,16.0,42868,69609944.0,3.93,-2.96,-0.49,0.59,2.37,3.44,3.69,2.75,8.0,9.87,8.13,8.13,7.06,6.19,16.72,16.71,16.42,16.32,1.12,0.0,-1.93,-1.62,-2.99,-3.86,-2.12,-2.18,-3.24,-5.6
2013-02-20,600508,16.07,16.24,16.25,15.98,31645,51019433.0,1.68,1.06,0.17,0.44,3.57,3.82,2.88,8.14,10.01,8.26,8.26,7.2,6.32,4.19,16.54,16.7,16.41,16.33,-1.05,-2.96,-2.65,-4.0,-4.86,-3.14,-3.2,-4.25,-6.59,-5.85
2013-02-21,600508,16.07,15.7,16.07,15.52,50319,79061752.0,3.39,-3.33,-0.54,0.7,6.89,5.93,11.34,13.27,11.47,11.47,10.37,9.47,7.28,4.7,16.3,16.63,16.39,16.32,0.38,0.7,-0.7,-1.59,0.19,0.13,-0.96,-3.38,-2.61,0.57
2013-02-22,600508,15.68,15.64,15.76,15.6,22972,35969963.0,1.02,-0.38,-0.06,0.32,5.38,10.77,12.69,10.9,10.9,9.81,8.91,6.73,4.17,3.01,16.04,16.56,16.36,16.31,1.09,-0.32,-1.21,0.58,0.51,-0.58,-3.01,-2.24,0.96,-0.96
2013-02-25,600508,15.77,15.66,15.81,15.57,21018,32984635.0,1.53,0.13,0.02,0.29,10.98,12.91,11.11,11.11,10.02,9.12,6.94,4.37,3.21,1.22,15.86,16.41,16.31,16.3,-0.45,-1.34,0.45,0.38,-0.7,-3.13,-2.36,0.83,-1.09,-1.85
2013-02-26,600508,15.55,15.18,15.59,15.17,32265,49775567.0,2.68,-3.07,-0.48,0.45,15.89,14.04,14.04,12.92,12.0,9.76,7.12,5.93,3.89,4.22,15.68,16.2,16.26,16.27,1.78,3.62,3.56,2.44,-0.07,0.72,4.02,2.04,1.25,1.38
2013-02-27,600508,15.2,15.3,15.45,15.2,16251,24877203.0,1.65,0.79,0.12,0.22,13.82,13.82,12.7,11.78,9.54,6.91,5.72,3.68,4.01,2.57,15.5,16.02,16.22,16.23,2.81,2.75,1.63,-0.85,-0.07,3.2,1.24,0.46,0.59,-1.18
2013-02-28,600508,15.35,15.72,15.73,15.29,28443,44283635.0,2.88,2.75,0.42,0.39,13.15,12.03,11.12,8.89,6.28,5.1,3.07,3.4,1.96,1.05,15.5,15.9,16.22,16.21,0.0,-1.08,-3.5,-2.74,0.45,-1.46,-2.23,-2.1,-3.82,-3.75
2013-03-01,600508,15.7,15.64,15.72,15.33,25375,39483571.0,2.48,-0.51,-0.08,0.35,11.74,10.83,8.61,6.0,4.83,2.8,3.13,1.7,0.78,2.61,15.5,15.77,16.22,16.21,-0.58,-3.01,-2.24,0.96,-0.96,-1.73,-1.6,-3.32,-3.26,-2.81
2013-03-04,600508,15.55,14.97,15.55,14.8,41645,62831256.0,4.8,-4.28,-0.67,0.58,14.8,12.5,9.8,8.58,6.49,6.82,5.34,4.39,6.28,6.22,15.36,15.61,16.17,16.17,1.34,2.14,5.48,3.47,2.67,2.81,1.0,1.07,1.54,0.13
2013-03-05,600508,15.0,15.17,15.17,14.87,22880,34362091.0,2.0,1.34,0.2,0.32,11.97,9.28,8.07,5.99,6.32,4.84,3.9,5.78,5.72,4.57,15.36,15.52,16.12,16.12,0.79,4.09,2.11,1.32,1.45,-0.33,-0.26,0.2,-1.19,-2.5
2013-03-06,600508,15.19,15.2,15.29,15.08,22054,33458654.0,1.38,0.2,0.03,0.31,7.76,6.56,4.51,4.84,3.38,2.45,4.31,4.24,3.12,0.6,15.34,15.42,16.06,16.08,3.88,1.91,1.12,1.25,-0.53,-0.46,0.0,-1.38,-2.7,-1.12
2013-03-07,600508,15.17,15.46,15.79,14.97,47198,72961889.0,5.39,1.71,0.26,0.65,7.35,5.28,5.61,4.14,3.21,5.08,5.01,3.87,1.34,2.14,15.29,15.39,16.01,16.06,0.19,-0.58,-0.45,-2.2,-2.13,-1.68,-3.04,-4.33,-2.78,-1.68
2013-03-08,600508,15.33,15.33,15.49,15.28,21330,32813816.0,1.36,-0.84,-0.13,0.3,3.14,3.47,2.03,1.11,2.95,2.88,1.77,-0.72,0.07,3.34,15.23,15.36,15.96,16.03,0.26,0.39,-1.37,-1.3,-0.85,-2.22,-3.52,-1.96,-0.85,-1.3
2013-03-11,600508,15.34,15.24,15.37,15.15,12769,19432039.0,1.44,-0.59,-0.09,0.18,4.36,2.9,1.98,3.83,3.76,2.64,0.13,0.92,4.22,2.24,15.28,15.32,15.86,15.98,0.98,-0.79,-0.72,-0.26,-1.64,-2.95,-1.38,-0.26,-0.72,-0.79
2013-03-12,600508,15.2,15.0,15.39,14.86,19118,28875306.0,3.48,-1.57,-0.24,0.26,4.91,3.97,5.85,5.79,4.64,2.09,2.89,6.26,4.24,3.43,15.25,15.3,15.75,15.94,0.8,0.87,1.33,-0.07,-1.4,0.2,1.33,0.87,0.8,-0.27
2013-03-13,600508,15.0,14.98,15.12,14.85,12040,18031088.0,1.8,-0.13,-0.02,0.17,4.04,5.93,5.86,4.71,2.15,2.96,6.33,4.31,3.5,3.64,15.2,15.27,15.64,15.9,1.0,1.47,0.07,-1.27,0.33,1.47,1.0,0.93,-0.13,-1.4
2013-03-14,600508,14.89,15.0,15.13,14.86,16155,24205903.0,1.8,0.13,0.02,0.22,5.85,5.79,4.64,2.09,2.89,6.26,4.24,3.43,3.57,1.75,15.11,15.2,15.55,15.88,1.33,-0.07,-1.4,0.2,1.33,0.87,0.8,-0.27,-1.53,-2.87
2013-03-15,600508,15.1,14.93,15.2,14.83,17496,26255925.0,2.47,-0.47,-0.07,0.24,6.0,4.86,2.29,3.1,6.47,4.45,3.64,3.78,1.96,2.02,15.03,15.13,15.45,15.86,0.4,-0.94,0.67,1.81,1.34,1.27,0.2,-1.07,-2.41,-3.55
2013-03-18,600508,14.97,14.62,14.99,14.59,21082,31112575.0,2.68,-2.08,-0.31,0.29,6.58,3.98,4.8,8.22,6.17,5.35,5.48,3.63,3.7,4.18,14.91,15.09,15.35,15.81,1.16,2.8,3.97,3.49,3.42,2.33,1.03,-0.34,-1.5,-1.92
2013-03-19,600508,14.62,14.67,14.79,14.6,12617,18479562.0,1.3,0.34,0.05,0.17,3.9,4.73,8.15,6.1,5.27,5.41,3.56,3.63,4.11,2.67,14.84,15.04,15.28,15.76,2.45,3.61,3.14,3.07,1.98,0.68,-0.68,-1.84,-2.25,-1.91
2013-03-20,600508,14.73,15.02,15.03,14.62,23914,35594312.0,2.79,2.39,0.35,0.33,4.58,8.0,5.95,5.13,5.27,3.42,3.49,3.97,2.53,1.16,14.85,15.03,15.22,15.71,1.2,0.73,0.67,-0.4,-1.66,-3.0,-4.13,-4.53,-4.19,-4.13
2013-03-21,600508,15.01,15.06,15.2,14.95,22775,34294809.0,1.66,0.27,0.04,0.32,5.62,3.61,2.81,2.94,1.14,1.2,1.67,0.27,-1.07,0.54,14.86,14.99,15.19,15.67,0.46,0.4,-0.66,-1.93,-3.25,-4.38,-4.78,-4.45,-4.38,-5.18
2013-03-22,600508,15.05,15.02,15.13,14.94,13029,19543714.0,1.26,-0.27,-0.04,0.18,3.68,2.88,3.01,1.2,1.27,1.74,0.33,-1.0,0.6,1.74,14.88,14.95,15.16,15.62,0.67,-0.4,-1.66,-3.0,-4.13,-4.53,-4.19,-4.13,-4.93,-4.13
2013-03-25,600508,15.03,14.97,15.12,14.93,13426,20151871.0,1.26,-0.33,-0.05,0.19,2.95,3.08,1.27,1.34,1.81,0.4,-0.94,0.67,1.81,1.34,14.95,14.93,15.12,15.55,-0.07,-1.34,-2.67,-3.81,-4.21,-3.87,-3.81,-4.61,-3.81,-2.81
2013-03-26,600508,14.96,14.61,14.96,14.55,22077,32357026.0,2.74,-2.4,-0.36,0.31,5.77,3.92,3.99,4.47,3.02,1.65,3.3,4.47,3.99,3.92,14.94,14.89,15.1,15.46,1.1,-0.27,-1.44,-1.85,-1.51,-1.44,-2.26,-1.44,-0.41,-0.21
2013-03-27,600508,14.68,14.6,14.77,14.54,12296,18015823.0,1.57,-0.07,-0.01,0.17,3.99,4.06,4.54,3.09,1.72,3.37,4.54,4.06,3.99,2.89,14.85,14.85,15.06,15.38,-0.21,-1.37,-1.78,-1.44,-1.37,-2.19,-1.37,-0.34,-0.14,-2.12
2013-03-28,600508,14.57,14.24,14.57,14.21,21489,30787830.0,2.47,-2.47,-0.36,0.3,6.47,6.97,5.49,4.08,5.77,6.97,6.47,6.4,5.28,3.94,14.69,14.77,14.99,15.29,1.12,0.7,1.05,1.12,0.28,1.12,2.18,2.39,0.35,-0.28
2013-03-29,600508,14.4,14.23,14.4,14.18,9661,13789039.0,1.54,-0.07,-0.01,0.13,7.19,5.71,4.3,5.99,7.19,6.7,6.63,5.5,4.16,2.75,14.53,14.7,14.92,15.2,0.77,1.12,1.19,0.35,1.19,2.25,2.46,0.42,-0.21,-0.77
2013-04-01,600508,14.15,14.26,14.34,14.11,8246,11743852.0,1.62,0.21,0.03,0.11,6.24,4.82,6.52,7.73,7.23,7.16,6.02,4.68,3.26,2.06,14.39,14.67,14.88,15.12,0.91,0.98,0.14,0.98,2.03,2.24,0.21,-0.42,-0.98,-0.77
2013-04-02,600508,14.23,14.28,14.39,14.2,11008,15706657.0,1.33,0.14,0.02,0.15,4.15,5.85,7.04,6.55,6.48,5.35,4.01,2.61,1.41,0.99,14.32,14.63,14.84,15.06,0.84,0.0,0.84,1.89,2.1,0.07,-0.56,-1.12,-0.91,-0.77
2013-04-03,600508,14.31,14.25,14.4,14.2,8055,11496113.0,1.4,-0.21,-0.03,0.11,5.85,7.04,6.55,6.48,5.35,4.01,2.61,1.41,0.99,1.34,14.25,14.55,14.79,15.0,0.21,1.05,2.11,2.32,0.28,-0.35,-0.91,-0.7,-0.56,0.63
2013-04-08,600508,14.15,14.26,14.28,13.89,13882,19439746.0,2.74,0.07,0.01,0.19,9.43,8.93,8.86,7.7,6.34,4.9,3.67,3.24,3.6,3.67,14.26,14.47,14.73,14.95,0.98,2.03,2.24,0.21,-0.42,-0.98,-0.77,-0.63,0.56,0.14
2013-04-09,600508,14.26,14.37,14.4,14.15,14988,21488441.0,1.75,0.77,0.11,0.21,6.93,6.86,5.72,4.38,2.97,1.77,1.34,1.7,1.77,0.92,14.28,14.41,14.68,14.91,1.25,1.46,-0.56,-1.18,-1.74,-1.53,-1.39,-0.21,-0.63,-0.84
2013-04-10,600508,14.37,14.51,14.55,14.28,13372,19291489.0,1.88,0.97,0.14,0.19,5.88,4.76,3.43,2.03,0.84,0.42,0.77,0.84,0.0,0.84,14.33,14.36,14.64,14.87,0.48,-1.52,-2.14,-2.69,-2.48,-2.34,-1.17,-1.59,-1.79,-3.24
2013-04-11,600508,14.52,14.22,14.58,14.21,10046,14409912.0,2.55,-2.0,-0.29,0.14,5.28,3.94,2.53,1.34,0.91,1.27,1.34,0.49,1.34,2.39,14.32,14.32,14.6,14.84,0.49,-0.14,-0.7,-0.49,-0.35,0.84,0.42,0.21,-1.27,-1.55
2013-04-12,600508,14.21,14.23,14.29,14.09,7976,11319377.0,1.41,0.07,0.01,0.11,4.83,3.41,2.2,1.77,2.13,2.2,1.35,2.2,3.26,3.48,14.32,14.29,14.57,14.8,-0.21,-0.77,-0.56,-0.42,0.77,0.35,0.14,-1.34,-1.62,-2.39
2013-04-15,600508,14.19,14.1,14.2,13.84,12986,18124059.0,2.53,-0.91,-0.13,0.18,5.27,4.05,3.61,3.97,4.05,3.18,4.05,5.13,5.35,3.25,14.29,14.27,14.52,14.75,0.14,0.35,0.5,1.7,1.28,1.06,-0.43,-0.71,-1.49,-3.26
2013-04-16,600508,13.97,14.09,14.12,13.84,8512,11901731.0,1.99,-0.07,-0.01,0.12,4.05,3.61,3.97,4.05,3.18,4.05,5.13,5.35,3.25,2.6,14.23,14.26,14.48,14.7,0.43,0.57,1.77,1.35,1.14,-0.35,-0.64,-1.42,-3.19,-3.12
2013-04-17,600508,14.15,13.99,14.15,13.88,7540,10528784.0,1.92,-0.71,-0.1,0.1,3.31,3.67,3.75,2.88,3.75,4.83,5.04,2.95,2.31,1.73,14.13,14.23,14.45,14.66,1.29,2.5,2.07,1.86,0.36,0.07,-0.71,-2.5,-2.43,-2.07
2013-04-18,600508,13.9,13.97,14.17,13.81,8720,12167907.0,2.57,-0.14,-0.02,0.12,4.2,4.27,3.4,4.27,5.36,5.58,3.48,2.82,2.24,2.46,14.08,14.2,14.41,14.62,2.65,2.22,2.0,0.5,0.21,-0.57,-2.36,-2.29,-1.93,-1.29
2013-04-19,600508,13.98,14.29,14.34,13.93,19005,27016477.0,2.93,2.29,0.32,0.26,3.37,2.51,3.37,4.45,4.67,2.58,1.94,1.36,1.58,1.72,14.09,14.2,14.38,14.59,-0.07,-0.28,-1.75,-2.03,-2.8,-4.55,-4.48,-4.13,-3.5,-3.64
2013-04-22,600508,14.16,14.21,14.28,14.12,8891,12609552.0,1.12,-0.56,-0.08,0.12,1.13,1.98,3.05,3.26,1.2,0.57,0.0,0.21,0.35,1.56,14.11,14.2,14.33,14.55,0.28,-1.2,-1.48,-2.25,-4.01,-3.94,-3.59,-2.96,-3.1,-3.73
2013-04-23,600508,14.21,13.83,14.25,13.78,14990,20866640.0,3.31,-2.67,-0.38,0.21,4.5,5.59,5.81,3.7,3.05,2.47,2.69,2.83,4.06,3.63,14.06,14.14,14.28,14.5,1.52,1.23,0.43,-1.37,-1.3,-0.94,-0.29,-0.43,-1.08,-2.17
2013-04-24,600508,13.87,13.97,14.04,13.81,11874,16524647.0,1.66,1.01,0.14,0.16,5.36,5.58,3.48,2.82,2.24,2.46,2.61,3.84,3.4,3.19,14.05,14.09,14.23,14.46,0.21,-0.57,-2.36,-2.29,-1.93,-1.29,-1.43,-2.08,-3.15,-3.36
2013-04-25,600508,13.95,13.87,14.0,13.66,22311,30748714.0,2.43,-0.72,-0.1,0.31,6.73,4.61,3.95,3.37,3.59,3.73,4.98,4.54,4.32,2.78,14.03,14.06,14.19,14.42,0.14,-1.66,-1.59,-1.23,-0.58,-0.72,-1.37,-2.45,-2.67,-3.17
2013-04-26,600508,13.85,13.78,13.89,13.53,20939,28664152.0,2.6,-0.65,-0.09,0.29,5.62,4.95,4.36,4.58,4.73,5.99,5.54,5.32,3.77,3.47,13.93,14.01,14.15,14.38,-1.02,-0.94,-0.58,0.07,-0.07,-0.73,-1.81,-2.03,-2.54,-3.99
2013-05-02,600508,13.64,13.5,13.64,13.25,19406,25993523.0,2.83,-2.03,-0.28,0.27,7.17,6.57,6.79,6.94,8.23,7.77,7.55,5.96,5.66,4.83,13.79,13.95,14.11,14.33,1.11,1.48,2.15,2.0,1.33,0.22,0.0,-0.52,-2.0,-1.56
2013-05-03,600508,13.5,13.54,13.65,13.35,18896,25674319.0,2.22,0.3,0.04,0.26,5.77,5.99,6.14,7.42,6.97,6.74,5.17,4.87,4.04,2.17,13.73,13.9,14.08,14.29,1.18,1.85,1.7,1.03,-0.07,-0.3,-0.81,-2.29,-1.85,3.32
2013-05-06,600508,13.56,13.61,13.7,13.56,17419,23727842.0,1.03,0.52,0.07,0.24,4.35,4.5,5.75,5.31,5.09,3.54,3.24,2.43,0.59,0.66,13.66,13.86,14.04,14.25,1.32,1.18,0.51,-0.59,-0.81,-1.32,-2.79,-2.35,2.79,2.13
2013-05-07,600508,13.61,13.67,13.79,13.51,16084,21978878.0,2.06,0.44,0.06,0.22,4.89,6.14,5.7,5.48,3.92,3.63,2.81,0.96,1.04,1.41,13.62,13.83,14.01,14.22,0.73,0.07,-1.02,-1.24,-1.76,-3.22,-2.78,2.34,1.68,1.98
2013-05-08,600508,13.73,13.61,13.77,13.58,15287,20868560.0,1.39,-0.44,-0.06,0.21,5.6,5.15,4.93,3.39,3.09,2.28,0.44,0.52,0.88,1.55,13.59,13.76,13.98,14.17,0.51,-0.59,-0.81,-1.32,-2.79,-2.35,2.79,2.13,2.42,1.76
2013-05-09,600508,13.63,13.37,13.68,13.34,16654,22411979.0,2.5,-1.76,-0.24,0.23,7.05,6.82,5.25,4.95,4.12,2.25,2.32,2.7,3.37,3.22,13.56,13.68,13.94,14.11,1.2,0.97,0.45,-1.05,-0.6,4.64,3.96,4.26,3.59,2.62
2013-05-10,600508,13.37,13.5,13.53,13.3,18687,25070310.0,1.72,0.97,0.13,0.26,7.14,5.56,5.26,4.44,2.56,2.63,3.01,3.68,3.53,2.86,13.55,13.64,13.89,14.06,0.0,-0.52,-2.0,-1.56,3.63,2.96,3.26,2.59,1.63,0.22
2013-05-13,600508,13.45,13.38,13.5,13.34,15136,20302845.0,1.19,-0.89,-0.12,0.21,5.25,4.95,4.12,2.25,2.32,2.7,3.37,3.22,2.55,1.42,13.51,13.58,13.84,14.01,0.37,-1.12,-0.67,4.56,3.89,4.19,3.51,2.54,1.12,0.52
2013-05-14,600508,13.39,13.19,13.43,13.14,17374,22983255.0,2.17,-1.42,-0.19,0.24,6.54,5.71,3.81,3.88,4.26,4.95,4.79,4.11,2.97,2.74,13.41,13.52,13.78,13.96,0.3,0.76,6.07,5.38,5.69,5.0,4.02,2.58,1.97,3.79
2013-05-15,600508,13.18,13.14,13.23,13.07,20258,26567220.0,1.21,-0.38,-0.05,0.28,6.27,4.36,4.44,4.82,5.51,5.36,4.67,3.52,3.29,2.75,13.32,13.45,13.73,13.92,1.14,6.47,5.78,6.09,5.4,4.41,2.97,2.36,4.19,4.49
2013-05-16,600508,13.12,13.29,13.29,12.98,29315,38518032.0,2.36,1.14,0.15,0.41,5.08,5.16,5.55,6.24,6.09,5.39,4.24,4.01,3.47,1.93,13.3,13.43,13.69,13.88,5.27,4.59,4.89,4.21,3.24,1.81,1.2,3.01,3.31,2.11
2013-05-17,600508,13.31,13.9,13.99,13.19,56372,76257963.0,6.02,4.59,0.61,0.78,3.49,3.87,4.55,4.4,3.71,2.58,2.35,1.82,0.3,0.76,13.38,13.47,13.68,13.87,0.0,0.29,-0.36,-1.29,-2.66,-3.24,-1.51,-1.22,-2.37,-1.73
2013-05-20,600508,13.9,13.78,13.9,13.72,43621,60139145.0,1.29,-0.86,-0.12,0.6,-0.15,0.51,0.36,-0.29,-1.38,-1.6,-2.11,-3.57,-3.13,1.97,13.46,13.48,13.67,13.86,1.16,0.51,-0.44,-1.81,-2.39,-0.65,-0.36,-1.52,-0.87,-0.87
2013-05-21,600508,13.78,13.81,13.94,13.73,27074,37398592.0,1.52,0.22,0.03,0.37,0.44,0.29,-0.36,-1.46,-1.68,-2.18,-3.64,-3.2,1.89,1.24,13.58,13.5,13.66,13.84,0.29,-0.65,-2.03,-2.61,-0.87,-0.58,-1.74,-1.09,-1.09,-2.24
2013-05-22,600508,13.81,13.72,13.85,13.7,29061,39991781.0,1.09,-0.65,-0.09,0.4,0.51,-0.15,-1.24,-1.46,-1.97,-3.43,-2.99,2.12,1.46,1.75,13.7,13.51,13.63,13.82,0.0,-1.38,-1.97,-0.22,0.07,-1.09,-0.44,-0.44,-1.6,-3.21
2013-05-23,600508,13.64,13.45,13.72,13.36,35423,47873198.0,2.62,-1.97,-0.27,0.49,2.4,1.27,1.05,0.52,-0.97,-0.52,4.72,4.04,4.34,3.67,13.73,13.52,13.6,13.8,0.59,0.0,1.78,2.08,0.89,1.56,1.56,0.37,-1.26,-0.89
2013-05-24,600508,13.43,13.46,13.53,13.36,22384,30094573.0,1.26,0.07,0.01,0.31,1.27,1.05,0.52,-0.97,-0.52,4.72,4.04,4.34,3.67,2.69,13.64,13.51,13.58,13.77,-0.07,1.71,2.01,0.82,1.49,1.49,0.3,-1.34,-0.97,-1.63
2013-05-27,600508,13.45,13.3,13.45,13.28,28146,37501082.0,1.26,-1.19,-0.16,0.39,1.66,1.13,-0.38,0.08,5.35,4.67,4.97,4.29,3.31,1.88,13.55,13.5,13.54,13.73,2.93,3.23,2.03,2.71,2.71,1.5,-0.15,0.23,-0.45,-3.76
2013-05-28,600508,13.31,13.68,13.69,13.25,39162,52888034.0,3.31,2.86,0.38,0.54,1.36,-0.15,0.3,5.58,4.91,5.21,4.53,3.55,2.11,1.51,13.52,13.55,13.53,13.71,0.37,-0.8,-0.15,-0.15,-1.32,-2.92,-2.56,-3.22,-6.43,-9.72
2013-05-29,600508,13.68,13.52,13.73,13.51,28264,38455238.0,1.61,-1.17,-0.16,0.39,-2.07,-1.63,3.55,2.89,3.18,2.52,1.55,0.15,-0.44,1.33,13.48,13.59,13.52,13.68,0.37,1.04,1.04,-0.15,-1.78,-1.41,-2.07,-5.33,-8.65,-6.07
2013-05-30,600508,13.46,13.5,13.57,13.41,24205,32640777.0,1.18,-0.15,-0.02,0.33,-0.89,4.33,3.65,3.95,3.28,2.31,0.89,0.3,2.09,2.39,13.49,13.61,13.52,13.66,1.19,1.19,0.0,-1.63,-1.26,-1.93,-5.19,-8.52,-5.93,-6.81
2013-05-31,600508,13.5,13.48,13.66,13.47,27049,36723604.0,1.41,-0.15,-0.02,0.37,3.86,3.19,3.49,2.82,1.86,0.45,-0.15,1.63,1.93,0.74,13.5,13.57,13.52,13.64,1.34,0.15,-1.48,-1.11,-1.78,-5.04,-8.38,-5.79,-6.68,-7.34
2013-06-03,600508,13.42,13.45,13.66,13.36,24097,32589067.0,2.23,-0.22,-0.03,0.33,4.04,4.34,3.67,2.69,1.27,0.67,2.47,2.77,1.57,2.25,13.53,13.54,13.51,13.63,0.37,-1.26,-0.89,-1.56,-4.83,-8.18,-5.58,-6.47,-7.14,-11.67
2013-06-04,600508,13.45,13.24,13.5,13.19,23275,30973227.0,2.3,-1.56,-0.21,0.32,5.69,5.0,4.02,2.58,1.97,3.79,4.09,2.88,3.56,3.56,13.44,13.48,13.49,13.6,0.3,0.68,0.0,-3.32,-6.72,-4.08,-4.98,-5.66,-10.27,-15.03
2013-06-05,600508,13.17,13.23,13.28,13.17,17553,23197993.0,0.83,-0.08,-0.01,0.24,5.16,4.18,2.73,2.13,3.95,4.25,3.04,3.72,3.72,2.51,13.38,13.43,13.47,13.57,0.76,0.08,-3.25,-6.65,-4.01,-4.91,-5.59,-10.2,-14.97,-16.48
2013-06-06,600508,13.2,13.14,13.33,13.14,14897,19701390.0,1.44,-0.68,-0.09,0.21,4.41,2.97,2.36,4.19,4.49,3.27,3.96,3.96,2.74,1.07,13.31,13.4,13.46,13.53,0.76,-2.59,-6.01,-3.35,-4.26,-4.95,-9.59,-14.38,-15.91,-22.37
2013-06-07,600508,13.24,12.94,13.24,12.76,32633,42357050.0,3.65,-1.52,-0.2,0.45,6.03,5.41,7.29,7.6,6.35,7.05,7.05,5.8,4.08,4.47,13.2,13.35,13.43,13.5,-1.08,-4.56,-1.85,-2.78,-3.48,-8.19,-13.06,-14.61,-21.17,-23.34
2013-06-13,600508,12.8,12.24,12.8,12.15,22258,27434507.0,5.02,-5.41,-0.7,0.31,10.7,12.67,13.0,11.69,12.43,12.43,11.11,9.3,9.71,8.97,12.96,13.24,13.37,13.44,0.9,3.76,2.78,2.04,-2.94,-8.09,-9.72,-16.67,-18.95,-17.57
2013-06-14,600508,12.23,12.28,12.35,12.21,19446,23844197.0,1.14,0.33,0.04,0.27,12.12,12.45,11.14,11.88,11.88,10.57,8.76,9.17,8.44,4.83,12.77,13.1,13.33,13.39,3.42,2.44,1.71,-3.26,-8.39,-10.02,-16.94,-19.22,-17.83,-18.16
2013-06-17,600508,12.32,12.54,12.7,12.2,26970,33597952.0,4.07,2.12,0.26,0.37,12.54,11.23,11.97,11.97,10.66,8.85,9.26,8.52,4.92,1.23,12.63,13.0,13.3,13.35,0.32,-0.4,-5.26,-10.29,-11.88,-18.66,-20.89,-19.54,-19.86,-21.45
2013-06-18,600508,12.55,12.47,12.58,12.31,10372,12868781.0,2.15,-0.56,-0.07,0.14,10.24,10.97,10.97,9.67,7.88,8.29,7.55,3.98,0.32,3.17,12.49,12.9,13.26,13.31,0.16,-4.73,-9.78,-11.39,-18.2,-20.45,-19.09,-19.41,-21.01,-21.09
2013-06-19,600508,12.39,12.39,12.49,12.06,22528,27611206.0,3.45,-0.64,-0.08,0.31,13.27,13.27,11.94,10.12,10.53,9.78,6.14,2.4,5.31,4.31,12.38,12.79,13.18,13.28,-4.12,-9.2,-10.82,-17.68,-19.94,-18.56,-18.89,-20.5,-20.58,-21.23
2013-06-20,600508,11.88,11.39,11.88,11.25,22812,26469912.0,5.08,-8.07,-1.0,0.32,21.42,20.0,18.04,18.49,17.69,13.78,9.78,12.89,11.82,11.02,12.21,12.59,13.06,13.2,-1.23,-2.99,-10.45,-12.91,-11.41,-11.76,-13.52,-13.61,-14.31,-10.89
2013-06-21,600508,11.25,11.08,11.25,10.92,21195,23486996.0,2.9,-2.72,-0.31,0.29,23.63,21.61,22.07,21.25,17.22,13.1,16.3,15.2,14.38,8.79,11.97,12.37,12.92,13.12,-0.27,-7.94,-10.47,-8.94,-9.3,-11.1,-11.19,-11.91,-8.39,-9.03
2013-06-24,600508,11.05,10.18,11.05,10.09,31510,33323219.0,8.66,-8.12,-0.9,0.44,31.62,32.11,31.22,26.86,22.4,25.87,24.68,23.79,17.74,11.5,11.5,12.07,12.75,13.0,0.2,-2.55,-0.88,-1.28,-3.24,-3.34,-4.13,-0.29,-0.98,-3.34
2013-06-25,600508,10.08,9.91,10.2,9.3,36773,35996752.0,8.84,-2.65,-0.27,0.51,43.33,42.37,37.63,32.8,36.56,35.27,34.3,27.74,20.97,18.82,10.99,11.74,12.57,12.89,0.1,1.82,1.41,-0.61,-0.71,-1.51,2.42,1.72,-0.71,-2.72
2013-06-26,600508,9.9,9.78,9.92,9.55,32935,32031781.0,3.73,-1.31,-0.13,0.46,38.64,34.03,29.32,32.98,31.73,30.79,24.4,17.8,15.71,6.81,10.47,11.43,12.39,12.76,3.17,2.76,0.72,0.61,-0.2,3.78,3.07,0.61,-1.43,0.72
2013-06-27,600508,9.8,9.7,10.09,9.67,26067,25694957.0,4.29,-0.82,-0.08,0.36,32.37,27.71,31.33,30.09,29.16,22.85,16.34,14.27,5.48,2.59,10.13,11.17,12.21,12.64,3.61,1.55,1.44,0.62,4.64,3.92,1.44,-0.62,1.55,6.08
2013-06-28,600508,9.57,9.72,10.05,9.5,21629,21144194.0,5.67,0.21,0.02,0.3,30.0,33.68,32.42,31.47,25.05,18.42,16.32,7.37,4.42,6.21,9.86,10.92,12.01,12.52,1.34,1.23,0.41,4.42,3.7,1.23,-0.82,1.34,5.86,4.01
2013-07-01,600508,9.7,9.76,9.85,9.55,14777,14344998.0,3.09,0.41,0.04,0.2,32.98,31.73,30.79,24.4,17.8,15.71,6.81,3.87,5.65,5.24,9.77,10.64,11.82,12.41,0.82,0.0,4.0,3.28,0.82,-1.23,0.92,5.43,3.59,3.38
2013-07-02,600508,9.76,9.73,9.84,9.6,16023,15520522.0,2.46,-0.31,-0.03,0.22,31.04,30.1,23.75,17.19,15.1,6.25,3.33,5.1,4.69,2.6,9.74,10.36,11.63,12.29,0.31,4.32,3.6,1.13,-0.92,1.23,5.76,3.91,3.7,2.88
2013-07-03,600508,9.76,9.67,9.76,9.51,14728,14193515.0,2.57,-0.62,-0.06,0.2,31.34,24.92,18.3,16.19,7.26,4.31,6.1,5.68,3.58,3.47,9.72,10.09,11.44,12.15,4.96,4.24,1.76,-0.31,1.86,6.41,4.55,4.34,3.52,6.2
2013-07-04,600508,9.6,9.96,10.15,9.5,39091,38615128.0,6.72,3.0,0.29,0.54,25.05,18.42,16.32,7.37,4.42,6.21,5.79,3.68,3.58,2.74,9.77,9.95,11.27,12.02,1.2,-1.2,-3.21,-1.1,3.31,1.51,1.31,0.5,3.11,1.41
2013-07-05,600508,9.99,9.91,10.08,9.83,25086,24910290.0,2.51,-0.5,-0.05,0.35,14.45,12.41,3.76,0.92,2.64,2.24,0.2,0.1,-0.71,3.26,9.81,9.83,11.1,11.89,-0.71,-2.72,-0.61,3.83,2.02,1.82,1.01,3.63,1.92,1.01
2013-07-08,600508,9.84,9.4,9.84,9.38,20917,19927807.0,4.64,-5.15,-0.51,0.29,17.8,8.74,5.76,7.57,7.14,5.01,4.9,4.05,8.21,7.46,9.73,9.75,10.91,11.75,2.55,4.79,9.47,7.55,7.34,6.49,9.26,7.45,6.49,2.77
2013-07-09,600508,9.39,9.47,9.64,9.26,24078,22692942.0,4.04,0.74,0.07,0.33,10.15,7.13,8.96,8.53,6.37,6.26,5.4,9.61,8.86,6.26,9.68,9.71,10.73,11.62,4.01,8.66,6.76,6.55,5.7,8.45,6.65,5.7,2.01,4.44
2013-07-10,600508,9.46,9.78,9.85,9.3,35504,34085923.0,5.81,3.27,0.31,0.49,6.67,8.49,8.06,5.91,5.81,4.95,9.14,8.39,5.81,3.66,9.7,9.71,10.57,11.49,5.21,3.37,3.17,2.35,5.01,3.27,2.35,-1.23,1.12,1.53
2013-07-11,600508,9.85,10.16,10.29,9.8,65753,66214551.0,5.01,3.89,0.38,0.91,2.96,2.55,0.51,0.41,-0.41,3.57,2.86,0.41,-1.63,0.51,9.74,9.76,10.46,11.39,-0.49,-0.69,-1.48,1.08,-0.59,-1.48,-4.92,-2.66,-2.26,-1.67
2013-07-12,600508,10.1,9.85,10.11,9.84,36460,36422887.0,2.66,-3.05,-0.31,0.5,2.13,0.1,0.0,-0.81,3.15,2.44,0.0,-2.03,0.1,4.57,9.73,9.77,10.34,11.26,2.44,1.62,4.26,2.54,1.62,-1.93,0.41,0.81,1.42,-0.51
2013-07-15,600508,9.86,9.94,10.09,9.86,20500,20462971.0,2.34,0.91,0.09,0.28,-0.1,-0.2,-1.01,2.94,2.23,-0.2,-2.23,-0.1,4.36,2.54,9.84,9.79,10.21,11.14,0.7,3.32,1.61,0.7,-2.82,-0.5,-0.1,0.5,-1.41,-3.02
2013-07-16,600508,9.9,9.97,10.01,9.83,22155,21973207.0,1.81,0.3,0.03,0.31,0.1,-0.71,3.26,2.54,0.1,-1.93,0.2,4.68,2.85,2.64,9.94,9.81,10.09,11.03,3.01,1.3,0.4,-3.11,-0.8,-0.4,0.2,-1.71,-3.31,-3.31
2013-07-17,600508,9.94,10.08,10.27,9.87,49288,50095137.0,4.01,1.1,0.11,0.68,-1.11,2.84,2.13,-0.3,-2.33,-0.2,4.26,2.43,2.23,1.42,10.0,9.85,9.97,10.91,0.2,-0.69,-4.17,-1.88,-1.49,-0.89,-2.78,-4.37,-4.37,-3.57
2013-07-18,600508,10.0,9.83,10.1,9.8,25778,25500792.0,2.98,-2.48,-0.25,0.36,3.57,2.86,0.41,-1.63,0.51,5.0,3.16,2.96,2.14,4.8,9.93,9.84,9.89,10.79,1.83,-1.73,0.61,1.02,1.63,-0.31,-1.93,-1.93,-1.12,0.92
2013-07-19,600508,9.88,9.61,10.01,9.59,23457,23065223.0,4.27,-2.24,-0.22,0.32,5.11,2.61,0.52,2.71,7.3,5.42,5.21,4.38,7.09,5.32,9.89,9.81,9.82,10.67,0.52,2.91,3.33,3.95,1.98,0.31,0.31,1.14,3.23,4.27
2013-07-22,600508,9.6,9.57,9.66,9.46,14522,13849112.0,2.08,-0.42,-0.04,0.2,4.02,1.9,4.12,8.77,6.87,6.66,5.81,8.56,6.77,5.81,9.81,9.83,9.79,10.55,3.34,3.76,4.39,2.4,0.73,0.73,1.57,3.66,4.7,5.12
2013-07-23,600508,9.57,9.84,9.89,9.55,18521,18158655.0,3.55,2.82,0.27,0.26,0.94,3.14,7.75,5.86,5.65,4.82,7.54,5.76,4.82,1.15,9.79,9.86,9.79,10.44,0.91,1.52,-0.41,-2.03,-2.03,-1.22,0.81,1.83,2.24,3.05
2013-07-24,600508,9.82,9.78,9.93,9.62,16825,16420361.0,3.15,-0.61,-0.06,0.23,2.39,6.96,5.09,4.89,4.05,6.76,4.99,4.05,0.42,2.81,9.73,9.86,9.79,10.33,2.15,0.2,-1.43,-1.43,-0.61,1.43,2.45,2.86,3.68,9.92
2013-07-25,600508,9.75,9.83,9.99,9.7,18547,18305147.0,2.97,0.51,0.05,0.26,6.08,4.23,4.02,3.2,5.88,4.12,3.2,-0.41,1.96,2.37,9.73,9.83,9.79,10.25,-0.31,-1.93,-1.93,-1.12,0.92,1.93,2.34,3.15,9.36,5.6
2013-07-26,600508,9.8,9.7,9.8,9.65,12358,12004400.0,1.53,-1.32,-0.13,0.17,4.77,4.56,3.73,6.42,4.66,3.73,0.1,2.49,2.9,3.52,9.74,9.82,9.79,10.17,-0.62,-0.62,0.21,2.27,3.3,3.71,4.54,10.82,7.01,7.84
2013-07-29,600508,9.64,9.47,9.64,9.45,14725,13989608.0,1.96,-2.37,-0.23,0.2,6.77,5.93,8.68,6.88,5.93,2.22,4.66,5.08,5.71,3.7,9.72,9.77,9.78,10.06,1.8,2.64,4.75,5.81,6.23,7.07,13.52,9.61,10.45,19.32
2013-07-30,600508,9.5,9.52,9.64,9.4,15147,14450384.0,2.53,0.53,0.05,0.21,6.49,9.26,7.45,6.49,2.77,5.21,5.64,6.28,4.26,2.55,9.66,9.72,9.77,9.97,2.1,4.2,5.25,5.67,6.51,12.92,9.03,9.87,18.7,17.86
2013-07-31,600508,9.52,9.55,9.72,9.51,9597,9203019.0,2.21,0.32,0.03,0.13,7.99,6.2,5.26,1.58,4.0,4.42,5.05,3.05,1.37,1.37,9.61,9.67,9.76,9.87,3.87,4.92,5.34,6.18,12.57,8.69,9.53,18.32,17.49,18.12
2013-08-01,600508,9.71,9.83,9.92,9.62,20875,20469063.0,3.14,2.93,0.28,0.29,4.99,4.05,0.42,2.81,3.22,3.85,1.87,0.21,0.21,1.04,9.61,9.67,9.75,9.82,1.93,2.34,3.15,9.36,5.6,6.41,14.95,14.14,14.75,11.8
2013-08-02,600508,9.86,9.92,10.02,9.78,28530,28286264.0,2.44,0.92,0.09,0.39,2.35,-1.23,1.12,1.53,2.15,0.2,-1.43,-1.43,-0.61,1.43,9.66,9.7,9.75,9.78,1.41,2.22,8.37,4.64,5.44,13.91,13.1,13.71,10.79,11.79
2013-08-05,600508,9.91,10.03,10.06,9.83,25944,25912092.0,2.32,1.11,0.11,0.36,-1.73,0.61,1.02,1.63,-0.31,-1.93,-1.93,-1.12,0.92,1.93,9.77,9.75,9.79,9.78,1.1,7.18,3.49,4.29,12.66,11.86,12.46,9.57,10.57,7.18
2013-08-06,600508,10.0,10.11,10.14,9.9,30973,31082223.0,2.39,0.8,0.08,0.43,-0.1,0.3,0.91,-1.01,-2.63,-2.63,-1.82,0.2,1.21,1.62,9.89,9.77,9.82,9.78,6.33,2.67,3.46,11.77,10.98,11.57,8.7,9.69,6.33,6.43
2013-08-07,600508,10.1,10.35,10.75,10.03,60851,63083546.0,7.12,2.37,0.24,0.84,-1.0,-0.4,-2.29,-3.89,-3.89,-3.09,-1.1,-0.1,0.3,1.1,10.05,9.83,9.85,9.8,0.29,1.06,9.18,8.41,8.99,6.18,7.15,3.86,3.96,2.9
2013-08-08,600508,10.31,10.22,10.38,10.2,25073,25731504.0,1.74,-1.26,-0.13,0.35,-2.06,-3.92,-5.49,-5.49,-4.71,-2.75,-1.76,-1.37,-0.59,5.39,10.13,9.87,9.85,9.82,2.35,10.57,9.78,10.37,7.53,8.51,5.19,5.28,4.21,3.23
2013-08-09,600508,10.29,10.33,10.46,10.18,35895,36957819.0,2.74,1.08,0.11,0.5,-3.73,-5.3,-5.3,-4.52,-2.55,-1.57,-1.18,-0.39,5.6,1.96,10.21,9.93,9.87,9.84,9.39,8.62,9.2,6.39,7.36,4.07,4.16,3.1,2.13,2.81
2013-08-12,600508,10.34,11.22,11.3,10.34,108480,118200190.0,9.29,8.62,0.89,1.5,-6.77,-6.77,-6.0,-4.06,-3.09,-2.71,-1.93,3.97,0.39,1.16,10.45,10.11,9.94,9.89,0.0,0.53,-2.05,-1.16,-4.19,-4.1,-5.08,-5.97,-5.35,-5.08
2013-08-13,600508,11.22,11.0,11.22,10.84,62287,68474489.0,3.39,-1.96,-0.22,0.86,-11.07,-10.33,-8.49,-7.56,-7.2,-6.46,-0.83,-4.24,-3.51,4.24,10.62,10.26,9.99,9.93,2.55,-0.09,0.82,-2.27,-2.18,-3.18,-4.09,-3.45,-3.18,2.45
2013-08-14,600508,11.01,10.95,11.28,10.9,45194,49981133.0,3.45,-0.45,-0.05,0.63,-10.83,-8.99,-8.07,-7.71,-6.97,-1.38,-4.77,-4.04,3.67,2.94,10.74,10.4,10.03,9.97,0.37,1.28,-1.83,-1.74,-2.74,-3.65,-3.01,-2.74,2.92,9.32
2013-08-15,600508,10.87,10.66,10.99,10.64,36436,39401497.0,3.2,-2.65,-0.29,0.5,-6.77,-5.83,-5.45,-4.7,1.03,-2.44,-1.69,6.2,5.45,6.02,10.83,10.48,10.07,10.0,4.03,0.84,0.94,-0.09,-1.03,-0.38,-0.09,5.72,12.29,7.41
2013-08-16,600508,10.66,10.58,11.09,10.52,39414,42305272.0,5.35,-0.75,-0.08,0.55,-4.75,-4.37,-3.61,2.19,-1.33,-0.57,7.41,6.65,7.22,4.47,10.88,10.55,10.12,10.02,1.61,1.7,0.66,-0.28,0.38,0.66,6.52,13.14,8.22,11.81
2013-08-19,600508,10.55,10.68,10.75,10.39,21582,22880960.0,3.4,0.95,0.1,0.3,-3.18,-2.41,3.46,-0.1,0.67,8.76,7.99,8.57,5.77,6.74,10.77,10.61,10.18,10.06,0.75,-0.28,-1.22,-0.56,-0.28,5.52,12.08,7.21,10.77,9.55
2013-08-20,600508,10.61,10.46,10.76,10.39,26685,28181821.0,3.46,-2.06,-0.22,0.37,-2.41,3.46,-0.1,0.67,8.76,7.99,8.57,5.77,6.74,3.46,10.67,10.65,10.21,10.09,1.82,0.86,1.53,1.82,7.74,14.44,9.46,13.1,11.85,5.83
2013-08-21,600508,10.42,10.54,10.65,10.38,21372,22464533.0,2.58,0.76,0.08,0.3,3.56,0.0,0.77,8.86,8.09,8.67,5.88,6.84,3.56,3.66,10.58,10.66,10.25,10.12,0.09,0.76,1.04,6.93,13.57,8.63,12.24,11.01,5.03,6.17
2013-08-22,600508,10.4,10.39,10.55,10.37,22860,23859667.0,1.71,-1.42,-0.15,0.32,0.1,0.87,8.97,8.2,8.78,5.98,6.94,3.66,3.76,2.7,10.53,10.68,10.28,10.13,2.21,2.5,8.47,15.21,10.2,13.86,12.61,6.54,7.7,5.39
2013-08-23,600508,10.48,10.29,10.62,10.18,23959,24948356.0,4.23,-0.96,-0.1,0.33,2.75,11.0,10.22,10.81,7.96,8.94,5.6,5.7,4.62,3.63,10.47,10.68,10.3,10.14,3.5,9.52,16.33,11.27,14.97,13.7,7.58,8.75,6.41,8.36
2013-08-26,600508,10.35,10.64,10.65,10.3,32929,34728984.0,3.4,3.4,0.35,0.46,9.71,8.93,9.51,6.7,7.67,4.37,4.47,3.4,2.43,3.11,10.46,10.62,10.36,10.16,5.92,12.5,7.61,11.18,9.96,4.04,5.17,2.91,4.79,8.55
2013-08-27,600508,10.59,10.97,11.27,10.59,65337,71869472.0,6.39,3.1,0.33,0.9,5.95,6.52,3.78,4.72,1.51,1.61,0.57,-0.38,0.28,0.57,10.57,10.62,10.44,10.2,9.12,4.38,7.84,6.65,0.91,2.01,-0.18,1.64,5.29,14.04
2013-08-28,600508,10.99,11.64,11.97,10.78,135600,154414062.0,10.85,6.11,0.67,1.88,4.64,1.95,2.88,-0.28,-0.19,-1.21,-2.13,-1.48,-1.21,4.55,10.79,10.69,10.54,10.25,-1.63,1.63,0.52,-4.9,-3.87,-5.93,-4.21,-0.77,7.47,10.74
2013-08-29,600508,11.45,11.24,11.45,11.18,68296,77092999.0,2.32,-3.44,-0.4,0.94,-1.7,-0.81,-3.85,-3.76,-4.74,-5.64,-5.01,-4.74,0.81,7.07,10.96,10.74,10.61,10.3,5.25,4.09,-1.51,-0.44,-2.58,-0.8,2.76,11.3,14.68,11.12
2013-08-30,600508,11.26,11.45,11.83,11.06,81898,93680581.0,6.85,1.87,0.21,1.13,0.27,-2.8,-2.71,-3.71,-4.61,-3.98,-3.71,1.9,8.23,3.53,11.19,10.83,10.69,10.36,2.18,-3.32,-2.27,-4.37,-2.62,0.87,9.26,12.58,9.08,12.58
2013-09-02,600508,11.49,10.91,11.7,10.89,69189,76643144.0,7.07,-4.72,-0.54,0.96,-1.29,-1.19,-2.2,-3.12,-2.48,-2.2,3.49,9.92,5.14,8.63,11.24,10.85,10.73,10.4,1.47,2.57,0.37,2.2,5.87,14.67,18.15,14.48,18.15,11.46
2013-09-03,600508,10.95,11.06,11.07,10.88,31926,35060824.0,1.74,1.37,0.15,0.44,-1.1,-2.11,-3.03,-2.39,-2.11,3.58,10.02,5.24,8.73,7.54,11.26,10.91,10.78,10.44,1.18,-0.99,0.81,4.43,13.11,16.55,12.93,16.55,9.95,8.05
2013-09-04,600508,11.04,11.0,11.19,10.93,41090,45302345.0,2.35,-0.54,-0.06,0.57,-2.56,-3.48,-2.84,-2.56,3.11,9.52,4.76,8.23,7.04,1.28,11.13,10.96,10.81,10.48,-0.45,1.36,5.0,13.73,17.18,13.55,17.18,10.55,8.64,8.0
2013-09-05,600508,10.91,10.88,10.95,10.83,30307,32998319.0,1.09,-1.09,-0.12,0.42,-2.59,-1.94,-1.66,4.06,10.53,5.72,9.23,8.03,2.22,3.32,11.06,11.01,10.84,10.52,2.48,6.16,14.98,18.47,14.8,18.47,11.76,9.83,9.19,11.58
2013-09-06,600508,10.86,11.05,11.15,10.8,44228,48624185.0,3.22,1.56,0.17,0.61,-1.67,-1.39,4.35,10.83,6.02,9.54,8.33,2.5,3.61,1.39,10.98,11.08,10.88,10.56,4.52,13.21,16.65,13.03,16.65,10.05,8.14,7.51,9.86,9.95
2013-09-09,600508,11.06,11.37,11.55,10.97,72291,81611750.0,5.25,2.9,0.32,1.0,-2.92,2.73,9.12,4.38,7.84,6.65,0.91,2.01,-0.18,1.64,11.07,11.16,10.89,10.63,10.03,13.37,9.85,13.37,6.95,5.1,4.49,6.77,6.86,7.3
2013-09-10,600508,11.32,12.51,12.51,11.28,311477,383452464.0,10.82,10.03,1.14,4.31,-0.09,6.12,1.51,4.88,3.72,-1.86,-0.8,-2.93,-1.15,2.39,11.36,11.31,10.96,10.73,3.04,-0.16,3.04,-2.8,-4.48,-5.04,-2.96,-2.88,-2.48,-4.24
2013-09-11,600508,12.89,12.37,12.89,12.15,217169,270390704.0,5.92,-1.12,-0.14,3.0,-1.48,-5.76,-2.63,-3.7,-8.89,-7.9,-9.88,-8.23,-4.94,2.96,11.64,11.38,11.03,10.82,0.97,4.2,-1.7,-3.4,-3.96,-1.86,-1.78,-1.37,-3.15,-3.96
2013-09-12,600508,12.26,12.37,12.49,12.05,97312,119561640.0,3.56,0.0,0.0,1.35,-4.98,-1.83,-2.9,-8.13,-7.14,-9.13,-7.47,-4.15,3.82,6.97,11.93,11.5,11.12,10.91,4.2,-1.7,-3.4,-3.96,-1.86,-1.78,-1.37,-3.15,-3.96,-5.01
2013-09-13,600508,12.28,12.0,12.89,11.89,113611,138366256.0,8.08,-2.99,-0.37,1.57,-0.5,-1.6,-6.9,-5.89,-7.91,-6.22,-2.86,5.21,8.41,5.05,12.12,11.55,11.19,10.98,1.33,-0.42,-1.0,1.17,1.25,1.67,-0.17,-1.0,-2.08,-4.17
2013-09-16,600508,12.0,11.91,12.16,11.7,58101,68791833.0,3.83,-0.75,-0.09,0.8,0.0,-5.38,-4.36,-6.41,-4.7,-1.28,6.92,10.17,6.75,10.17,12.23,11.65,11.25,11.04,0.34,-0.25,1.93,2.02,2.43,0.59,-0.25,-1.34,-3.44,-2.27
2013-09-17,600508,11.9,11.54,11.95,11.5,50821,59287946.0,3.78,-3.11,-0.37,0.7,-3.74,-2.7,-4.78,-3.04,0.43,8.78,12.09,8.61,12.09,5.74,12.04,11.7,11.31,11.09,2.95,5.2,5.29,5.72,3.81,2.95,1.82,-0.35,0.87,0.95
2013-09-18,600508,11.54,11.76,11.88,11.46,35123,40808858.0,3.64,1.91,0.22,0.49,-2.36,-4.45,-2.71,0.79,9.16,12.48,8.99,12.48,6.11,4.28,11.92,11.78,11.37,11.13,3.23,3.32,3.74,1.87,1.02,-0.09,-2.21,-1.02,-0.94,-0.09
2013-09-23,600508,11.88,12.11,12.14,11.79,60928,73240065.0,2.98,2.98,0.35,0.84,-7.12,-5.43,-2.04,6.11,9.33,5.94,9.33,3.14,1.36,0.76,11.86,11.9,11.45,11.2,0.33,0.74,-1.07,-1.9,-2.97,-5.04,-3.88,-3.8,-2.97,-2.23
2013-09-24,600508,12.15,12.05,12.15,11.8,55129,65881012.0,2.89,-0.5,-0.06,0.76,-5.51,-2.12,6.02,9.24,5.85,9.24,3.05,1.27,0.68,2.88,11.87,12.0,11.54,11.25,1.24,-0.58,-1.41,-2.49,-4.56,-3.4,-3.32,-2.49,-1.74,-1.99
2013-09-25,600508,12.2,11.92,12.2,11.76,45446,54170278.0,3.65,-1.08,-0.13,0.63,-1.79,6.38,9.61,6.21,9.61,3.4,1.62,1.02,3.23,3.32,11.88,12.05,11.61,11.28,0.5,-0.34,-1.43,-3.52,-2.35,-2.27,-1.43,-0.67,-0.92,-1.17
2013-09-26,600508,11.76,11.7,11.98,11.6,36947,43605925.0,3.19,-1.85,-0.22,0.51,7.84,11.12,7.67,11.12,4.83,3.02,2.41,4.66,4.74,5.17,11.91,11.97,11.64,11.3,1.54,0.43,-1.71,-0.51,-0.43,0.43,1.2,0.94,0.68,1.11
2013-09-27,600508,11.62,11.57,11.88,11.47,39016,45527646.0,3.5,-1.11,-0.13,0.54,12.38,8.89,12.38,6.02,4.18,3.57,5.84,5.93,6.36,4.45,11.87,11.89,11.64,11.32,1.56,-0.61,0.61,0.69,1.56,2.33,2.07,1.82,2.25,-0.69
2013-09-30,600508,11.6,11.53,11.75,11.32,30894,35310074.0,3.72,-0.35,-0.04,0.43,10.34,13.87,7.42,5.57,4.95,7.24,7.33,7.77,5.83,4.95,11.75,11.81,11.65,11.35,-0.26,0.95,1.04,1.91,2.69,2.43,2.17,2.6,-0.35,3.21
2013-10-08,600508,11.41,11.44,11.5,11.18,34235,38817170.0,2.78,-0.78,-0.09,0.47,15.3,8.77,6.89,6.26,8.59,8.68,9.12,7.16,6.26,5.1,11.63,11.75,11.65,11.38,1.75,1.84,2.71,3.5,3.23,2.97,3.41,0.44,4.02,2.1
2013-10-09,600508,11.45,11.54,11.64,11.32,27892,31945556.0,2.8,0.87,0.1,0.39,7.42,5.57,4.95,7.24,7.33,7.77,5.83,4.95,3.8,1.59,11.56,11.72,11.68,11.41,0.95,1.82,2.6,2.34,2.08,2.51,-0.43,3.12,1.21,0.43
2013-10-10,600508,11.55,11.39,11.65,11.28,33171,37793186.0,3.21,-1.3,-0.15,0.46,5.94,5.32,7.62,7.71,8.16,6.21,5.32,4.17,1.95,3.19,11.49,11.7,11.7,11.44,3.16,3.95,3.69,3.42,3.86,0.88,4.48,2.55,1.76,-2.11
2013-10-11,600508,11.48,11.72,11.75,11.33,60285,70061444.0,3.69,2.9,0.33,0.83,4.85,7.15,7.24,7.68,5.74,4.85,3.71,1.5,2.74,2.82,11.52,11.7,11.74,11.48,1.02,0.77,0.51,0.94,-1.96,1.54,-0.34,-1.11,-4.86,-7.0
2013-10-14,600508,11.75,11.79,11.84,11.62,44959,52848618.0,1.88,0.6,0.07,0.62,4.48,4.56,4.99,3.1,2.24,1.12,-1.03,0.17,0.26,1.12,11.58,11.67,11.78,11.52,0.17,-0.08,0.34,-2.54,0.93,-0.93,-1.7,-5.43,-7.55,-11.45
2013-10-15,600508,11.8,11.69,11.81,11.54,39045,45469579.0,2.29,-0.85,-0.1,0.54,5.29,5.72,3.81,2.95,1.82,-0.35,0.87,0.95,1.82,2.6,11.63,11.63,11.81,11.57,0.77,1.2,-1.71,1.8,-0.09,-0.86,-4.62,-6.76,-10.69,-10.69
2013-10-16,600508,11.77,11.33,11.78,11.28,36999,42582455.0,4.28,-3.08,-0.36,0.51,8.16,6.21,5.32,4.17,1.95,3.19,3.28,4.17,4.96,4.7,11.58,11.57,11.81,11.59,4.41,1.41,5.03,3.09,2.29,-1.59,-3.8,-7.86,-7.86,-9.27
2013-10-17,600508,11.36,11.47,11.83,11.2,55526,64084815.0,5.56,1.24,0.14,0.77,6.96,6.07,4.91,2.68,3.93,4.02,4.91,5.71,5.45,5.18,11.6,11.55,11.76,11.61,0.17,3.75,1.83,1.05,-2.79,-4.97,-8.98,-8.98,-10.37,-10.2
2013-10-18,600508,11.49,11.35,11.49,11.21,22883,25840875.0,2.44,-1.05,-0.12,0.32,5.98,4.82,2.59,3.84,3.93,4.82,5.62,5.35,5.08,5.53,11.53,11.53,11.71,11.6,4.85,2.91,2.11,-1.76,-3.96,-8.02,-8.02,-9.43,-9.25,-9.43
2013-10-21,600508,11.27,11.51,11.9,11.27,41672,48103667.0,5.55,1.41,0.16,0.58,4.26,2.04,3.28,3.37,4.26,5.06,4.79,4.53,4.97,1.95,11.47,11.52,11.67,11.61,1.48,0.7,-3.13,-5.3,-9.3,-9.3,-10.69,-10.51,-10.69,-10.51
2013-10-22,600508,11.62,11.45,11.68,11.34,48885,56263593.0,2.95,-0.52,-0.06,0.68,1.41,2.65,2.73,3.62,4.41,4.14,3.88,4.32,1.32,4.94,11.42,11.52,11.64,11.61,1.22,-2.62,-4.8,-8.82,-8.82,-10.22,-10.04,-10.22,-10.04,-11.62
2013-10-23,600508,11.59,11.17,11.59,11.05,57278,64872100.0,4.72,-2.45,-0.28,0.79,5.34,5.43,6.33,7.15,6.88,6.61,7.06,3.98,7.69,5.7,11.39,11.49,11.6,11.62,-0.18,-2.42,-6.54,-6.54,-7.97,-7.79,-7.97,-7.79,-9.4,-7.88
2013-10-24,600508,11.15,10.83,11.15,10.78,43368,47414264.0,3.31,-3.04,-0.34,0.6,8.07,9.0,9.83,9.55,9.28,9.74,6.59,10.39,8.35,7.51,11.26,11.43,11.57,11.61,0.65,-3.6,-3.6,-5.08,-4.89,-5.08,-4.89,-6.56,-4.99,-6.19
2013-10-25,600508,10.84,10.48,10.9,10.4,30292,32092760.0,4.62,-3.23,-0.35,0.42,12.98,13.85,13.56,13.27,13.75,10.48,14.42,12.31,11.44,7.21,11.09,11.31,11.5,11.59,-0.38,-0.38,-1.91,-1.72,-1.91,-1.72,-3.44,-1.81,-3.05,-4.1
2013-10-28,600508,10.38,10.22,10.44,10.16,28125,28852923.0,2.67,-2.48,-0.26,0.39,16.54,16.24,15.94,16.44,13.09,17.13,14.96,14.07,9.74,7.28,10.83,11.15,11.41,11.57,2.15,0.59,0.78,0.59,0.78,-0.98,0.68,-0.59,-1.66,-3.13
2013-10-29,600508,10.25,10.06,10.44,9.89,34160,34639166.0,5.38,-1.57,-0.16,0.47,19.41,19.11,19.62,16.18,20.32,18.1,17.19,12.74,10.21,5.56,10.55,10.99,11.31,11.54,2.19,2.39,2.19,2.39,0.6,2.29,0.99,-0.1,-1.59,0.89
2013-10-30,600508,10.06,10.23,10.28,10.0,24219,24665739.0,2.78,1.69,0.17,0.34,17.8,18.3,14.9,19.0,16.8,15.9,11.5,9.0,4.4,4.4,10.36,10.88,11.22,11.5,0.68,0.49,0.68,-1.08,0.59,-0.68,-1.76,-3.23,-0.78,-1.66
2013-10-31,600508,10.23,10.15,10.3,10.12,17712,18015140.0,1.76,-0.78,-0.08,0.25,16.9,13.54,17.59,15.42,14.53,10.18,7.71,3.16,3.16,1.58,10.23,10.75,11.15,11.42,1.28,1.48,-0.3,1.38,0.1,-0.99,-2.46,0.0,-0.89,-1.48
2013-11-01,600508,10.17,10.25,10.28,10.11,16053,16411453.0,1.67,0.99,0.1,0.22,13.65,17.71,15.53,14.64,10.29,7.81,3.26,3.26,1.68,1.88,10.18,10.64,11.08,11.35,0.49,-1.27,0.39,-0.88,-1.95,-3.41,-0.98,-1.85,-2.44,-0.1
2013-11-04,600508,10.26,10.15,10.3,10.13,12894,13173752.0,1.66,-0.98,-0.1,0.18,17.47,15.3,14.41,10.07,7.6,3.06,3.06,1.48,1.68,1.48,10.17,10.5,11.01,11.28,-0.3,1.38,0.1,-0.99,-2.46,0.0,-0.89,-1.48,0.89,1.77
2013-11-05,600508,10.1,10.1,10.12,9.93,19237,19260851.0,1.87,-0.49,-0.05,0.27,17.62,16.72,12.29,9.77,5.14,5.14,3.52,3.73,3.52,3.73,10.18,10.36,10.94,11.21,1.88,0.59,-0.5,-1.98,0.5,-0.4,-0.99,1.39,2.28,2.18
2013-11-06,600508,10.0,10.12,10.29,9.96,30322,30604293.0,3.27,0.2,0.02,0.42,16.37,11.95,9.44,4.82,4.82,3.21,3.41,3.21,3.41,1.61,10.15,10.26,10.87,11.15,0.4,-0.69,-2.17,0.3,-0.59,-1.19,1.19,2.08,1.98,2.27
2013-11-07,600508,10.08,9.99,10.16,9.97,18815,18885073.0,1.88,-1.28,-0.13,0.26,11.84,9.33,4.71,4.71,3.11,3.31,3.11,3.31,1.5,3.21,10.12,10.18,10.8,11.1,0.6,-0.9,1.6,0.7,0.1,2.5,3.4,3.3,3.6,4.9
2013-11-08,600508,9.98,9.82,10.05,9.81,16754,16669105.0,2.4,-1.7,-0.17,0.23,11.11,6.42,6.42,4.79,4.99,4.79,4.99,3.16,4.89,3.57,10.04,10.11,10.71,11.04,0.81,3.36,2.44,1.83,4.28,5.19,5.09,5.4,6.72,6.31
2013-11-11,600508,9.8,9.87,9.9,9.76,12117,11928890.0,1.43,0.51,0.05,0.17,6.97,6.97,5.33,5.53,5.33,5.53,3.69,5.43,4.1,2.97,9.98,10.07,10.61,10.96,2.84,1.93,1.32,3.75,4.66,4.56,4.86,6.18,5.78,4.15
2013-11-12,600508,9.9,10.08,10.15,9.84,23351,23420840.0,3.14,2.13,0.21,0.32,6.1,4.47,4.67,4.47,4.67,2.85,4.57,3.25,2.13,0.61,9.98,10.08,10.53,10.9,-0.2,-0.79,1.59,2.48,2.38,2.68,3.97,3.57,1.98,1.49
2013-11-13,600508,10.06,9.81,10.06,9.79,17021,16898923.0,2.68,-2.68,-0.27,0.24,5.01,5.21,5.01,5.21,3.37,5.11,3.78,2.66,1.12,3.68,9.91,10.03,10.46,10.83,1.94,4.38,5.3,5.2,5.5,6.83,6.42,4.79,4.28,4.38
2013-11-14,600508,9.92,9.9,10.0,9.8,13963,13846003.0,2.04,0.92,0.09,0.19,5.1,4.9,5.1,3.27,5.0,3.67,2.55,1.02,3.57,2.65,9.9,10.01,10.38,10.77,3.43,4.34,4.24,4.55,5.86,5.45,3.84,3.33,3.43,6.77
2013-11-15,600508,9.95,10.15,10.24,9.9,30356,30742900.0,3.43,2.53,0.25,0.42,3.84,4.04,2.22,3.94,2.63,1.52,0.0,2.53,1.62,1.01,9.96,10.0,10.32,10.72,1.77,1.67,1.97,3.25,2.86,1.28,0.79,0.89,4.14,3.05
2013-11-18,600508,10.19,10.32,10.33,10.15,38432,39409556.0,1.77,1.67,0.17,0.53,1.48,-0.3,1.38,0.1,-0.99,-2.46,0.0,-0.89,-1.48,0.89,10.05,10.02,10.26,10.68,0.0,0.29,1.55,1.16,-0.39,-0.87,-0.78,2.42,1.36,-0.1
2013-11-19,600508,10.3,10.24,10.32,10.19,26131,26795114.0,1.26,-0.78,-0.08,0.36,-0.69,0.98,-0.29,-1.37,-2.85,-0.39,-1.28,-1.86,0.49,1.37,10.08,10.03,10.2,10.64,1.07,2.34,1.95,0.39,-0.1,0.0,3.22,2.15,0.68,0.0
2013-11-20,600508,10.27,10.27,10.35,10.18,20045,20542241.0,1.66,0.29,0.03,0.28,1.08,-0.2,-1.28,-2.75,-0.29,-1.18,-1.77,0.59,1.47,1.38,10.18,10.05,10.15,10.6,2.04,1.66,0.1,-0.39,-0.29,2.92,1.85,0.39,-0.29,2.14
2013-11-21,600508,10.22,10.38,10.48,10.17,41505,43081055.0,3.02,1.07,0.11,0.57,-0.1,-1.18,-2.65,-0.2,-1.08,-1.67,0.69,1.57,1.47,1.77,10.27,10.08,10.13,10.56,0.58,-0.96,-1.45,-1.35,1.83,0.77,-0.67,-1.35,1.06,1.06
2013-11-22,600508,10.4,10.28,10.44,10.18,25190,25987445.0,2.5,-0.96,-0.1,0.35,-1.28,-2.75,-0.29,-1.18,-1.77,0.59,1.47,1.38,1.67,2.95,10.3,10.13,10.12,10.52,0.0,-0.49,-0.39,2.82,1.75,0.29,-0.39,2.04,2.04,4.09
2013-11-25,600508,10.2,10.14,10.28,10.13,22375,22823178.0,1.46,-1.36,-0.14,0.31,-2.27,0.2,-0.69,-1.28,1.09,1.97,1.88,2.17,3.46,3.06,10.26,10.16,10.12,10.46,0.89,0.99,4.24,3.16,1.68,0.99,3.45,3.45,5.52,6.8
2013-11-26,600508,10.12,10.14,10.23,10.08,15160,15372488.0,1.48,0.0,0.0,0.21,0.69,-0.2,-0.79,1.59,2.48,2.38,2.68,3.97,3.57,1.98,10.24,10.16,10.12,10.41,0.99,4.24,3.16,1.68,0.99,3.45,3.45,5.52,6.8,8.28
2013-11-27,600508,10.13,10.23,10.24,10.07,25618,26076313.0,1.68,0.89,0.09,0.35,-0.1,-0.7,1.69,2.58,2.48,2.78,4.07,3.67,2.09,1.59,10.23,10.21,10.12,10.37,3.32,2.25,0.78,0.1,2.54,2.54,4.59,5.87,7.33,4.59
2013-11-28,600508,10.36,10.45,10.57,10.36,64926,68145988.0,2.05,2.15,0.22,0.9,-3.47,-1.16,-0.29,-0.39,-0.1,1.16,0.77,-0.77,-1.25,-1.16,10.25,10.26,10.13,10.34,0.1,-1.34,-2.01,0.38,0.38,2.39,3.64,5.07,2.39,1.44
2013-11-29,600508,10.44,10.39,10.46,10.35,26524,27581973.0,1.05,-0.57,-0.06,0.37,-1.06,-0.19,-0.29,0.0,1.26,0.87,-0.68,-1.16,-1.06,2.13,10.27,10.28,10.14,10.31,-0.77,-1.44,0.96,0.96,2.98,4.23,5.68,2.98,2.02,1.06
2013-12-02,600508,10.21,10.05,10.31,10.0,35922,36380473.0,2.98,-3.27,-0.34,0.5,3.3,3.2,3.5,4.8,4.4,2.8,2.3,2.4,5.7,4.6,10.25,10.26,10.14,10.26,1.89,4.38,4.38,6.47,7.76,9.25,6.47,5.47,4.48,3.78
2013-12-03,600508,10.05,10.18,10.24,10.01,24490,24840971.0,2.29,1.29,0.13,0.34,3.1,3.4,4.7,4.3,2.7,2.2,2.3,5.59,4.5,3.0,10.26,10.25,10.14,10.21,3.05,3.05,5.11,6.39,7.86,5.11,4.13,3.14,2.46,-0.2
2013-12-04,600508,10.18,10.41,10.49,10.05,46875,48619079.0,4.32,2.26,0.23,0.65,2.99,4.28,3.88,2.29,1.79,1.89,5.17,4.08,2.59,1.89,10.3,10.27,10.15,10.19,0.77,2.79,4.03,5.48,2.79,1.83,0.86,0.19,-2.4,-2.4
2013-12-05,600508,10.41,10.39,10.49,10.35,27657,28783711.0,1.34,-0.19,-0.02,0.38,1.26,0.87,-0.68,-1.16,-1.06,2.13,1.06,-0.39,-1.06,1.35,10.28,10.27,10.17,10.17,2.98,4.23,5.68,2.98,2.02,1.06,0.38,-2.21,-2.21,-1.64
2013-12-06,600508,10.37,10.59,10.7,10.33,54646,57706765.0,3.56,1.92,0.2,0.76,1.06,-0.48,-0.97,-0.87,2.32,1.26,-0.19,-0.87,1.55,1.55,10.32,10.3,10.21,10.18,2.27,3.68,1.04,0.09,-0.85,-1.51,-4.06,-4.06,-3.49,-4.63
2013-12-09,600508,10.64,10.71,10.83,10.51,43517,46456300.0,3.02,1.13,0.12,0.6,-2.19,-2.66,-2.57,0.57,-0.48,-1.9,-2.57,-0.19,-0.19,1.81,10.46,10.35,10.26,10.19,2.52,-0.09,-1.03,-1.96,-2.61,-5.14,-5.14,-4.58,-5.7,-7.28
2013-12-10,600508,10.76,10.78,10.98,10.71,74790,81282156.0,2.52,0.65,0.07,1.03,-4.48,-4.39,-1.31,-2.33,-3.73,-4.39,-2.05,-2.05,-0.09,1.12,10.58,10.42,10.29,10.22,-0.74,-1.67,-2.6,-3.25,-5.75,-5.75,-5.19,-6.31,-7.88,-8.26
2013-12-11,600508,10.7,10.54,10.7,10.37,43130,45296870.0,3.06,-2.23,-0.24,0.6,-1.25,1.93,0.87,-0.58,-1.25,1.16,1.16,3.18,4.44,5.88,10.6,10.45,10.33,10.23,0.57,-0.38,-1.04,-3.61,-3.61,-3.04,-4.17,-5.79,-6.17,-5.12
2013-12-12,600508,10.5,10.47,10.6,10.36,30711,32095677.0,2.28,-0.66,-0.07,0.42,2.03,0.97,-0.48,-1.16,1.25,1.25,3.28,4.54,5.98,3.28,10.62,10.45,10.36,10.24,0.29,-0.38,-2.96,-2.96,-2.39,-3.53,-5.16,-5.54,-4.49,-4.78
2013-12-13,600508,10.41,10.37,10.5,10.37,31089,32356688.0,1.24,-0.96,-0.1,0.43,0.87,-0.58,-1.25,1.16,1.16,3.18,4.44,5.88,3.18,2.22,10.57,10.45,10.37,10.24,0.58,-2.03,-2.03,-1.45,-2.6,-4.24,-4.63,-3.57,-3.86,-1.64
2013-12-16,600508,10.37,10.08,10.43,10.05,34305,34904706.0,3.66,-2.8,-0.29,0.47,2.59,1.89,4.38,4.38,6.47,7.76,9.25,6.47,5.47,4.48,10.45,10.45,10.35,10.24,0.79,0.79,1.39,0.2,-1.49,-1.88,-0.79,-1.09,1.19,-0.1
2013-12-17,600508,10.08,10.12,10.16,10.02,17528,17712799.0,1.39,0.4,0.04,0.24,2.2,4.69,4.69,6.79,8.08,9.58,6.79,5.79,4.79,4.09,10.32,10.45,10.35,10.24,0.4,0.99,-0.2,-1.88,-2.27,-1.19,-1.48,0.79,-0.49,-0.59
2013-12-18,600508,10.08,10.09,10.16,10.07,18828,19023353.0,0.89,-0.3,-0.03,0.26,4.17,4.17,6.26,7.55,9.04,6.26,5.26,4.27,3.57,0.89,10.23,10.41,10.34,10.24,1.29,0.1,-1.59,-1.98,-0.89,-1.19,1.09,-0.2,-0.3,-2.18
2013-12-19,600508,10.16,10.05,10.22,10.05,21285,21534446.0,1.68,-0.4,-0.04,0.29,4.38,6.47,7.76,9.25,6.47,5.47,4.48,3.78,1.09,1.09,10.14,10.38,10.32,10.24,0.5,-1.19,-1.59,-0.5,-0.8,1.49,0.2,0.1,-1.79,-5.27
2013-12-20,600508,10.05,9.95,10.1,9.8,30562,30298904.0,2.99,-1.0,-0.1,0.42,9.18,10.51,12.04,9.18,8.16,7.14,6.43,3.67,3.67,4.29,10.06,10.32,10.31,10.25,-0.2,-0.6,0.5,0.2,2.51,1.21,1.11,-0.8,-4.32,-5.93
2013-12-23,600508,9.93,9.84,9.93,9.75,15035,14777129.0,1.81,-1.11,-0.11,0.21,11.08,12.62,9.74,8.72,7.69,6.97,4.21,4.21,4.82,3.59,10.01,10.23,10.29,10.25,0.51,1.63,1.32,3.66,2.34,2.24,0.3,-3.25,-4.88,-7.83
2013-12-24,600508,9.89,9.88,9.89,9.78,16912,16635863.0,1.12,0.41,0.04,0.23,12.27,9.41,8.38,7.36,6.65,3.89,3.89,4.5,3.27,1.53,9.96,10.14,10.28,10.24,1.21,0.91,3.24,1.92,1.82,-0.1,-3.64,-5.26,-8.2,-8.3
2013-12-25,600508,9.85,9.96,10.0,9.78,16777,16547174.0,2.23,0.81,0.08,0.23,9.41,8.38,7.36,6.65,3.89,3.89,4.5,3.27,1.53,1.12,9.94,10.08,10.26,10.24,0.1,2.41,1.1,1.0,-0.9,-4.42,-6.02,-8.94,-9.04,-10.24
2013-12-26,600508,9.96,9.84,9.97,9.66,22166,21693073.0,3.11,-1.2,-0.12,0.31,9.73,8.7,7.97,5.18,5.18,5.8,4.55,2.8,2.38,3.52,9.89,10.02,10.23,10.24,3.66,2.34,2.24,0.3,-3.25,-4.88,-7.83,-7.93,-9.15,-11.48
2013-12-27,600508,9.79,9.98,10.2,9.75,24364,24373146.0,4.57,1.42,0.14,0.34,7.69,6.97,4.21,4.21,4.82,3.59,1.85,1.44,2.56,2.26,9.9,9.98,10.21,10.24,0.9,0.8,-1.1,-4.61,-6.21,-9.12,-9.22,-10.42,-12.73,-13.43
2013-12-30,600508,9.94,9.86,10.07,9.85,12102,11995861.0,2.2,-1.2,-0.12,0.17,5.89,3.15,3.15,3.76,2.54,0.81,0.41,1.52,1.22,3.55,9.9,9.96,10.2,10.22,2.03,0.1,-3.45,-5.07,-8.01,-8.11,-9.33,-11.66,-12.37,-12.07
2013-12-31,600508,9.85,9.91,10.06,9.76,20911,20681963.0,3.04,0.51,0.05,0.29,4.1,4.1,4.71,3.48,1.74,1.33,2.46,2.15,4.51,3.18,9.91,9.94,10.19,10.21,-0.4,-3.94,-5.55,-8.48,-8.58,-9.79,-12.11,-12.82,-12.51,-12.51
2014-01-02,600508,9.82,9.55,9.87,9.45,61049,58558097.0,4.24,-3.63,-0.36,0.84,7.51,8.15,6.88,5.08,4.66,5.82,5.5,7.94,6.56,6.46,9.83,9.88,10.15,10.19,-0.31,-1.99,-5.03,-5.13,-6.39,-8.8,-9.53,-9.21,-9.21,-7.85
2014-01-03,600508,9.5,9.36,9.52,9.33,26722,25085242.0,1.99,-1.99,-0.19,0.37,9.54,8.25,6.43,6.0,7.18,6.86,9.32,7.93,7.82,5.79,9.73,9.81,10.1,10.15,0.0,-3.1,-3.21,-4.49,-6.94,-7.69,-7.37,-7.37,-5.98,-6.73
2014-01-06,600508,9.32,9.0,9.36,8.98,28375,25819740.0,4.06,-3.85,-0.36,0.39,12.47,10.58,10.13,11.36,11.02,13.59,12.14,12.03,9.91,6.01,9.54,9.72,10.02,10.11,0.78,0.67,-0.67,-3.22,-4.0,-3.67,-3.67,-2.22,-3.0,-5.33
2014-01-07,600508,9.0,9.02,9.07,8.94,14498,13047188.0,1.44,0.22,0.02,0.2,11.07,10.63,11.86,11.52,14.09,12.64,12.53,10.4,6.49,4.7,9.37,9.64,9.93,10.07,0.44,-0.89,-3.44,-4.21,-3.88,-3.88,-2.44,-3.22,-5.54,-5.54
2014-01-08,600508,9.0,8.88,9.06,8.88,18626,16668878.0,2.0,-1.55,-0.14,0.26,11.37,12.61,12.27,14.86,13.4,13.29,11.15,7.21,5.41,2.14,9.16,9.54,9.84,10.03,0.68,-1.91,-2.7,-2.36,-2.36,-0.9,-1.69,-4.05,-4.05,-1.8
2014-01-09,600508,8.88,8.71,8.94,8.7,17096,15117776.0,2.7,-1.91,-0.17,0.24,14.94,14.6,17.24,15.75,15.63,13.45,9.43,7.59,4.25,4.14,8.99,9.41,9.75,9.98,0.0,-0.8,-0.46,-0.46,1.03,0.23,-2.18,-2.18,0.11,0.11
2014-01-10,600508,8.71,8.53,8.71,8.5,23710,20328315.0,2.41,-2.07,-0.18,0.33,17.29,20.0,18.47,18.35,16.12,12.0,10.12,6.71,6.59,5.18,8.83,9.28,9.65,9.92,1.29,1.64,1.64,3.17,2.34,-0.12,-0.12,2.23,2.23,3.75
2014-01-13,600508,8.53,8.56,8.64,8.5,15094,12919986.0,1.64,0.35,0.03,0.21,20.0,18.47,18.35,16.12,12.0,10.12,6.71,6.59,5.18,2.47,8.74,9.14,9.56,9.86,1.29,1.29,2.8,1.99,-0.47,-0.47,1.87,1.87,3.39,2.57
2014-01-14,600508,8.56,8.61,8.67,8.5,16376,14060956.0,1.99,0.58,0.05,0.23,18.47,18.35,16.12,12.0,10.12,6.71,6.59,5.18,2.47,1.65,8.66,9.01,9.48,9.81,0.7,2.21,1.39,-1.05,-1.05,1.28,1.28,2.79,1.97,1.51
2014-01-15,600508,8.61,8.62,8.67,8.58,13281,11447251.0,1.05,0.12,0.01,0.18,17.25,15.03,10.96,9.09,5.71,5.59,4.2,1.52,0.7,1.05,8.61,8.88,9.41,9.76,2.09,1.28,-1.16,-1.16,1.16,1.16,2.67,1.86,1.39,-0.46
2014-01-16,600508,8.61,8.73,8.8,8.58,15915,13847859.0,2.55,1.28,0.11,0.22,15.03,10.96,9.09,5.71,5.59,4.2,1.52,0.7,1.05,1.05,8.61,8.8,9.34,9.7,0.0,-2.41,-2.41,-0.11,-0.11,1.37,0.57,0.11,-1.72,-2.41
2014-01-17,600508,8.73,8.5,8.73,8.5,16763,14380392.0,2.63,-2.63,-0.23,0.23,12.0,10.12,6.71,6.59,5.18,2.47,1.65,2.0,2.0,3.53,8.6,8.72,9.26,9.64,0.24,0.24,2.59,2.59,4.12,3.29,2.82,0.94,0.24,0.47
2014-01-20,600508,8.5,8.39,8.52,8.38,13666,11496421.0,1.65,-1.29,-0.11,0.19,11.69,8.23,8.11,6.68,3.94,3.1,3.46,3.46,5.01,4.18,8.57,8.66,9.19,9.56,1.55,3.93,3.93,5.48,4.65,4.17,2.26,1.55,1.79,4.05
2014-01-21,600508,8.4,8.51,8.52,8.4,13871,11742081.0,1.43,1.43,0.12,0.19,7.98,7.86,6.43,3.69,2.86,3.21,3.21,4.76,3.93,1.43,8.55,8.6,9.12,9.49,2.47,2.47,4.0,3.17,2.7,0.82,0.12,0.35,2.59,5.29
2014-01-22,600508,8.5,8.69,8.72,8.47,20534,17767261.0,2.94,2.12,0.18,0.28,6.97,5.55,2.83,2.01,2.36,2.36,3.9,3.07,0.59,0.59,8.56,8.59,9.06,9.42,0.35,1.84,1.04,0.58,-1.27,-1.96,-1.73,0.46,3.11,2.42
2014-01-23,600508,8.69,8.68,8.72,8.62,14649,12703915.0,1.15,-0.12,-0.01,0.2,3.71,1.04,0.23,0.58,0.58,2.09,1.28,-1.16,-1.16,1.16,8.55,8.58,9.0,9.36,1.96,1.15,0.69,-1.15,-1.84,-1.61,0.58,3.23,2.53,2.88
2014-01-24,600508,8.67,8.78,8.85,8.61,16755,14689920.0,2.76,1.15,0.1,0.23,1.16,0.35,0.7,0.7,2.21,1.39,-1.05,-1.05,1.28,1.28,8.61,8.61,8.94,9.3,0.0,-0.46,-2.28,-2.96,-2.73,-0.57,2.05,1.37,1.71,4.21
2014-01-27,600508,8.72,8.69,8.78,8.62,18376,15964635.0,1.82,-1.03,-0.09,0.25,0.23,0.58,0.58,2.09,1.28,-1.16,-1.16,1.16,1.16,2.67,8.67,8.62,8.88,9.25,0.58,-1.27,-1.96,-1.73,0.46,3.11,2.42,2.76,5.29,7.59
2014-01-28,600508,8.69,8.51,8.74,8.5,20839,17970925.0,2.76,-2.07,-0.18,0.29,2.0,2.0,3.53,2.71,0.24,0.24,2.59,2.59,4.12,3.29,8.67,8.61,8.81,9.19,0.82,0.12,0.35,2.59,5.29,4.58,4.94,7.52,9.87,8.34
2014-01-29,600508,8.58,8.55,8.58,8.47,19200,16352882.0,1.29,0.47,0.04,0.27,2.36,3.9,3.07,0.59,0.59,2.95,2.95,4.49,3.66,3.19,8.64,8.6,8.74,9.14,-0.35,-0.12,2.11,4.8,4.09,4.44,7.02,9.36,7.84,16.14
2014-01-30,600508,8.51,8.48,8.52,8.42,9365,7938169.0,1.17,-0.82,-0.07,0.13,4.51,3.68,1.19,1.19,3.56,3.56,5.11,4.28,3.8,1.9,8.6,8.58,8.69,9.09,0.71,2.95,5.66,4.95,5.31,7.9,10.26,8.73,17.1,10.26
2014-02-07,600508,8.47,8.53,8.54,8.41,8082,6851709.0,1.53,0.59,0.05,0.11,3.8,1.31,1.31,3.69,3.69,5.23,4.4,3.92,2.02,1.31,8.55,8.58,8.65,9.04,2.34,5.04,4.34,4.69,7.27,9.61,8.09,16.41,9.61,7.03
2014-02-10,600508,8.52,8.73,8.73,8.52,24172,20979234.0,2.46,2.34,0.2,0.33,0.0,0.0,2.35,2.35,3.87,3.05,2.58,0.7,0.0,0.23,8.56,8.62,8.63,9.0,2.63,1.95,2.29,4.81,7.1,5.61,13.75,7.1,4.58,1.83
2014-02-11,600508,8.77,8.93,8.96,8.66,37111,32770052.0,3.44,2.29,0.2,0.51,-1.62,0.69,0.69,2.19,1.39,0.92,-0.92,-1.62,-1.39,0.81,8.64,8.66,8.63,8.97,-0.34,0.0,2.46,4.7,3.25,11.2,4.7,2.24,-0.45,-2.02
2014-02-12,600508,8.9,8.88,8.9,8.78,29177,25801896.0,1.34,-0.56,-0.05,0.4,-0.68,-0.68,0.8,0.0,-0.46,-2.28,-2.96,-2.73,-0.57,2.05,8.71,8.68,8.63,8.93,0.56,3.04,5.29,3.83,11.82,5.29,2.82,0.11,-1.46,-3.83
2014-02-13,600508,8.85,8.82,8.93,8.81,25560,22668016.0,1.35,-0.68,-0.06,0.35,-1.02,0.45,-0.34,-0.79,-2.61,-3.29,-3.06,-0.91,1.7,1.02,8.78,8.69,8.64,8.89,3.74,6.01,4.54,12.59,6.01,3.51,0.79,-0.79,-3.17,-2.61
2014-02-14,600508,8.83,9.14,9.15,8.78,50336,45182750.0,4.2,3.63,0.32,0.7,0.8,0.0,-0.46,-2.28,-2.96,-2.73,-0.57,2.05,1.37,1.71,8.9,8.73,8.67,8.87,2.3,0.88,8.64,2.3,-0.11,-2.74,-4.27,-6.56,-6.02,-6.46
2014-02-17,600508,9.15,9.2,9.35,9.07,52605,48168457.0,3.06,0.66,0.06,0.73,-3.2,-3.64,-5.4,-6.06,-5.84,-3.75,-1.21,-1.87,-1.54,0.88,8.99,8.78,8.7,8.84,0.22,7.93,1.63,-0.76,-3.37,-4.89,-7.17,-6.63,-7.07,-5.98
2014-02-18,600508,9.15,9.15,9.22,8.98,54386,49429100.0,2.61,-0.54,-0.05,0.75,-2.67,-4.45,-5.12,-4.9,-2.78,-0.22,-0.89,-0.56,1.89,4.12,9.04,8.84,8.73,8.82,8.52,2.19,-0.22,-2.84,-4.37,-6.67,-6.12,-6.56,-5.46,-6.23
2014-02-19,600508,9.93,9.28,9.93,9.14,65498,61236770.0,8.63,1.42,0.13,0.91,-6.13,-6.78,-6.56,-4.49,-1.97,-2.63,-2.3,0.11,2.3,0.88,9.12,8.91,8.76,8.8,0.75,-1.62,-4.2,-5.71,-7.97,-7.44,-7.87,-6.79,-7.54,-5.93
2014-02-20,600508,9.3,9.15,9.35,9.12,38549,35584269.0,2.48,-1.4,-0.13,0.53,-6.58,-6.36,-4.28,-1.75,-2.41,-2.08,0.33,2.52,1.1,8.88,9.18,8.98,8.78,8.79,-0.22,-2.84,-4.37,-6.67,-6.12,-6.56,-5.46,-6.23,-4.59,-6.23
2014-02-21,600508,9.13,8.92,9.13,8.89,29830,26759640.0,2.62,-2.51,-0.23,0.41,-3.94,-1.8,0.79,0.11,0.45,2.92,5.17,3.71,11.7,5.17,9.14,9.02,8.8,8.77,-0.34,-1.91,-4.26,-3.7,-4.15,-3.03,-3.81,-2.13,-3.81,-4.37
2014-02-24,600508,8.89,8.68,8.89,8.65,25271,22026236.0,2.69,-2.69,-0.24,0.35,0.92,3.58,2.89,3.24,5.78,8.09,6.59,14.8,8.09,5.55,9.04,9.02,8.81,8.76,0.81,-1.61,-1.04,-1.5,-0.35,-1.15,0.58,-1.15,-1.73,-2.88
2014-02-25,600508,8.68,8.46,8.75,8.41,24808,21426409.0,3.92,-2.53,-0.22,0.34,6.54,5.83,6.18,8.8,11.18,9.63,18.07,11.18,8.56,5.71,8.9,8.97,8.81,8.74,0.95,1.54,1.06,2.25,1.42,3.19,1.42,0.83,-0.35,-4.02
2014-02-26,600508,8.46,8.52,8.54,8.4,16847,14301912.0,1.65,0.71,0.06,0.23,5.95,6.31,8.93,11.31,9.76,18.21,11.31,8.69,5.83,4.17,8.75,8.93,8.8,8.73,0.82,0.35,1.53,0.7,2.46,0.7,0.12,-1.06,-4.69,-4.58
2014-02-27,600508,8.54,8.5,8.59,8.48,19908,16971045.0,1.29,-0.23,-0.02,0.28,5.31,7.9,10.26,8.73,17.1,10.26,7.67,4.83,3.18,0.71,8.62,8.9,8.79,8.72,0.59,1.76,0.94,2.71,0.94,0.35,-0.82,-4.47,-4.35,-2.82
2014-02-28,600508,8.5,8.52,8.55,8.35,20569,17400439.0,2.35,0.24,0.02,0.28,9.58,11.98,10.42,18.92,11.98,9.34,6.47,4.79,2.28,2.87,8.54,8.84,8.78,8.72,1.53,0.7,2.46,0.7,0.12,-1.06,-4.69,-4.58,-3.05,-5.16
2014-03-03,600508,8.5,8.61,8.65,8.46,20046,17173015.0,2.23,1.06,0.09,0.28,10.52,8.98,17.38,10.52,7.92,5.08,3.43,0.95,1.54,1.06,8.52,8.78,8.78,8.73,-0.35,1.39,-0.35,-0.93,-2.09,-5.69,-5.57,-4.07,-6.16,-5.23
2014-03-04,600508,8.57,8.52,8.58,8.45,16203,13780746.0,1.51,-1.05,-0.09,0.22,9.11,17.51,10.65,8.05,5.21,3.55,1.07,1.66,1.18,2.37,8.53,8.72,8.78,8.72,2.46,0.7,0.12,-1.06,-4.69,-4.58,-3.05,-5.16,-4.23,-3.99
2014-03-05,600508,8.52,8.6,8.73,8.48,24062,20689855.0,2.93,0.94,0.08,0.33,17.1,10.26,7.67,4.83,3.18,0.71,1.3,0.83,2.0,1.18,8.55,8.65,8.78,8.72,-0.23,-0.81,-1.98,-5.58,-5.47,-3.95,-6.05,-5.12,-4.88,-5.47
2014-03-06,600508,8.58,8.51,8.58,8.41,18610,15779438.0,1.98,-1.05,-0.09,0.26,11.18,8.56,5.71,4.04,1.55,2.14,1.66,2.85,2.02,3.8,8.55,8.58,8.78,8.71,0.24,-0.94,-4.58,-4.47,-2.94,-5.05,-4.11,-3.88,-4.47,-4.23
2014-03-07,600508,8.5,8.44,8.53,8.42,12660,10724815.0,1.29,-0.82,-0.07,0.18,8.43,5.58,3.92,1.43,2.02,1.54,2.73,1.9,3.68,1.9,8.54,8.54,8.78,8.71,-0.12,-3.79,-3.67,-2.13,-4.27,-3.32,-3.08,-3.67,-3.44,-1.18
2014-03-10,600508,8.43,7.96,8.43,7.95,31274,25431920.0,5.69,-5.69,-0.48,0.43,11.82,10.06,7.42,8.05,7.55,8.81,7.92,9.81,7.92,7.3,8.41,8.46,8.74,8.7,2.01,2.14,3.77,1.51,2.51,2.76,2.14,2.39,4.77,5.4
2014-03-11,600508,7.94,8.03,8.12,7.9,20548,16384221.0,2.76,0.88,0.07,0.28,10.76,8.1,8.73,8.23,9.49,8.61,10.51,8.61,7.97,6.71,8.31,8.42,8.69,8.68,1.25,2.86,0.62,1.62,1.87,1.25,1.49,3.86,4.48,4.98
2014-03-12,600508,8.0,8.06,8.13,7.92,16181,12968950.0,2.62,0.37,0.03,0.22,7.83,8.46,7.95,9.22,8.33,10.23,8.33,7.7,6.44,2.53,8.2,8.38,8.65,8.66,2.48,0.25,1.24,1.49,0.87,1.12,3.47,4.09,4.59,3.97
2014-03-13,600508,8.05,8.15,8.26,7.97,22867,18600011.0,3.6,1.12,0.09,0.32,7.78,7.28,8.53,7.65,9.54,7.65,7.03,5.77,1.88,2.01,8.13,8.34,8.62,8.64,-0.86,0.12,0.37,-0.25,0.0,2.33,2.94,3.44,2.82,2.21
2014-03-14,600508,8.08,8.01,8.08,7.98,15996,12832609.0,1.23,-1.72,-0.14,0.22,7.14,8.4,7.52,9.4,7.52,6.89,5.64,1.75,1.88,3.51,8.04,8.29,8.56,8.62,1.87,2.12,1.5,1.75,4.12,4.74,5.24,4.62,4.0,3.5
2014-03-17,600508,8.0,8.14,8.16,7.99,16166,13096439.0,2.12,1.62,0.13,0.22,8.26,7.38,9.26,7.38,6.76,5.51,1.63,1.75,3.38,1.13,8.08,8.24,8.51,8.6,0.49,-0.12,0.12,2.46,3.07,3.56,2.95,2.33,1.84,0.49
2014-03-18,600508,8.11,8.12,8.18,8.09,13611,11060161.0,1.11,-0.25,-0.02,0.19,6.06,7.91,6.06,5.44,4.2,0.37,0.49,2.1,-0.12,0.87,8.1,8.2,8.46,8.59,0.12,0.37,2.71,3.33,3.82,3.2,2.59,2.09,0.74,0.0
2014-03-19,600508,8.05,8.13,8.13,7.99,19726,15875909.0,1.72,0.12,0.01,0.27,9.26,7.38,6.76,5.51,1.63,1.75,3.38,1.13,2.13,2.38,8.11,8.16,8.4,8.57,0.25,2.58,3.2,3.69,3.08,2.46,1.97,0.62,-0.12,0.86
2014-03-20,600508,8.1,7.98,8.15,7.97,16266,13105877.0,2.21,-1.85,-0.15,0.23,7.65,7.03,5.77,1.88,2.01,3.64,1.38,2.38,2.63,2.01,8.08,8.1,8.34,8.56,4.51,5.14,5.64,5.01,4.39,3.88,2.51,1.75,2.76,2.63
2014-03-21,600508,7.93,8.28,8.34,7.89,46520,37846105.0,5.64,3.76,0.3,0.64,8.11,6.84,2.92,3.04,4.69,2.41,3.42,3.68,3.04,3.3,8.13,8.09,8.31,8.55,1.33,1.81,1.21,0.6,0.12,-1.21,-1.93,-0.97,-1.09,-1.33
2014-03-24,600508,8.23,8.33,8.39,8.19,36862,30481883.0,2.42,0.6,0.05,0.51,2.93,-0.85,-0.73,0.85,-1.34,-0.37,-0.12,-0.73,-0.49,1.83,8.17,8.12,8.29,8.53,1.2,0.6,0.0,-0.48,-1.8,-2.52,-1.56,-1.68,-1.92,-0.12
2014-03-25,600508,8.26,8.35,8.43,8.23,33637,28052780.0,2.4,0.24,0.02,0.47,-1.34,-1.22,0.36,-1.82,-0.85,-0.61,-1.22,-0.97,1.34,1.94,8.21,8.16,8.29,8.51,0.36,-0.24,-0.72,-2.04,-2.75,-1.8,-1.92,-2.16,-0.36,-0.24
2014-03-26,600508,8.36,8.27,8.38,8.23,20088,16638495.0,1.8,-0.96,-0.08,0.28,-1.22,0.36,-1.82,-0.85,-0.61,-1.22,-0.97,1.34,1.94,2.43,8.24,8.18,8.28,8.49,0.73,0.24,-1.09,-1.81,-0.85,-0.97,-1.21,0.6,0.73,1.69
2014-03-27,600508,8.22,8.23,8.33,8.21,16910,13973418.0,1.45,-0.48,-0.04,0.23,0.61,-1.58,-0.61,-0.37,-0.97,-0.73,1.58,2.19,2.68,2.07,8.29,8.18,8.26,8.47,0.73,-0.61,-1.34,-0.36,-0.49,-0.73,1.09,1.22,2.19,1.46
2014-03-28,600508,8.23,8.08,8.29,8.05,23199,18963046.0,2.92,-1.82,-0.15,0.32,0.37,1.37,1.61,0.99,1.24,3.6,4.22,4.72,4.1,3.48,8.25,8.19,8.24,8.44,1.24,0.5,1.49,1.36,1.11,2.97,3.09,4.08,3.34,2.97
2014-03-31,600508,8.1,8.06,8.18,8.01,14827,11972658.0,2.1,-0.25,-0.02,0.21,1.87,2.12,1.5,1.75,4.12,4.74,5.24,4.62,4.0,3.5,8.2,8.18,8.21,8.4,0.74,1.74,1.61,1.36,3.23,3.35,4.34,3.6,3.23,2.98
2014-04-01,600508,8.03,8.1,8.12,8.02,10617,8576765.0,1.24,0.5,0.04,0.15,2.0,1.37,1.62,3.99,4.61,5.11,4.49,3.87,3.37,2.0,8.15,8.18,8.19,8.37,1.23,1.11,0.86,2.72,2.84,3.83,3.09,2.72,2.47,1.6
2014-04-02,600508,8.1,8.16,8.2,8.07,18420,15007255.0,1.6,0.74,0.06,0.25,0.74,0.99,3.35,3.97,4.46,3.84,3.22,2.73,1.36,0.62,8.13,8.18,8.17,8.33,0.37,0.12,1.96,2.08,3.06,2.33,1.96,1.72,0.86,0.86
2014-04-03,600508,8.19,8.08,8.19,8.08,15404,12520283.0,1.35,-0.98,-0.08,0.21,0.87,3.22,3.84,4.33,3.71,3.09,2.6,1.24,0.5,1.49,8.1,8.19,8.15,8.29,1.11,2.97,3.09,4.08,3.34,2.97,2.72,1.86,1.86,2.23
2014-04-04,600508,8.08,8.15,8.17,8.08,10291,8348789.0,1.11,0.87,0.07,0.14,3.22,3.84,4.33,3.71,3.09,2.6,1.24,0.5,1.49,1.36,8.11,8.18,8.13,8.27,2.09,2.21,3.19,2.45,2.09,1.84,0.98,0.98,1.35,0.98
2014-04-08,600508,8.12,8.27,8.32,8.12,28244,23271639.0,2.45,1.47,0.12,0.39,3.33,3.82,3.2,2.59,2.09,0.74,0.0,0.99,0.86,0.62,8.15,8.18,8.15,8.25,0.73,1.69,0.97,0.6,0.36,-0.48,-0.48,-0.12,-0.48,-1.69
2014-04-09,600508,8.27,8.3,8.33,8.23,20275,16767114.0,1.21,0.36,0.03,0.28,2.43,1.82,1.22,0.73,-0.61,-1.34,-0.36,-0.49,-0.73,1.09,8.19,8.17,8.16,8.25,1.33,0.6,0.24,0.0,-0.84,-0.84,-0.48,-0.84,-2.05,-2.17
2014-04-10,600508,8.31,8.34,8.41,8.23,35306,29337701.0,2.17,0.48,0.04,0.49,1.82,1.22,0.73,-0.61,-1.34,-0.36,-0.49,-0.73,1.09,1.22,8.23,8.18,8.18,8.24,0.12,-0.24,-0.48,-1.32,-1.32,-0.96,-1.32,-2.52,-2.64,-2.88
2014-04-11,600508,8.28,8.28,8.35,8.22,27127,22448463.0,1.56,-0.72,-0.06,0.38,1.34,0.85,-0.49,-1.22,-0.24,-0.36,-0.61,1.22,1.34,2.31,8.27,8.18,8.18,8.24,0.48,0.24,-0.6,-0.6,-0.24,-0.6,-1.81,-1.93,-2.17,-2.29
2014-04-14,600508,8.28,8.31,8.32,8.26,17978,14912819.0,0.72,0.36,0.03,0.25,0.36,-0.97,-1.69,-0.73,-0.85,-1.09,0.73,0.85,1.82,1.09,8.3,8.21,8.2,8.23,-0.12,-0.96,-0.96,-0.6,-0.96,-2.17,-2.29,-2.53,-2.65,-4.45
2014-04-15,600508,8.3,8.18,8.3,8.16,22866,18834883.0,1.68,-1.56,-0.13,0.32,0.25,-0.49,0.49,0.37,0.12,1.96,2.08,3.06,2.33,1.96,8.28,8.22,8.2,8.21,0.61,0.61,0.98,0.61,-0.61,-0.73,-0.98,-1.1,-2.93,-4.89
2014-04-16,600508,8.17,8.18,8.23,8.14,11287,9244312.0,1.1,0.0,0.0,0.16,-0.25,0.74,0.61,0.37,2.21,2.33,3.32,2.58,2.21,1.97,8.26,8.23,8.2,8.2,0.61,0.98,0.61,-0.61,-0.73,-0.98,-1.1,-2.93,-4.89,-4.52
2014-04-17,600508,8.18,8.19,8.23,8.16,12547,10273990.0,0.86,0.12,0.01,0.17,0.49,0.37,0.12,1.96,2.08,3.06,2.33,1.96,1.72,0.86,8.23,8.23,8.21,8.19,0.85,0.49,-0.73,-0.85,-1.1,-1.22,-3.05,-5.01,-4.64,-4.76
2014-04-18,600508,8.2,8.2,8.26,8.14,13831,11347188.0,1.47,0.12,0.01,0.19,0.61,0.37,2.21,2.33,3.32,2.58,2.21,1.97,1.11,1.11,8.21,8.24,8.22,8.18,0.37,-0.85,-0.98,-1.22,-1.34,-3.17,-5.12,-4.76,-4.88,-4.63
2014-04-21,600508,8.14,8.06,8.23,8.02,17585,14294126.0,2.56,-1.71,-0.14,0.24,1.87,3.74,3.87,4.86,4.11,3.74,3.49,2.62,2.62,2.99,8.16,8.23,8.21,8.17,0.87,0.74,0.5,0.37,-1.49,-3.47,-3.1,-3.23,-2.98,-3.6
2014-04-22,600508,8.07,8.08,8.13,8.0,14240,11466707.0,1.61,0.25,0.02,0.2,4.0,4.13,5.13,4.37,4.0,3.75,2.88,2.88,3.25,2.88,8.14,8.21,8.19,8.17,0.5,0.25,0.12,-1.73,-3.71,-3.34,-3.47,-3.22,-3.84,-1.49
2014-04-23,600508,8.04,8.07,8.12,8.02,13012,10496443.0,1.24,-0.12,-0.01,0.18,3.87,4.86,4.11,3.74,3.49,2.62,2.62,2.99,2.62,1.37,8.12,8.19,8.18,8.17,0.37,0.25,-1.61,-3.59,-3.22,-3.35,-3.1,-3.72,-1.36,-1.73
2014-04-24,600508,8.07,8.07,8.1,8.01,12040,9707787.0,1.12,0.0,0.0,0.17,4.99,4.24,3.87,3.62,2.75,2.75,3.12,2.75,1.5,1.37,8.1,8.16,8.17,8.17,0.25,-1.61,-3.59,-3.22,-3.35,-3.1,-3.72,-1.36,-1.73,7.56
2014-04-25,600508,8.08,7.96,8.09,7.93,16166,12966252.0,1.98,-1.36,-0.11,0.22,5.3,4.92,4.67,3.78,3.78,4.16,3.78,2.52,2.4,2.14,8.05,8.13,8.16,8.17,-0.25,-2.26,-1.88,-2.01,-1.76,-2.39,0.0,-0.38,9.05,8.54
2014-04-28,600508,7.93,7.65,7.94,7.63,27008,20797523.0,3.89,-3.89,-0.31,0.37,9.04,8.78,7.86,7.86,8.26,7.86,6.55,6.42,6.16,6.03,7.97,8.06,8.13,8.15,1.7,2.09,1.96,2.22,1.57,4.05,3.66,13.46,12.94,9.02
2014-04-29,600508,7.65,7.75,7.78,7.65,16310,12578631.0,1.7,1.31,0.1,0.23,8.5,7.58,7.58,7.97,7.58,6.27,6.14,5.88,5.75,3.79,7.9,8.02,8.12,8.14,0.77,0.65,0.9,0.26,2.71,2.32,12.0,11.48,7.61,6.06
2014-04-30,600508,7.75,7.75,7.81,7.74,9341,7254354.0,0.9,0.0,0.0,0.13,6.33,6.33,6.72,6.33,5.04,4.91,4.65,4.52,2.58,0.52,7.84,7.98,8.1,8.13,0.65,0.9,0.26,2.71,2.32,12.0,11.48,7.61,6.06,3.87
2014-05-05,600508,7.72,7.79,7.8,7.64,10465,8057425.0,2.06,0.52,0.04,0.14,7.72,8.12,7.72,6.41,6.28,6.02,5.89,3.93,1.83,2.23,7.78,7.94,8.08,8.12,0.39,-0.26,2.18,1.8,11.42,10.91,7.06,5.52,3.34,2.44
2014-05-06,600508,7.77,7.78,7.82,7.73,13872,10791029.0,1.16,-0.13,-0.01,0.19,6.86,6.47,5.17,5.05,4.79,4.66,2.72,0.65,1.03,0.91,7.74,7.9,8.07,8.11,-0.13,2.31,1.93,11.57,11.05,7.2,5.66,3.47,2.57,2.7
2014-05-07,600508,7.77,7.69,7.77,7.67,10425,8055037.0,1.29,-1.16,-0.09,0.14,7.3,6.0,5.87,5.61,5.48,3.52,1.43,1.83,1.69,1.96,7.75,7.86,8.04,8.09,3.51,3.12,12.87,12.35,8.45,6.89,4.68,3.77,3.9,6.11
2014-05-08,600508,7.67,7.8,7.96,7.64,24950,19518927.0,4.16,1.43,0.11,0.35,6.41,6.28,6.02,5.89,3.93,1.83,2.23,2.09,2.36,1.7,7.76,7.83,8.02,8.07,1.67,11.28,10.77,6.92,5.38,3.21,2.31,2.44,4.62,3.85
2014-05-09,600508,7.82,7.89,7.93,7.75,19982,15682194.0,2.31,1.15,0.09,0.28,4.77,4.52,4.39,2.45,0.39,0.77,0.65,0.9,0.26,2.71,7.79,7.81,8.0,8.06,10.01,9.51,5.7,4.18,2.03,1.14,1.27,3.42,2.66,1.14
2014-05-12,600508,7.97,8.68,8.68,7.89,149424,126572195.0,10.01,10.01,0.79,2.07,2.66,2.53,0.63,-1.39,-1.01,-1.14,-0.89,-1.52,0.89,0.51,7.97,7.87,8.02,8.07,-0.46,-3.92,-5.3,-7.26,-8.06,-7.95,-5.99,-6.68,-8.06,-7.49
2014-05-13,600508,8.64,8.34,8.64,8.29,95452,80457462.0,4.03,-3.92,-0.34,1.32,-2.41,-4.22,-6.15,-5.79,-5.91,-5.67,-6.27,-3.98,-4.34,4.7,8.08,7.91,8.02,8.07,0.0,-1.44,-3.48,-4.32,-4.2,-2.16,-2.88,-4.32,-3.72,-4.2
2014-05-14,600508,8.3,8.2,8.34,8.17,42549,35047531.0,2.04,-1.68,-0.14,0.59,-2.82,-4.77,-4.41,-4.53,-4.28,-4.9,-2.57,-2.94,6.24,5.75,8.18,7.97,8.02,8.08,0.24,-1.83,-2.68,-2.56,-0.49,-1.22,-2.68,-2.07,-2.56,-2.68
2014-05-15,600508,8.21,8.02,8.22,8.0,31425,25414133.0,2.68,-2.2,-0.18,0.43,-2.75,-2.38,-2.5,-2.25,-2.88,-0.5,-0.88,8.5,8.0,4.25,8.23,7.99,8.01,8.08,0.37,-0.5,-0.37,1.75,1.0,-0.5,0.12,-0.37,-0.5,-0.62
2014-05-16,600508,8.02,7.97,8.05,7.9,26198,20868560.0,1.87,-0.62,-0.05,0.36,-1.14,-1.27,-1.01,-1.65,0.76,0.38,9.87,9.37,5.57,4.05,8.24,8.02,8.0,8.07,0.13,0.25,2.38,1.63,0.13,0.75,0.25,0.13,0.0,-1.13
2014-05-19,600508,7.97,7.91,7.98,7.83,19670,15477351.0,1.88,-0.75,-0.06,0.27,-0.38,-0.13,-0.77,1.66,1.28,10.86,10.34,6.51,4.98,2.81,8.09,8.03,7.98,8.06,1.01,3.16,2.4,0.88,1.52,1.01,0.88,0.76,-0.38,-0.25
2014-05-20,600508,7.93,7.9,7.99,7.88,15386,12209943.0,1.39,-0.13,-0.01,0.21,-0.76,-1.4,1.02,0.63,10.15,9.64,5.84,4.31,2.16,1.27,8.0,8.04,7.97,8.06,3.29,2.53,1.01,1.65,1.14,1.01,0.89,-0.25,-0.13,-0.38
2014-05-21,600508,7.88,8.05,8.16,7.83,25860,20829964.0,4.18,1.9,0.15,0.36,-0.77,1.66,1.28,10.86,10.34,6.51,4.98,2.81,1.92,2.04,7.97,8.08,7.97,8.06,0.62,-0.87,-0.25,-0.75,-0.87,-0.99,-2.11,-1.99,-2.24,-2.48
2014-05-22,600508,8.02,7.95,8.1,7.91,18498,14818078.0,2.36,-1.24,-0.1,0.26,0.63,0.25,9.73,9.23,5.44,3.92,1.77,0.88,1.01,3.16,7.96,8.09,7.96,8.04,0.38,1.01,0.5,0.38,0.25,-0.88,-0.75,-1.01,-1.26,-1.13
2014-05-23,600508,7.95,7.97,7.98,7.9,11909,9454532.0,1.01,0.25,0.02,0.16,0.38,9.87,9.37,5.57,4.05,1.9,1.01,1.14,3.29,2.53,7.96,8.1,7.96,8.03,0.75,0.25,0.13,0.0,-1.13,-1.0,-1.25,-1.51,-1.38,-2.38
2014-05-26,600508,8.0,7.97,8.03,7.93,14027,11195920.0,1.25,0.0,0.0,0.19,9.46,8.95,5.17,3.66,1.51,0.63,0.76,2.9,2.14,0.63,7.97,8.03,7.95,8.02,0.25,0.13,0.0,-1.13,-1.0,-1.25,-1.51,-1.38,-2.38,-2.01
2014-05-27,600508,7.99,7.91,7.99,7.89,12859,10190551.0,1.25,-0.75,-0.06,0.18,9.51,5.7,4.18,2.03,1.14,1.27,3.42,2.66,1.14,1.77,7.97,7.99,7.95,8.01,0.88,0.76,-0.38,-0.25,-0.51,-0.76,-0.63,-1.64,-1.26,-1.39
2014-05-28,600508,7.92,7.95,7.98,7.91,13293,10560377.0,0.88,0.51,0.04,0.18,5.44,3.92,1.77,0.88,1.01,3.16,2.4,0.88,1.52,1.01,7.95,7.96,7.96,8.0,0.25,-0.88,-0.75,-1.01,-1.26,-1.13,-2.14,-1.76,-1.89,-1.38
2014-05-29,600508,7.95,7.83,7.97,7.82,15214,12004843.0,1.89,-1.51,-0.12,0.21,5.12,2.94,2.05,2.17,4.35,3.58,2.05,2.69,2.17,2.05,7.93,7.94,7.97,7.99,0.64,0.77,0.51,0.26,0.38,-0.64,-0.26,-0.38,0.13,0.77
2014-05-30,600508,7.84,7.83,7.88,7.8,14394,11269818.0,1.02,0.0,0.0,0.2,3.21,2.31,2.44,4.62,3.85,2.31,2.95,2.44,2.31,2.18,7.9,7.93,7.97,7.97,0.77,0.51,0.26,0.38,-0.64,-0.26,-0.38,0.13,0.77,1.28
2014-06-03,600508,7.81,7.83,7.89,7.8,9237,7250119.0,1.15,0.0,0.0,0.13,2.31,2.44,4.62,3.85,2.31,2.95,2.44,2.31,2.18,1.03,7.87,7.92,7.97,7.96,0.51,0.26,0.38,-0.64,-0.26,-0.38,0.13,0.77,1.28,0.64
2014-06-04,600508,7.83,7.78,7.87,7.74,11386,8876828.0,1.66,-0.64,-0.05,0.16,3.23,5.43,4.65,3.1,3.75,3.23,3.1,2.97,1.81,1.94,7.84,7.91,7.97,7.95,0.9,1.03,0.0,0.39,0.26,0.77,1.41,1.93,1.29,0.9
2014-06-05,600508,7.79,7.83,7.85,7.75,9801,7641015.0,1.29,0.64,0.05,0.14,5.29,4.52,2.97,3.61,3.1,2.97,2.84,1.68,1.81,1.55,7.82,7.89,7.98,7.94,0.38,-0.64,-0.26,-0.38,0.13,0.77,1.28,0.64,0.26,-0.51
2014-06-06,600508,7.83,7.76,7.86,7.73,10879,8460089.0,1.66,-0.89,-0.07,0.15,4.79,3.23,3.88,3.36,3.23,3.1,1.94,2.07,1.81,1.55,7.81,7.87,7.98,7.93,0.26,0.64,0.52,1.03,1.68,2.19,1.55,1.16,0.39,-0.39
2014-06-09,600508,7.76,7.72,7.78,7.7,11672,9032907.0,1.03,-0.52,-0.04,0.16,3.64,4.29,3.77,3.64,3.51,2.34,2.47,2.21,1.95,2.08,7.78,7.84,7.97,7.92,1.17,1.04,1.55,2.2,2.72,2.07,1.68,0.91,0.13,2.85
2014-06-10,600508,7.75,7.8,7.81,7.72,11449,8888396.0,1.17,1.04,0.08,0.16,4.02,3.5,3.37,3.24,2.07,2.2,1.94,1.68,1.81,0.78,7.78,7.82,7.93,7.91,0.0,0.51,1.15,1.67,1.03,0.64,-0.13,-0.9,1.79,0.9
2014-06-11,600508,7.79,7.78,7.8,7.75,9948,7734445.0,0.64,-0.26,-0.02,0.14,3.1,2.97,2.84,1.68,1.81,1.55,1.29,1.42,0.39,0.77,7.78,7.81,7.9,7.9,0.77,1.41,1.93,1.29,0.9,0.13,-0.64,2.06,1.16,1.8
2014-06-12,600508,7.78,7.81,7.84,7.75,13920,10850295.0,1.16,0.39,0.03,0.19,2.97,2.84,1.68,1.81,1.55,1.29,1.42,0.39,0.77,0.65,7.77,7.8,7.88,7.91,1.02,1.54,0.9,0.51,-0.26,-1.02,1.66,0.77,1.41,1.02
2014-06-13,600508,7.78,7.89,7.89,7.75,26473,20720564.0,1.79,1.02,0.08,0.37,2.84,1.68,1.81,1.55,1.29,1.42,0.39,0.77,0.65,1.16,7.8,7.8,7.87,7.91,0.51,-0.13,-0.51,-1.27,-2.03,0.63,-0.25,0.38,0.0,0.25
2014-06-16,600508,7.89,7.88,7.93,7.83,17530,13804047.0,1.27,-0.13,-0.01,0.24,0.64,0.77,0.51,0.26,0.38,-0.64,-0.26,-0.38,0.13,0.77,7.83,7.81,7.87,7.92,0.0,-0.38,-1.14,-1.9,0.76,-0.13,0.51,0.13,0.38,0.89
2014-06-17,600508,7.88,7.8,7.88,7.79,13102,10251657.0,1.14,-1.02,-0.08,0.18,1.28,1.03,0.77,0.9,-0.13,0.26,0.13,0.64,1.28,1.8,7.83,7.81,7.86,7.92,0.64,-0.13,-0.9,1.79,0.9,1.54,1.15,1.41,1.92,1.79
2014-06-18,600508,7.8,7.79,7.85,7.72,14982,11660049.0,1.67,-0.13,-0.01,0.21,1.94,1.68,1.81,0.78,1.17,1.04,1.55,2.2,2.72,2.07,7.83,7.81,7.86,7.92,0.0,-0.77,1.93,1.03,1.67,1.28,1.54,2.05,1.93,3.21
2014-06-19,600508,7.79,7.61,7.79,7.58,16963,13008223.0,2.7,-2.31,-0.18,0.23,3.56,3.69,2.64,3.03,2.9,3.43,4.09,4.62,3.96,3.56,7.79,7.78,7.83,7.91,1.58,4.34,3.42,4.07,3.68,3.94,4.47,4.34,5.65,5.65
2014-06-20,600508,7.6,7.68,7.73,7.57,20378,15642731.0,2.1,0.92,0.07,0.28,3.83,2.77,3.17,3.04,3.57,4.23,4.76,4.1,3.7,2.91,7.75,7.78,7.82,7.91,3.39,2.47,3.12,2.73,2.99,3.52,3.39,4.69,4.69,4.3
2014-06-23,600508,7.69,7.84,7.94,7.68,22554,17661471.0,3.39,2.08,0.16,0.31,1.3,1.69,1.56,2.08,2.73,3.26,2.6,2.21,1.43,0.65,7.74,7.79,7.81,7.91,0.38,1.02,0.64,0.89,1.4,1.28,2.55,2.55,2.17,1.91
2014-06-24,600508,7.85,7.83,7.87,7.78,11151,8726399.0,1.15,-0.13,-0.01,0.15,0.39,0.26,0.77,1.41,1.93,1.29,0.9,0.13,-0.64,2.06,7.75,7.79,7.81,7.88,1.15,0.77,1.02,1.53,1.4,2.68,2.68,2.3,2.04,1.92
2014-06-25,600508,7.83,7.84,7.92,7.71,17946,14093379.0,2.68,0.13,0.01,0.25,1.17,1.69,2.33,2.85,2.2,1.82,1.04,0.26,2.98,2.08,7.76,7.8,7.8,7.86,0.64,0.89,1.4,1.28,2.55,2.55,2.17,1.91,1.79,1.91
2014-06-26,600508,7.83,7.87,7.89,7.79,15741,12364911.0,1.28,0.38,0.03,0.22,0.64,1.28,1.8,1.16,0.77,0.0,-0.77,1.93,1.03,1.67,7.81,7.8,7.8,7.85,0.51,1.02,0.89,2.16,2.16,1.78,1.52,1.4,1.52,0.76
2014-06-27,600508,7.87,7.91,7.91,7.82,17428,13738629.0,1.14,0.51,0.04,0.24,0.9,1.41,0.77,0.38,-0.38,-1.15,1.53,0.64,1.28,0.9,7.86,7.81,7.8,7.85,0.51,0.38,1.64,1.64,1.26,1.01,0.88,1.01,0.25,1.39
2014-06-30,600508,7.9,7.88,7.95,7.86,13334,10519064.0,1.14,-0.38,-0.03,0.18,0.89,0.25,-0.13,-0.89,-1.65,1.02,0.13,0.76,0.38,0.64,7.87,7.81,7.81,7.85,0.76,2.03,2.03,1.65,1.4,1.27,1.4,0.63,1.78,3.55
2014-07-01,600508,7.88,7.91,7.94,7.85,17533,13849829.0,1.14,0.38,0.03,0.24,0.38,0.0,-0.76,-1.53,1.15,0.25,0.89,0.51,0.76,1.27,7.88,7.82,7.81,7.85,1.64,1.64,1.26,1.01,0.88,1.01,0.25,1.39,3.16,3.16
2014-07-02,600508,7.91,8.02,8.04,7.85,31329,24929271.0,2.4,1.39,0.11,0.43,0.0,-0.76,-1.53,1.15,0.25,0.89,0.51,0.76,1.27,1.15,7.92,7.84,7.82,7.85,0.25,-0.12,-0.37,-0.5,-0.37,-1.12,0.0,1.75,1.75,1.5
2014-07-03,600508,7.98,7.99,8.04,7.95,22431,17941142.0,1.12,-0.37,-0.03,0.31,-2.01,-2.77,-0.13,-1.01,-0.38,-0.75,-0.5,0.0,-0.13,1.13,7.94,7.88,7.83,7.85,0.25,0.0,-0.13,0.0,-0.75,0.38,2.13,2.13,1.88,2.5
2014-07-04,600508,7.99,7.94,8.01,7.93,18612,14849762.0,1.0,-0.63,-0.05,0.26,-2.52,0.13,-0.76,-0.13,-0.5,-0.25,0.25,0.13,1.39,1.39,7.95,7.9,7.84,7.85,0.63,0.5,0.63,-0.13,1.01,2.77,2.77,2.52,3.15,2.9
2014-07-07,600508,7.94,7.96,7.99,7.88,13089,10393795.0,1.39,0.25,0.02,0.18,0.76,-0.13,0.51,0.13,0.38,0.89,0.76,2.03,2.03,1.65,7.96,7.92,7.85,7.85,0.25,0.38,-0.38,0.75,2.51,2.51,2.26,2.89,2.64,1.38
2014-07-08,600508,7.97,7.97,7.98,7.87,15206,12058341.0,1.38,0.13,0.01,0.21,0.0,0.64,0.25,0.51,1.02,0.89,2.16,2.16,1.78,1.52,7.98,7.93,7.86,7.85,0.25,-0.5,0.63,2.38,2.38,2.13,2.76,2.51,1.25,4.02
2014-07-09,600508,7.95,7.84,7.99,7.82,19497,15466653.0,2.13,-1.63,-0.13,0.27,1.28,0.9,1.15,1.66,1.53,2.81,2.81,2.43,2.17,2.05,7.94,7.93,7.86,7.85,1.15,2.3,4.08,4.08,3.83,4.46,4.21,2.93,5.74,6.12
2014-07-10,600508,7.85,7.86,7.93,7.82,19239,15155915.0,1.4,0.26,0.02,0.27,0.9,1.15,1.66,1.53,2.81,2.81,2.43,2.17,2.05,2.17,7.91,7.93,7.87,7.84,2.04,3.82,3.82,3.56,4.2,3.94,2.67,5.47,5.85,7.76
2014-07-11,600508,7.88,7.99,8.02,7.86,22407,17839891.0,2.04,1.65,0.13,0.31,0.64,1.15,1.02,2.29,2.29,1.91,1.65,1.53,1.65,0.89,7.92,7.94,7.87,7.85,2.13,2.13,1.88,2.5,2.25,1.0,3.75,4.13,6.01,7.63
2014-07-14,600508,8.0,8.15,8.16,7.96,36718,29752455.0,2.5,2.0,0.16,0.51,-0.13,-0.25,1.01,1.01,0.63,0.38,0.25,0.38,-0.38,0.75,7.96,7.96,7.88,7.86,0.12,-0.12,0.49,0.25,-0.98,1.72,2.09,3.93,5.52,10.06
2014-07-15,600508,8.13,8.12,8.16,8.04,27789,22505785.0,1.47,-0.37,-0.03,0.38,-1.24,0.0,0.0,-0.37,-0.62,-0.75,-0.62,-1.37,-0.25,1.49,7.99,7.98,7.9,7.87,0.25,0.86,0.62,-0.62,2.09,2.46,4.31,5.91,10.47,7.76
2014-07-16,600508,8.1,8.1,8.14,8.04,19463,15737835.0,1.23,-0.25,-0.02,0.27,0.0,0.0,-0.37,-0.62,-0.75,-0.62,-1.37,-0.25,1.49,1.49,8.04,7.99,7.92,7.88,1.11,0.86,-0.37,2.35,2.72,4.57,6.17,10.74,8.02,7.78
2014-07-17,600508,8.11,8.13,8.19,8.06,23519,19106910.0,1.6,0.37,0.03,0.33,-0.25,-0.62,-0.87,-0.99,-0.87,-1.61,-0.5,1.24,1.24,0.99,8.1,8.01,7.94,7.89,0.49,-0.74,1.97,2.34,4.18,5.78,10.33,7.63,7.38,7.5
2014-07-18,600508,8.14,8.08,8.17,8.06,22883,18577301.0,1.35,-0.62,-0.05,0.32,-0.62,-0.87,-0.99,-0.87,-1.61,-0.5,1.24,1.24,0.99,1.61,8.12,8.02,7.96,7.9,-0.12,2.6,2.97,4.83,6.44,11.01,8.29,8.04,8.17,9.65
2014-07-21,600508,8.07,8.0,8.07,7.99,15936,12781705.0,0.99,-0.99,-0.08,0.22,0.0,-0.13,0.0,-0.75,0.38,2.13,2.13,1.88,2.5,2.25,8.09,8.02,7.97,7.91,3.62,4.0,5.88,7.5,12.13,9.38,9.13,9.25,10.75,10.5
2014-07-22,600508,8.0,8.24,8.29,7.93,58379,47901795.0,4.5,3.0,0.24,0.81,0.63,0.76,0.0,1.13,2.9,2.9,2.65,3.28,3.03,1.77,8.11,8.05,7.99,7.92,0.97,2.79,4.37,8.86,6.19,5.95,6.07,7.52,7.28,11.65
2014-07-23,600508,8.23,8.19,8.32,8.17,35624,29320388.0,1.82,-0.61,-0.05,0.49,-2.2,-2.94,-1.84,-0.12,-0.12,-0.37,0.24,0.0,-1.22,1.47,8.13,8.09,8.01,7.94,3.42,5.01,9.52,6.84,6.59,6.72,8.18,7.94,12.33,9.52
2014-07-24,600508,8.19,8.39,8.47,8.17,71222,59543154.0,3.66,2.44,0.2,0.99,-2.94,-1.84,-0.12,-0.12,-0.37,0.24,0.0,-1.22,1.47,1.84,8.18,8.14,8.03,7.96,2.5,6.91,4.29,4.05,4.17,5.6,5.36,9.65,6.91,6.91
2014-07-25,600508,8.37,8.53,8.6,8.33,67743,57514006.0,3.22,1.67,0.14,0.94,-3.72,-2.04,-2.04,-2.28,-1.68,-1.92,-3.12,-0.48,-0.12,1.68,8.27,8.19,8.06,7.98,5.16,2.58,2.34,2.46,3.87,3.63,7.85,5.16,5.16,2.11
2014-07-28,600508,8.6,8.72,8.97,8.52,110128,96092801.0,5.28,2.23,0.19,1.52,-4.23,-4.23,-4.46,-3.87,-4.11,-5.28,-2.7,-2.35,-0.59,0.94,8.41,8.25,8.11,8.01,0.34,0.11,0.23,1.61,1.38,5.5,2.87,2.87,-0.11,0.57
2014-07-29,600508,8.68,8.59,8.75,8.55,75961,65344716.0,2.29,-1.49,-0.13,1.05,-4.56,-4.8,-4.21,-4.44,-5.61,-3.04,-2.69,-0.94,0.58,4.91,8.48,8.3,8.14,8.03,1.63,1.75,3.14,2.91,7.1,4.42,4.42,1.4,2.1,2.68
2014-07-30,600508,8.59,8.62,8.73,8.56,56856,49039060.0,1.98,0.35,0.03,0.79,-4.91,-4.32,-4.56,-5.72,-3.15,-2.8,-1.05,0.47,4.79,2.22,8.57,8.35,8.17,8.06,1.39,2.78,2.55,6.73,4.06,4.06,1.04,1.74,2.32,4.06
2014-07-31,600508,8.59,8.7,8.74,8.53,52577,45420992.0,2.44,0.93,0.08,0.73,-3.99,-4.22,-5.39,-2.81,-2.46,-0.7,0.82,5.16,2.58,2.34,8.63,8.41,8.21,8.1,1.84,1.61,5.75,3.1,3.1,0.11,0.8,1.38,3.1,2.76
2014-08-01,600508,8.66,8.64,8.86,8.56,94963,82679637.0,3.45,-0.69,-0.06,1.31,-4.56,-5.72,-3.15,-2.8,-1.05,0.47,4.79,2.22,1.99,2.1,8.65,8.46,8.24,8.13,2.31,6.48,3.82,3.82,0.81,1.5,2.08,3.82,3.47,2.31
2014-08-04,600508,8.61,8.82,8.84,8.57,90097,78817450.0,3.13,2.08,0.18,1.25,-5.83,-3.27,-2.92,-1.17,0.35,4.67,2.1,1.87,1.98,3.38,8.67,8.54,8.28,8.16,4.31,1.7,1.7,-1.25,-0.57,0.0,1.7,1.36,0.23,1.59
2014-08-05,600508,8.84,8.94,9.2,8.84,121049,108796532.0,4.08,1.36,0.12,1.67,-6.22,-5.88,-4.19,-2.71,1.47,-1.02,-1.24,-1.13,0.23,0.0,8.74,8.61,8.33,8.2,0.34,0.34,-2.57,-1.9,-1.34,0.34,0.0,-1.12,0.22,1.9
2014-08-06,600508,8.94,8.91,8.97,8.8,54611,48443570.0,1.9,-0.34,-0.03,0.76,-5.45,-3.75,-2.27,1.93,-0.57,-0.8,-0.68,0.68,0.45,4.55,8.8,8.69,8.39,8.23,0.67,-2.24,-1.57,-1.01,0.67,0.34,-0.79,0.56,2.24,0.79
2014-08-07,600508,8.91,8.67,8.97,8.63,67692,59538805.0,3.82,-2.69,-0.24,0.94,-1.85,-0.35,3.94,1.39,1.16,1.27,2.67,2.43,6.6,3.94,8.8,8.71,8.43,8.26,0.46,1.15,1.73,3.46,3.11,1.96,3.34,5.07,3.58,3.0
2014-08-08,600508,8.65,8.66,8.71,8.61,48981,42379652.0,1.15,-0.12,-0.01,0.68,-0.12,4.18,1.63,1.39,1.51,2.9,2.67,6.85,4.18,4.18,8.8,8.73,8.46,8.29,1.27,1.85,3.58,3.23,2.08,3.46,5.2,3.7,3.12,3.35
2014-08-11,600508,8.66,8.75,8.77,8.66,53986,47072554.0,1.27,1.04,0.09,0.75,3.58,1.04,0.81,0.92,2.31,2.08,6.24,3.58,3.58,0.58,8.79,8.73,8.49,8.31,0.8,2.51,2.17,1.03,2.4,4.11,2.63,2.06,2.29,2.29
2014-08-12,600508,8.75,8.75,8.82,8.7,35125,30701964.0,1.37,0.0,0.0,0.49,0.57,0.34,0.46,1.84,1.61,5.75,3.1,3.1,0.11,0.8,8.75,8.75,8.52,8.34,2.51,2.17,1.03,2.4,4.11,2.63,2.06,2.29,2.29,0.34
2014-08-13,600508,8.75,8.91,8.97,8.67,75129,66298347.0,3.43,1.83,0.16,1.04,0.69,0.81,2.19,1.96,6.11,3.46,3.46,0.46,1.15,1.73,8.75,8.78,8.56,8.37,0.34,-0.79,0.56,2.24,0.79,0.22,0.45,0.45,-1.46,-3.59
2014-08-14,600508,8.87,8.74,8.94,8.73,61264,54203695.0,2.36,-1.91,-0.17,0.85,0.11,1.49,1.26,5.38,2.75,2.75,-0.23,0.46,1.03,2.75,8.76,8.78,8.59,8.4,1.14,2.52,4.23,2.75,2.17,2.4,2.4,0.46,-1.72,-0.23
2014-08-15,600508,8.72,8.83,8.84,8.67,41136,36094740.0,1.95,1.03,0.09,0.57,2.19,1.96,6.11,3.46,3.46,0.46,1.15,1.73,3.46,3.11,8.8,8.8,8.63,8.43,1.47,3.17,1.7,1.13,1.36,1.36,-0.57,-2.72,-1.25,-1.47
2014-08-18,600508,8.88,8.92,8.96,8.85,49060,43666753.0,1.25,1.02,0.09,0.68,-0.11,3.95,1.36,1.36,-1.58,-0.9,-0.34,1.36,1.02,-0.11,8.83,8.81,8.68,8.46,2.13,0.67,0.11,0.34,0.34,-1.57,-3.7,-2.24,-2.47,-1.23
2014-08-19,600508,8.92,8.98,9.11,8.88,68515,61737139.0,2.58,0.67,0.06,0.95,3.6,1.01,1.01,-1.91,-1.24,-0.68,1.01,0.68,-0.45,0.9,8.88,8.81,8.71,8.49,0.0,-0.56,-0.33,-0.33,-2.23,-4.34,-2.9,-3.12,-1.89,-1.0
2014-08-20,600508,8.95,8.9,8.98,8.86,43076,38353593.0,1.34,-0.89,-0.08,0.6,1.24,1.24,-1.69,-1.02,-0.45,1.24,0.9,-0.23,1.13,2.82,8.87,8.81,8.75,8.53,0.34,0.56,0.56,-1.35,-3.48,-2.02,-2.25,-1.01,-0.11,2.02
2014-08-21,600508,8.87,8.91,8.93,8.8,32653,28966302.0,1.46,0.11,0.01,0.45,1.93,-1.02,-0.34,0.23,1.93,1.59,0.45,1.82,3.52,2.05,8.91,8.84,8.77,8.56,0.45,0.45,-1.46,-3.59,-2.13,-2.36,-1.12,-0.22,1.91,1.91
2014-08-22,600508,8.84,8.93,8.95,8.84,32103,28579565.0,1.23,0.22,0.02,0.44,-1.47,-0.79,-0.23,1.47,1.13,0.0,1.36,3.05,1.58,1.02,8.93,8.86,8.79,8.59,0.22,-1.68,-3.81,-2.35,-2.58,-1.34,-0.45,1.68,1.68,1.23
2014-08-25,600508,8.95,8.77,8.95,8.69,44413,39050412.0,2.91,-1.79,-0.16,0.61,0.92,1.5,3.22,2.88,1.73,3.11,4.83,3.34,2.76,2.99,8.9,8.86,8.8,8.61,0.11,-2.05,-0.57,-0.8,0.46,1.37,3.53,3.53,3.08,3.76
2014-08-26,600508,8.75,8.53,8.78,8.48,36298,31405232.0,3.42,-2.74,-0.24,0.5,4.01,5.78,5.42,4.25,5.66,7.43,5.9,5.31,5.54,5.54,8.81,8.84,8.79,8.63,0.7,2.23,1.99,3.28,4.22,6.45,6.45,5.98,6.68,6.68
2014-08-27,600508,8.5,8.55,8.59,8.48,20361,17397982.0,1.29,0.23,0.02,0.28,5.78,5.42,4.25,5.66,7.43,5.9,5.31,5.54,5.54,3.54,8.74,8.81,8.79,8.64,1.99,1.75,3.04,3.98,6.2,6.2,5.73,6.43,6.43,6.32
2014-08-28,600508,8.56,8.61,8.72,8.54,28569,24653132.0,2.11,0.7,0.06,0.4,4.68,3.51,4.92,6.67,5.15,4.57,4.8,4.8,2.81,0.59,8.68,8.79,8.79,8.66,1.05,2.32,3.25,5.46,5.46,4.99,5.69,5.69,5.57,6.27
2014-08-29,600508,8.61,8.67,8.7,8.48,19310,16574044.0,2.56,0.7,0.06,0.27,4.25,5.66,7.43,5.9,5.31,5.54,5.54,3.54,1.3,2.83,8.63,8.78,8.79,8.68,1.61,2.54,4.73,4.73,4.27,4.96,4.96,4.84,5.54,9.34
2014-09-01,600508,8.67,8.75,8.81,8.62,27199,23769071.0,2.19,0.92,0.08,0.38,3.94,5.68,4.18,3.6,3.83,3.83,1.86,-0.35,1.16,0.93,8.62,8.76,8.78,8.7,1.6,3.77,3.77,3.31,4.0,4.0,3.89,4.57,8.34,7.31
2014-09-02,600508,8.76,8.88,8.89,8.73,40875,36019548.0,1.83,1.49,0.13,0.57,4.35,2.86,2.29,2.52,2.52,0.57,-1.6,-0.11,-0.34,0.92,8.69,8.75,8.78,8.73,2.25,2.25,1.8,2.48,2.48,2.36,3.04,6.76,5.74,2.93
2014-09-03,600508,8.85,8.92,9.08,8.85,62178,55777543.0,2.59,0.45,0.04,0.86,1.47,0.9,1.13,1.13,-0.79,-2.94,-1.47,-1.69,-0.45,0.45,8.77,8.75,8.78,8.75,1.79,1.35,2.02,2.02,1.91,2.58,6.28,5.27,2.47,4.26
2014-09-04,600508,8.92,8.98,9.08,8.92,56106,50431780.0,1.79,0.67,0.06,0.78,0.11,0.34,0.34,-1.57,-3.7,-2.24,-2.47,-1.23,-0.34,1.79,8.84,8.76,8.8,8.77,0.67,1.34,1.34,1.22,1.89,5.57,4.57,1.78,3.56,3.9
2014-09-05,600508,8.98,9.02,9.04,8.93,55858,50191667.0,1.22,0.45,0.04,0.77,0.22,0.22,-1.68,-3.81,-2.35,-2.58,-1.34,-0.45,1.68,1.68,8.91,8.77,8.81,8.79,0.89,0.89,0.78,1.44,5.1,4.1,1.33,3.1,3.44,3.1
2014-09-09,600508,9.01,9.06,9.1,8.94,53671,48411757.0,1.77,0.44,0.04,0.74,0.11,-1.79,-3.91,-2.46,-2.68,-1.45,-0.56,1.57,1.57,1.12,8.97,8.8,8.83,8.8,0.44,0.33,0.99,4.64,3.64,0.88,2.65,2.98,2.65,5.63
2014-09-10,600508,9.1,9.01,9.1,8.93,48457,43617757.0,1.88,-0.55,-0.05,0.67,-1.68,-3.81,-2.35,-2.58,-1.34,-0.45,1.68,1.68,1.23,1.9,9.0,8.85,8.84,8.81,0.89,1.55,5.22,4.22,1.44,3.22,3.55,3.22,6.22,6.44
2014-09-11,600508,9.05,8.94,9.09,8.89,62752,56502434.0,2.22,-0.78,-0.07,0.87,-3.37,-1.91,-2.14,-0.9,0.0,2.14,2.14,1.69,2.36,2.36,9.0,8.88,8.84,8.82,2.35,6.04,5.03,2.24,4.03,4.36,4.03,7.05,7.27,6.49
2014-09-12,600508,8.95,9.12,9.15,8.92,58871,53239988.0,2.57,2.01,0.18,0.81,-2.24,-2.47,-1.23,-0.34,1.79,1.79,1.35,2.02,2.02,1.91,9.03,8.94,8.86,8.84,3.95,2.96,0.22,1.97,2.3,1.97,4.93,5.15,4.39,3.84
2014-09-15,600508,9.13,9.38,9.48,9.11,100471,93774032.0,4.06,2.85,0.26,1.39,-4.5,-3.29,-2.41,-0.33,-0.33,-0.77,-0.11,-0.11,-0.22,0.44,9.1,9.01,8.89,8.86,0.11,-2.56,-0.85,-0.53,-0.85,2.03,2.24,1.49,0.96,1.6
2014-09-16,600508,9.38,9.03,9.39,9.02,92155,85231035.0,3.94,-3.73,-0.35,1.28,-2.33,-1.44,0.67,0.67,0.22,0.89,0.89,0.78,1.44,5.1,9.1,9.03,8.9,8.87,1.22,2.99,3.32,2.99,5.98,6.2,5.43,4.87,5.54,8.19
2014-09-17,600508,9.02,9.13,9.14,8.92,50702,45835444.0,2.44,1.11,0.1,0.7,-0.34,1.79,1.79,1.35,2.02,2.02,1.91,2.58,6.28,5.27,9.12,9.06,8.9,8.87,1.86,2.19,1.86,4.82,5.04,4.27,3.72,4.38,7.01,5.04
2014-09-18,600508,9.11,9.22,9.3,9.04,61700,56754587.0,2.85,0.99,0.09,0.85,0.44,0.44,0.0,0.66,0.66,0.55,1.22,4.87,3.87,1.11,9.18,9.09,8.92,8.88,1.19,0.87,3.8,4.01,3.25,2.71,3.36,5.97,4.01,7.92
2014-09-19,600508,9.21,9.31,9.33,9.12,53562,49489508.0,2.28,0.98,0.09,0.74,-0.44,-0.88,-0.22,-0.22,-0.33,0.33,3.95,2.96,0.22,1.97,9.21,9.12,8.94,8.91,-0.11,2.79,3.01,2.26,1.72,2.36,4.94,3.01,6.87,8.16
2014-09-22,600508,9.25,9.24,9.3,9.1,56097,51678227.0,2.15,-0.75,-0.07,0.78,-0.66,0.0,0.0,-0.11,0.55,4.18,3.19,0.44,2.2,2.53,9.19,9.14,8.96,8.92,3.57,3.79,3.03,2.49,3.14,5.74,3.79,7.68,8.98,12.55
2014-09-23,600508,9.23,9.56,9.57,9.17,130018,122709780.0,4.33,3.46,0.32,1.8,-0.76,-0.76,-0.87,-0.22,3.38,2.4,-0.33,1.42,1.74,1.42,9.29,9.19,9.0,8.95,0.31,-0.42,-0.94,-0.31,2.2,0.31,4.08,5.33,8.79,17.15
2014-09-24,600508,9.58,9.52,9.59,9.36,93721,89037949.0,2.41,-0.42,-0.04,1.3,-2.78,-2.88,-2.24,1.28,0.32,-2.35,-0.64,-0.32,-0.64,2.24,9.37,9.25,9.04,8.98,0.0,-0.53,0.11,2.63,0.74,4.52,5.78,9.24,17.65,12.39
2014-09-25,600508,9.52,9.45,9.52,9.37,85157,80525486.0,1.58,-0.74,-0.07,1.18,-2.99,-2.35,1.17,0.21,-2.45,-0.75,-0.43,-0.75,2.13,2.35,9.42,9.3,9.09,9.0,0.21,0.85,3.39,1.48,5.29,6.56,10.05,18.52,13.23,10.26
2014-09-26,600508,9.4,9.42,9.47,9.34,41700,39300920.0,1.38,-0.32,-0.03,0.58,-2.03,1.5,0.54,-2.14,-0.43,-0.11,-0.43,2.46,2.68,1.93,9.44,9.33,9.13,9.02,1.17,3.72,1.8,5.63,6.9,10.4,18.9,13.59,10.62,8.7
2014-09-29,600508,9.42,9.52,9.53,9.42,54628,51759209.0,1.17,1.06,0.1,0.76,0.64,-0.32,-2.97,-1.27,-0.96,-1.27,1.59,1.8,1.06,0.53,9.49,9.34,9.17,9.04,2.63,0.74,4.52,5.78,9.24,17.65,12.39,9.45,7.56,8.51
2014-09-30,600508,9.63,9.61,9.77,9.55,105020,101269611.0,2.31,0.95,0.09,1.45,-1.68,-4.29,-2.62,-2.3,-2.62,0.21,0.42,-0.31,-0.84,-0.21,9.5,9.4,9.22,9.06,-0.21,3.54,4.79,8.22,16.55,11.34,8.43,6.56,7.49,6.76
2014-10-08,600508,9.59,9.56,9.59,9.46,62503,59595772.0,1.35,-0.52,-0.05,0.86,-3.38,-1.69,-1.37,-1.69,1.16,1.37,0.63,0.11,0.74,3.28,9.51,9.44,9.25,9.08,4.08,5.33,8.79,17.15,11.92,9.0,7.11,8.05,7.32,4.08
2014-10-09,600508,9.57,9.86,9.95,9.56,149083,145485504.0,4.08,3.14,0.3,2.06,-2.72,-2.41,-2.72,0.1,0.31,-0.42,-0.94,-0.31,2.2,0.31,9.59,9.51,9.3,9.12,2.13,5.48,13.59,8.52,5.68,3.85,4.77,4.06,0.91,-1.52
2014-10-10,600508,9.88,9.85,10.07,9.68,131889,130254060.0,3.96,-0.1,-0.01,1.82,-3.62,-3.93,-1.14,-0.93,-1.65,-2.17,-1.55,0.93,-0.93,2.79,9.68,9.56,9.34,9.15,5.58,13.71,8.63,5.79,3.96,4.87,4.16,1.02,-1.42,-3.35
2014-10-13,600508,9.85,10.34,10.4,9.63,151806,152947159.0,7.82,4.97,0.49,2.1,-3.43,-0.62,-0.42,-1.14,-1.66,-1.04,1.45,-0.42,3.32,4.57,9.84,9.67,9.41,9.19,8.32,3.48,0.77,-0.97,-0.1,-0.77,-3.77,-6.09,-7.93,-8.22
2014-10-14,600508,10.28,10.66,11.2,10.1,266515,282346272.0,10.64,3.09,0.32,3.69,-5.25,-5.05,-5.74,-6.24,-5.64,-3.27,-5.05,-1.49,-0.3,2.97,10.05,9.78,9.49,9.26,0.38,-2.25,-3.94,-3.1,-3.75,-6.66,-8.91,-10.69,-10.98,-9.1
2014-10-15,600508,10.4,10.38,10.7,10.26,156384,162718612.0,4.13,-2.63,-0.28,2.16,-6.53,-7.21,-7.7,-7.12,-4.78,-6.53,-3.02,-1.85,1.36,9.16,10.22,9.87,9.55,9.32,0.39,-1.35,-0.48,-1.16,-4.14,-6.45,-8.29,-8.57,-6.65,-4.24
2014-10-16,600508,10.33,10.02,10.42,10.02,120157,122619735.0,3.85,-3.47,-0.36,1.66,-4.99,-5.49,-4.89,-2.5,-4.29,-0.7,0.5,3.79,11.78,6.79,10.25,9.92,9.61,9.37,2.2,3.09,2.4,-0.7,-3.09,-4.99,-5.29,-3.29,-0.8,0.0
2014-10-17,600508,10.05,9.92,10.24,9.74,75089,74980607.0,4.99,-1.0,-0.1,1.04,-2.77,-2.16,0.31,-1.54,2.16,3.39,6.78,14.99,9.86,6.98,10.26,9.97,9.65,9.41,4.13,3.43,0.3,-2.12,-4.03,-4.33,-2.32,0.2,1.01,3.43
2014-10-20,600508,9.98,10.17,10.33,9.86,64265,65226012.0,4.74,2.52,0.25,0.89,-3.35,-0.91,-2.74,0.91,2.13,5.48,13.59,8.52,5.68,3.85,10.23,10.04,9.69,9.46,0.88,-2.16,-4.52,-6.39,-6.69,-4.72,-2.26,-1.47,0.88,0.59
2014-10-21,600508,10.17,9.91,10.26,9.88,53869,53967834.0,3.74,-2.56,-0.26,0.75,-1.11,-2.94,0.71,1.92,5.26,13.36,8.3,5.47,3.64,4.55,10.08,10.07,9.73,9.5,0.4,-2.02,-3.94,-4.24,-2.22,0.3,1.11,3.53,3.23,3.03
2014-10-22,600508,9.9,9.64,9.95,9.63,51778,50766965.0,3.23,-2.72,-0.27,0.72,-0.42,3.32,4.57,8.0,16.3,11.11,8.2,6.33,7.27,6.54,9.93,10.08,9.76,9.52,0.73,-1.24,-1.56,0.52,3.11,3.94,6.43,6.12,5.91,5.71
2014-10-23,600508,9.58,9.45,9.71,9.43,52477,50200454.0,2.9,-1.97,-0.19,0.73,5.51,6.79,10.29,18.77,13.47,10.5,8.59,9.54,8.8,5.51,9.82,10.03,9.77,9.54,0.74,0.42,2.54,5.19,6.03,8.57,8.25,8.04,7.83,5.71
2014-10-24,600508,9.45,9.33,9.52,9.3,34804,32781384.0,2.33,-1.27,-0.12,0.48,8.28,11.83,20.43,15.05,12.04,10.11,11.08,10.32,6.99,4.41,9.7,9.98,9.77,9.55,1.71,3.86,6.54,7.4,9.97,9.65,9.43,9.22,7.07,7.72
2014-10-27,600508,9.32,9.43,9.49,9.24,28372,26546686.0,2.68,1.07,0.1,0.39,12.55,21.21,15.8,12.77,10.82,11.8,11.04,7.68,5.09,3.03,9.55,9.89,9.78,9.57,2.76,5.41,6.26,8.8,8.48,8.27,8.06,5.94,6.57,6.36
2014-10-28,600508,9.42,9.69,9.69,9.42,37116,35542110.0,2.86,2.76,0.26,0.51,18.9,13.59,10.62,8.7,9.66,8.92,5.63,3.08,1.06,0.74,9.51,9.79,9.79,9.59,2.58,3.41,5.88,5.57,5.37,5.16,3.1,3.72,3.51,6.09
2014-10-29,600508,9.7,9.88,9.94,9.61,72598,71064988.0,3.41,1.96,0.19,1.0,11.34,8.43,6.56,7.49,6.76,3.54,1.04,-0.94,-1.25,0.83,9.56,9.74,9.8,9.62,1.42,3.85,3.54,3.34,3.14,1.11,1.72,1.52,4.05,3.85
2014-10-30,600508,9.91,9.9,10.02,9.79,57493,56870530.0,2.33,0.2,0.02,0.8,6.44,4.6,5.52,4.8,1.63,-0.82,-2.76,-3.06,-1.02,1.53,9.65,9.73,9.83,9.65,3.64,3.33,3.13,2.93,0.91,1.52,1.31,3.84,3.64,4.75
2014-10-31,600508,9.89,10.14,10.26,9.86,87795,88469591.0,4.04,2.42,0.24,1.21,3.85,4.77,4.06,0.91,-1.52,-3.45,-3.75,-1.72,0.81,1.62,9.81,9.75,9.86,9.68,0.89,0.69,0.49,-1.48,-0.89,-1.08,1.38,1.18,2.27,0.39
2014-11-03,600508,10.14,10.09,10.23,10.01,68411,69167700.0,2.17,-0.49,-0.05,0.95,3.2,2.5,-0.6,-3.0,-4.9,-5.19,-3.2,-0.7,0.1,2.5,9.94,9.75,9.89,9.71,1.19,0.99,-0.99,-0.4,-0.59,1.88,1.68,2.78,0.89,0.79
2014-11-04,600508,10.09,10.13,10.21,9.95,71995,72668300.0,2.58,0.4,0.04,1.0,3.12,0.0,-2.41,-4.32,-4.62,-2.61,-0.1,0.7,3.12,2.81,10.03,9.77,9.92,9.74,0.59,-1.38,-0.79,-0.99,1.48,1.28,2.37,0.49,0.39,-2.07
2014-11-05,600508,10.09,9.94,10.19,9.93,56074,56225059.0,2.57,-1.88,-0.19,0.78,0.2,-2.22,-4.13,-4.43,-2.42,0.1,0.91,3.32,3.02,2.82,10.04,9.8,9.94,9.77,0.5,1.11,0.91,3.42,3.22,4.33,2.41,2.31,-0.2,-1.51
2014-11-06,600508,9.91,9.86,9.99,9.71,50509,49696591.0,2.82,-0.8,-0.08,0.7,0.0,-1.96,-2.27,-0.21,2.37,3.19,5.66,5.36,5.15,4.94,10.03,9.84,9.94,9.79,1.93,1.72,4.26,4.06,5.17,3.25,3.14,0.61,-0.71,-0.1
2014-11-07,600508,9.85,9.85,10.05,9.8,60967,60605691.0,2.54,-0.1,-0.01,0.84,-2.86,-3.16,-1.12,1.43,2.24,4.69,4.39,4.18,3.98,1.94,9.97,9.89,9.94,9.81,1.83,4.37,4.16,5.28,3.35,3.25,0.71,-0.61,0.0,0.0
2014-11-10,600508,9.82,9.99,10.03,9.82,47904,47675962.0,2.13,1.42,0.14,0.66,-3.36,-1.32,1.22,2.04,4.48,4.18,3.97,3.77,1.73,2.34,9.95,9.95,9.92,9.84,2.9,2.7,3.8,1.9,1.8,-0.7,-2.0,-1.4,-1.4,1.7
2014-11-11,600508,10.02,9.9,10.28,9.82,115347,116148042.0,4.6,-0.9,-0.09,1.6,-1.32,1.22,2.04,4.48,4.18,3.97,3.77,1.73,2.34,2.14,9.91,9.97,9.88,9.85,3.64,4.75,2.83,2.73,0.2,-1.11,-0.51,-0.51,2.63,4.04
2014-11-12,600508,9.88,10.25,10.26,9.8,112994,114445200.0,4.65,3.54,0.35,1.56,1.43,2.24,4.69,4.39,4.18,3.98,1.94,2.55,2.35,4.9,9.97,10.01,9.87,9.87,1.17,-0.68,-0.78,-3.22,-4.49,-3.9,-3.9,-0.88,0.49,0.49
2014-11-13,600508,10.25,10.19,10.37,10.09,100812,102955461.0,2.73,-0.59,-0.06,1.39,-0.69,1.68,1.39,1.19,0.99,-0.99,-0.4,-0.59,1.88,1.68,10.04,10.03,9.88,9.9,-0.1,-0.2,-2.65,-3.93,-3.34,-3.34,-0.29,1.08,1.08,3.63
2014-11-14,600508,10.12,10.09,10.18,10.0,59382,59841319.0,1.77,-0.98,-0.1,0.82,2.6,2.3,2.1,1.9,-0.1,0.5,0.3,2.8,2.6,3.7,10.08,10.03,9.89,9.92,0.79,-1.68,-2.97,-2.38,-2.38,0.69,2.08,2.08,4.66,2.78
2014-11-17,600508,10.14,9.93,10.17,9.9,54061,54183989.0,2.68,-1.59,-0.16,0.75,3.33,3.13,2.93,0.91,1.52,1.31,3.84,3.64,4.75,2.83,10.07,10.01,9.88,9.93,-0.1,-1.41,-0.81,-0.81,2.32,3.73,3.73,6.34,4.43,8.86
2014-11-18,600508,9.88,9.74,9.92,9.69,56681,55362252.0,2.32,-1.91,-0.19,0.78,5.37,5.16,3.1,3.72,3.51,6.09,5.88,7.02,5.06,4.95,10.04,9.97,9.87,9.94,0.51,1.13,1.13,4.31,5.75,5.75,8.42,6.47,10.99,9.86
2014-11-19,600508,9.73,9.78,9.79,9.7,33722,32868525.0,0.92,0.41,0.04,0.47,5.05,2.99,3.61,3.4,5.98,5.77,6.91,4.95,4.85,2.27,9.95,9.96,9.88,9.94,0.72,0.72,3.89,5.32,5.32,7.98,6.03,10.53,9.41,12.99
2014-11-20,600508,9.78,9.82,9.85,9.75,29702,29142046.0,1.02,0.41,0.04,0.41,2.46,3.08,2.87,5.44,5.23,6.36,4.41,4.31,1.74,0.41,9.87,9.95,9.9,9.94,0.31,3.46,4.89,4.89,7.54,5.6,10.08,8.96,12.53,19.14
2014-11-21,600508,9.82,9.85,9.85,9.71,35192,34419338.0,1.43,0.31,0.03,0.49,3.5,3.3,5.87,5.66,6.8,4.84,4.74,2.16,0.82,1.44,9.82,9.95,9.92,9.94,3.15,4.57,4.57,7.21,5.28,9.75,8.63,12.18,18.78,18.17
2014-11-24,600508,9.9,10.1,10.16,9.88,94926,95474166.0,2.84,2.54,0.25,1.31,1.52,4.05,3.85,4.96,3.04,2.94,0.4,-0.91,-0.3,-0.3,9.86,9.97,9.96,9.93,1.98,1.98,4.55,2.67,7.03,5.94,9.41,15.84,15.25,10.89
2014-11-25,600508,10.12,10.26,10.3,10.03,109232,111220371.0,2.67,1.58,0.16,1.51,2.49,2.29,3.39,1.5,1.4,-1.1,-2.39,-1.79,-1.79,1.3,9.96,10.0,9.98,9.92,0.39,2.92,1.07,5.36,4.29,7.7,14.04,13.45,9.16,11.5
2014-11-26,600508,10.25,10.26,10.3,10.12,93370,95361337.0,1.75,0.0,0.0,1.29,1.38,2.47,0.59,0.49,-1.98,-3.26,-2.67,-2.67,0.4,1.78,10.06,10.0,10.0,9.92,2.92,1.07,5.36,4.29,7.7,14.04,13.45,9.16,11.5,4.58
2014-11-27,600508,10.3,10.37,10.56,10.21,127109,131988755.0,3.41,1.07,0.11,1.76,1.57,-0.29,-0.39,-2.84,-4.11,-3.53,-3.53,-0.49,0.88,0.88,10.17,10.02,10.03,9.93,0.0,4.24,3.18,6.56,12.83,12.25,8.0,10.32,3.47,4.34
2014-11-28,600508,10.37,10.26,10.37,10.1,93876,95818369.0,2.6,-1.06,-0.11,1.3,0.79,0.69,-1.78,-3.07,-2.48,-2.48,0.59,1.98,1.98,4.55,10.25,10.04,10.03,9.94,5.36,4.29,7.7,14.04,13.45,9.16,11.5,4.58,5.46,6.63
2014-12-01,600508,10.26,10.5,10.81,10.25,183083,193865279.0,5.46,2.34,0.24,2.53,-0.78,-3.22,-4.49,-3.9,-3.9,-0.88,0.49,0.49,3.02,1.17,10.33,10.09,10.05,9.95,1.9,5.24,11.43,10.86,6.67,8.95,2.19,3.05,4.19,3.05
2014-12-02,600508,10.53,10.63,10.7,10.41,122918,129699146.0,2.76,1.24,0.13,1.7,-4.71,-5.96,-5.38,-5.38,-2.4,-1.06,-1.06,1.44,-0.38,3.84,10.4,10.18,10.08,9.97,3.95,10.07,9.5,5.36,7.62,0.94,1.79,2.92,1.79,5.27
2014-12-03,600508,10.68,10.83,11.05,10.59,196106,212881108.0,4.33,1.88,0.2,2.71,-7.55,-6.99,-6.99,-4.06,-2.74,-2.74,-0.28,-2.08,2.08,1.04,10.52,10.29,10.12,10.01,8.03,7.48,3.42,5.63,-0.92,-0.09,1.02,-0.09,3.32,3.97
2014-12-04,600508,10.91,11.56,11.7,10.83,295136,331275344.0,8.03,6.74,0.73,4.08,-9.05,-9.05,-6.19,-4.89,-4.89,-2.49,-4.25,-0.18,-1.2,2.03,10.76,10.46,10.21,10.08,0.69,-3.11,-1.04,-7.18,-6.4,-5.36,-6.4,-3.2,-2.6,-3.89
2014-12-05,600508,11.58,10.96,11.64,10.5,238876,266284984.0,9.86,-5.19,-0.6,3.31,-6.19,-3.24,-1.9,-1.9,0.57,-1.24,2.95,1.9,5.24,11.43,10.9,10.57,10.26,10.14,2.19,4.38,-2.1,-1.28,-0.18,-1.28,2.1,2.74,1.37,3.74
2014-12-08,600508,10.88,11.07,11.2,10.6,165857,181304319.0,5.47,1.0,0.11,2.29,-4.15,-2.83,-2.83,-0.38,-2.17,1.98,0.94,4.25,10.38,9.81,11.01,10.67,10.32,10.19,3.34,-3.07,-2.26,-1.17,-2.26,1.08,1.72,0.36,2.71,9.39
2014-12-09,600508,11.05,10.44,11.44,10.39,214450,236038465.0,9.49,-5.69,-0.63,2.97,-0.87,-0.87,1.64,-0.19,4.04,2.98,6.35,12.61,12.03,7.8,10.97,10.69,10.34,10.22,2.78,3.64,4.79,3.64,7.18,7.85,6.42,8.91,16.0,10.15
2014-12-10,600508,10.45,10.72,10.73,10.23,100555,105916576.0,4.79,2.68,0.28,1.39,0.68,3.23,1.37,5.67,4.59,8.02,14.37,13.78,9.48,11.83,10.95,10.73,10.37,10.25,0.93,2.05,0.93,4.38,5.04,3.64,6.06,12.97,7.28,3.64
2014-12-11,600508,10.63,10.7,10.82,10.5,101395,108018620.0,2.99,-0.19,-0.02,1.4,0.57,-1.24,2.95,1.9,5.24,11.43,10.86,6.67,8.95,2.19,10.78,10.77,10.39,10.27,2.24,1.12,4.58,5.23,3.83,6.26,13.18,7.48,3.83,3.74
2014-12-12,600508,10.7,10.84,10.94,10.7,95025,102853026.0,2.24,1.31,0.14,1.31,-3.08,1.03,0.0,3.27,9.35,8.79,4.67,6.92,0.28,1.12,10.75,10.83,10.43,10.3,-0.18,3.23,3.87,2.49,4.89,11.72,6.09,2.49,2.4,5.07
2014-12-15,600508,10.8,10.75,10.82,10.58,93313,100051307.0,2.21,-0.83,-0.09,1.29,2.17,1.13,4.44,10.59,10.02,5.86,8.13,1.42,2.27,3.4,10.69,10.85,10.47,10.32,4.09,4.74,3.35,5.77,12.65,6.98,3.35,3.26,5.95,7.44
2014-12-16,600508,10.75,11.12,11.19,10.69,158142,173714466.0,4.65,3.44,0.37,2.19,0.09,3.37,9.45,8.89,4.77,7.02,0.37,1.22,2.34,1.22,10.83,10.9,10.54,10.35,1.26,-0.09,2.25,8.9,3.42,-0.09,-0.18,2.43,3.87,0.45
2014-12-17,600508,11.26,10.93,11.26,10.81,127736,140390868.0,4.05,-1.71,-0.19,1.77,2.22,8.23,7.68,3.61,5.83,-0.74,0.09,1.2,0.09,3.52,10.87,10.91,10.6,10.38,1.65,4.03,10.8,5.22,1.65,1.56,4.21,5.67,2.2,3.2
2014-12-18,600508,10.9,10.9,11.11,10.81,82473,90472099.0,2.74,-0.27,-0.03,1.14,8.23,7.68,3.61,5.83,-0.74,0.09,1.2,0.09,3.52,4.16,10.91,10.84,10.65,10.42,4.31,11.1,5.5,1.93,1.83,4.5,5.96,2.48,3.49,13.67
2014-12-19,600508,10.82,11.19,11.37,10.7,176854,196418794.0,6.15,2.66,0.29,2.45,8.79,4.67,6.92,0.28,1.12,2.24,1.12,4.58,5.23,3.83,10.98,10.87,10.72,10.46,8.22,2.77,-0.71,-0.8,1.79,3.22,-0.18,0.8,10.72,10.72
2014-12-22,600508,11.4,11.64,12.11,11.19,309910,359566528.0,8.22,4.02,0.45,4.29,0.09,2.23,-4.11,-3.31,-2.23,-3.31,0.0,0.63,-0.71,1.61,11.16,10.92,10.8,10.52,-1.2,-4.55,-4.64,-2.15,-0.77,-4.04,-3.09,6.44,6.44,4.12
2014-12-23,600508,11.5,10.91,11.5,10.66,153091,169424328.0,7.22,-6.27,-0.73,2.12,7.32,0.66,1.5,2.63,1.5,4.97,5.63,4.22,6.66,13.6,11.11,10.97,10.83,10.55,1.83,1.74,4.4,5.87,2.38,3.39,13.57,13.57,11.09,12.74
2014-12-24,600508,10.93,10.79,11.11,10.62,102861,111405605.0,4.49,-1.1,-0.12,1.42,1.04,1.88,3.01,1.88,5.37,6.03,4.61,7.06,14.03,8.29,11.09,10.98,10.86,10.57,2.87,5.56,7.04,3.52,4.54,14.83,14.83,12.33,13.99,11.96
2014-12-25,600508,10.94,11.09,11.1,10.82,85304,93689399.0,2.59,2.78,0.3,1.18,0.0,1.11,0.0,3.42,4.07,2.68,5.08,11.92,6.28,2.68,11.12,11.02,10.89,10.6,2.71,4.15,0.72,1.71,11.72,11.72,9.29,10.91,8.93,5.95
2014-12-26,600508,11.15,11.32,11.39,11.03,121810,136617871.0,3.25,2.07,0.23,1.69,-0.82,-1.9,1.45,2.09,0.73,3.08,9.79,4.26,0.73,0.63,11.15,11.06,10.94,10.64,2.03,-1.33,-0.35,9.45,9.45,7.07,8.66,6.71,3.8,2.3
2014-12-29,600508,11.37,11.17,11.55,11.04,142064,161092514.0,4.51,-1.33,-0.15,1.97,-1.99,1.36,1.99,0.63,2.99,9.69,4.17,0.63,0.54,3.17,11.06,11.11,10.98,10.68,0.0,0.98,10.92,10.92,8.5,10.12,8.15,5.19,3.67,3.76
2014-12-30,600508,11.17,11.01,11.17,10.79,92004,100932476.0,3.4,-1.43,-0.16,1.27,3.71,4.36,2.97,5.38,12.23,6.58,2.97,2.87,5.56,7.04,11.08,11.1,11.0,10.73,2.45,12.53,12.53,10.08,11.72,9.72,6.72,5.18,5.27,5.0
2014-12-31,600508,10.98,11.26,11.28,10.94,97813,108828773.0,3.09,2.27,0.25,1.35,2.93,1.55,3.93,10.69,5.12,1.55,1.46,4.11,5.58,2.1,11.17,11.13,11.02,10.77,10.04,10.04,7.64,9.24,7.28,4.35,2.84,2.93,2.66,4.17
2015-01-05,600508,11.27,12.39,12.39,11.26,415756,501339568.0,10.04,10.04,1.13,5.75,-1.33,0.98,7.55,2.13,-1.33,-1.42,1.15,2.58,-0.8,0.18,11.43,11.28,11.06,10.86,0.0,-2.18,-0.73,-2.5,-5.17,-6.54,-6.46,-6.7,-5.33,-7.1
2015-01-06,600508,12.39,11.96,12.39,11.76,297507,357042992.0,5.08,-3.47,-0.43,4.12,-3.32,2.98,-2.21,-5.53,-5.61,-3.15,-1.79,-5.02,-4.08,5.36,11.56,11.35,11.11,10.93,1.34,2.84,1.0,-1.76,-3.18,-3.09,-3.34,-1.92,-3.76,-9.36
2015-01-07,600508,11.76,11.96,12.12,11.71,130867,155928285.0,3.43,0.0,0.0,1.81,3.42,-1.79,-5.12,-5.21,-2.73,-1.37,-4.61,-3.67,5.81,5.81,11.72,11.39,11.15,10.99,2.84,1.0,-1.76,-3.18,-3.09,-3.34,-1.92,-3.76,-9.36,-7.53
2015-01-08,600508,12.03,12.06,12.3,11.9,201843,243834401.0,3.34,0.84,0.1,2.79,-3.36,-6.64,-6.72,-4.29,-2.94,-6.13,-5.21,4.12,4.12,1.85,11.93,11.5,11.24,11.05,0.17,-2.57,-3.98,-3.9,-4.15,-2.74,-4.56,-10.12,-8.29,-6.72
2015-01-09,600508,12.0,11.85,12.08,11.82,130658,156092791.0,2.16,-1.74,-0.21,1.81,-6.01,-6.09,-3.64,-2.28,-5.5,-4.57,4.82,4.82,2.54,4.06,12.04,11.61,11.29,11.11,-0.84,-2.28,-2.19,-2.45,-1.01,-2.87,-8.52,-6.67,-5.06,-5.65
2015-01-12,600508,11.75,11.45,11.75,11.4,106701,123505658.0,2.95,-3.38,-0.4,1.48,-2.63,-0.09,1.32,-2.02,-1.05,8.68,8.68,6.32,7.89,5.96,11.86,11.64,11.33,11.14,1.14,1.22,0.96,2.45,0.52,-5.33,-3.41,-1.75,-2.36,-1.83
2015-01-13,600508,11.43,11.51,11.58,11.4,43928,50466051.0,1.57,0.52,0.06,0.61,-0.09,1.32,-2.02,-1.05,8.68,8.68,6.32,7.89,5.96,3.07,11.77,11.66,11.36,11.18,0.7,0.43,1.91,0.0,-5.82,-3.91,-2.26,-2.87,-2.35,-1.65
2015-01-14,600508,11.5,11.33,11.59,11.21,51102,58171791.0,3.3,-1.56,-0.18,0.71,3.03,-0.36,0.62,10.53,10.53,8.12,9.72,7.76,4.82,3.3,11.64,11.68,11.39,11.21,2.03,3.53,1.59,-4.32,-2.38,-0.71,-1.32,-0.79,-0.09,-1.15
2015-01-15,600508,11.39,11.54,11.56,11.23,53280,60844470.0,2.91,1.85,0.21,0.74,-0.53,0.45,10.33,10.33,7.93,9.53,7.57,4.63,3.12,3.21,11.54,11.73,11.41,11.24,1.65,-0.26,-6.07,-4.16,-2.51,-3.12,-2.6,-1.91,-2.95,-2.86
2015-01-16,600508,11.58,11.68,11.73,11.53,62176,72307023.0,1.73,1.21,0.14,0.86,-2.17,7.46,7.46,5.12,6.68,4.77,1.91,0.43,0.52,0.26,11.5,11.77,11.45,11.27,-1.46,-7.19,-5.31,-3.68,-4.28,-3.77,-3.08,-4.11,-4.02,-4.11
2015-01-19,600508,11.35,10.52,11.51,10.51,126290,137883834.0,8.56,-9.93,-1.16,1.75,17.89,17.89,15.32,17.03,14.94,11.8,10.18,10.28,9.99,11.61,11.32,11.59,11.43,11.24,3.04,5.13,6.94,6.27,6.84,7.6,6.46,6.56,6.46,3.14
2015-01-20,600508,10.55,10.7,10.84,10.55,70246,75059628.0,2.76,1.71,0.18,0.97,17.44,14.88,16.59,14.5,11.37,9.76,9.86,9.57,11.18,9.1,11.15,11.46,11.41,11.23,3.36,5.14,4.49,5.05,5.79,4.67,4.77,4.67,1.4,1.21
2015-01-21,600508,10.71,11.03,11.06,10.66,75772,82784258.0,3.74,3.08,0.33,1.05,13.7,15.38,13.32,10.23,8.63,8.72,8.44,10.04,7.97,1.69,11.09,11.37,11.38,11.23,1.99,1.36,1.9,2.63,1.54,1.63,1.54,-1.63,-1.81,0.0
2015-01-22,600508,11.04,11.13,11.25,10.95,72924,81035659.0,2.72,0.91,0.1,1.01,12.33,10.32,7.31,5.75,5.84,5.57,7.12,5.11,-1.0,1.0,11.01,11.27,11.39,11.25,0.45,0.99,1.71,0.63,0.72,0.63,-2.52,-2.7,-0.9,-1.17
2015-01-23,600508,11.15,10.95,11.18,10.88,77388,85221774.0,2.7,-1.62,-0.18,1.07,11.03,8.0,6.43,6.53,6.25,7.81,5.79,-0.37,1.65,3.4,10.87,11.18,11.4,11.26,2.65,3.38,2.28,2.37,2.28,-0.91,-1.1,0.73,0.46,-2.65
2015-01-26,600508,10.93,11.22,11.24,10.8,61645,68216173.0,4.02,2.47,0.27,0.85,8.8,7.22,7.31,7.04,8.61,6.57,0.37,2.41,4.17,3.52,11.01,11.16,11.4,11.27,0.89,-0.18,-0.09,-0.18,-3.3,-3.48,-1.69,-1.96,-4.99,-6.86
2015-01-27,600508,11.25,11.15,11.32,11.0,68939,76907001.0,2.85,-0.62,-0.07,0.95,5.27,5.36,5.09,6.64,4.64,-1.45,0.55,2.27,1.64,2.18,11.1,11.13,11.39,11.28,0.45,0.54,0.45,-2.69,-2.87,-1.08,-1.35,-4.39,-6.28,-6.19
2015-01-28,600508,11.14,11.07,11.2,11.02,47922,53271357.0,1.61,-0.72,-0.08,0.66,5.17,4.9,6.44,4.45,-1.63,0.36,2.09,1.45,2.0,2.72,11.1,11.1,11.39,11.29,1.26,1.17,-1.99,-2.17,-0.36,-0.63,-3.7,-5.6,-5.51,-5.42
2015-01-29,600508,10.98,11.09,11.21,10.86,53916,59771346.0,3.16,0.18,0.02,0.75,6.45,8.01,5.99,-0.18,1.84,3.59,2.95,3.5,4.24,3.13,11.1,11.05,11.39,11.29,0.99,-2.16,-2.34,-0.54,-0.81,-3.88,-5.77,-5.68,-5.59,-5.68
2015-01-30,600508,11.09,10.99,11.2,10.96,41322,45711010.0,2.16,-0.9,-0.1,0.57,7.03,5.02,-1.09,0.91,2.65,2.01,2.55,3.28,2.19,2.28,11.1,10.99,11.38,11.3,-1.27,-1.46,0.36,0.09,-3.0,-4.91,-4.82,-4.73,-4.82,-2.82
2015-02-02,600508,10.78,10.63,10.85,10.6,52551,56352048.0,2.27,-3.28,-0.36,0.73,8.58,2.26,4.34,6.13,5.47,6.04,6.79,5.66,5.75,5.66,10.99,11.0,11.29,11.29,1.88,3.76,3.48,0.28,-1.69,-1.6,-1.51,-1.6,0.47,1.22
2015-02-03,600508,10.64,10.82,10.83,10.64,38425,41274930.0,1.79,1.79,0.19,0.53,1.88,3.95,5.73,5.08,5.64,6.39,5.26,5.36,5.26,1.97,10.92,11.01,11.23,11.27,1.94,1.66,-1.48,-3.42,-3.33,-3.23,-3.33,-1.29,-0.55,0.37
2015-02-04,600508,10.95,10.84,11.03,10.82,48153,52715180.0,1.94,0.18,0.02,0.67,2.22,3.97,3.33,3.88,4.62,3.51,3.6,3.51,0.28,0.09,10.87,10.99,11.18,11.25,1.48,-1.66,-3.6,-3.51,-3.41,-3.51,-1.48,-0.74,0.18,0.37
2015-02-05,600508,10.98,10.62,11.0,10.62,43622,47212636.0,3.51,-2.03,-0.22,0.6,5.93,5.27,5.84,6.59,5.46,5.56,5.46,2.17,1.98,3.86,10.78,10.94,11.11,11.24,0.38,-1.6,-1.51,-1.41,-1.51,0.56,1.32,2.26,2.45,3.11
2015-02-06,600508,10.62,10.31,10.66,10.23,52426,54591987.0,4.05,-2.92,-0.31,0.73,9.29,9.87,10.65,9.48,9.58,9.48,6.06,5.87,7.82,7.53,10.64,10.87,11.03,11.22,1.36,1.45,1.55,1.45,3.59,4.36,5.33,5.53,6.21,6.3
2015-02-09,600508,10.33,10.33,10.45,10.25,24843,25634684.0,1.94,0.19,0.02,0.34,9.66,10.44,9.27,9.37,9.27,5.85,5.66,7.61,7.32,4.0,10.58,10.79,10.97,11.2,1.26,1.36,1.26,3.39,4.16,5.13,5.32,6.0,6.1,7.45
2015-02-10,600508,10.33,10.38,10.46,10.26,23749,24606940.0,1.94,0.48,0.05,0.33,10.33,9.16,9.26,9.16,5.75,5.56,7.5,7.21,3.9,1.85,10.5,10.71,10.92,11.16,0.87,0.77,2.89,3.66,4.62,4.82,5.49,5.59,6.94,5.97
2015-02-11,600508,10.45,10.4,10.47,10.38,22624,23565127.0,0.87,0.19,0.02,0.31,7.9,8.0,7.9,4.53,4.34,6.26,5.97,2.7,0.67,0.77,10.41,10.64,10.87,11.14,0.58,2.69,3.46,4.42,4.62,5.29,5.38,6.73,5.77,5.29
2015-02-12,600508,10.4,10.45,10.46,10.36,24743,25745536.0,0.96,0.48,0.05,0.34,8.2,8.11,4.73,4.54,6.47,6.18,2.9,0.87,0.97,1.06,10.37,10.58,10.82,11.12,2.2,2.97,3.92,4.11,4.78,4.88,6.22,5.26,4.78,4.78
2015-02-13,600508,10.5,10.58,10.68,10.5,42091,44634343.0,1.72,1.24,0.13,0.58,6.67,3.33,3.14,5.05,4.76,1.52,-0.48,-0.38,-0.29,-0.38,10.43,10.54,10.76,11.1,1.7,2.65,2.84,3.5,3.59,4.91,3.97,3.5,3.5,5.2
2015-02-16,600508,10.58,10.75,10.76,10.58,28153,30128690.0,1.7,1.61,0.17,0.39,2.55,2.36,4.25,3.97,0.76,-1.23,-1.13,-1.04,-1.13,0.95,10.51,10.55,10.77,11.04,1.02,1.21,1.86,1.95,3.26,2.33,1.86,1.86,3.53,3.63
2015-02-17,600508,10.78,10.85,10.86,10.77,25963,28105335.0,0.84,0.93,0.1,0.36,0.56,2.41,2.14,-1.02,-2.97,-2.88,-2.79,-2.88,-0.84,-0.09,10.61,10.55,10.78,11.01,0.28,0.92,1.01,2.3,1.38,0.92,0.92,2.58,2.67,3.69
2015-02-25,600508,10.86,10.76,10.88,10.7,30229,32662494.0,1.66,-0.83,-0.09,0.42,3.08,2.8,-0.37,-2.34,-2.24,-2.15,-2.24,-0.19,0.56,1.5,10.68,10.54,10.77,10.97,1.77,1.86,3.16,2.23,1.77,1.77,3.44,3.53,4.55,4.83
2015-02-26,600508,10.7,10.94,10.95,10.7,42218,45838979.0,2.32,1.67,0.18,0.58,2.8,-0.37,-2.34,-2.24,-2.15,-2.24,-0.19,0.56,1.5,1.68,10.78,10.58,10.76,10.93,0.18,1.46,0.55,0.09,0.09,1.74,1.83,2.83,3.11,3.38
2015-02-27,600508,10.93,10.92,10.96,10.85,45073,49174779.0,1.01,-0.18,-0.02,0.62,-1.75,-3.69,-3.59,-3.5,-3.59,-1.57,-0.83,0.09,0.28,0.92,10.84,10.64,10.75,10.9,1.65,0.73,0.27,0.27,1.92,2.01,3.02,3.3,3.57,6.41
2015-03-02,600508,10.95,11.05,11.1,10.9,54625,60197383.0,1.83,1.19,0.13,0.76,-4.13,-4.04,-3.94,-4.04,-2.02,-1.28,-0.37,-0.18,0.46,0.55,10.9,10.71,10.75,10.88,-0.45,-0.9,-0.9,0.72,0.81,1.81,2.08,2.35,5.16,5.16
2015-03-03,600508,11.0,10.82,11.0,10.8,54126,58871193.0,1.81,-2.08,-0.23,0.75,-3.15,-3.06,-3.15,-1.11,-0.37,0.56,0.74,1.39,1.48,2.78,10.9,10.75,10.73,10.86,1.2,1.2,2.87,2.96,3.97,4.25,4.53,7.39,7.39,8.5
2015-03-04,600508,10.83,10.91,10.95,10.78,49353,53706369.0,1.57,0.83,0.09,0.68,-2.88,-2.97,-0.93,-0.19,0.74,0.93,1.58,1.67,2.97,2.04,10.93,10.8,10.72,10.85,0.37,2.02,2.11,3.12,3.39,3.67,6.51,6.51,7.61,9.53
2015-03-05,600508,10.91,10.86,10.95,10.77,48286,52490095.0,1.65,-0.46,-0.05,0.67,-2.88,-0.84,-0.09,0.84,1.02,1.67,1.76,3.06,2.14,1.67,10.91,10.84,10.71,10.82,2.49,2.58,3.59,3.87,4.14,7.0,7.0,8.1,10.04,11.14
2015-03-06,600508,10.86,11.06,11.13,10.79,75842,83424712.0,3.13,1.84,0.2,1.05,-1.02,-0.28,0.65,0.83,1.48,1.58,2.87,1.95,1.48,1.48,10.94,10.89,10.71,10.8,0.72,1.72,1.99,2.26,5.06,5.06,6.15,8.05,9.13,8.32
2015-03-09,600508,11.06,11.14,11.14,10.83,67170,73800417.0,2.8,0.72,0.08,0.93,-0.65,0.28,0.46,1.11,1.2,2.49,1.57,1.11,1.11,2.77,10.96,10.93,10.74,10.82,0.99,1.26,1.53,4.31,4.31,5.39,7.27,8.35,7.54,10.05
2015-03-10,600508,11.14,11.14,11.25,11.1,67555,75571288.0,1.35,0.0,0.0,0.93,-2.16,-1.98,-1.35,-1.26,0.0,-0.9,-1.35,-1.35,0.27,0.36,11.02,10.96,10.76,10.84,1.26,1.53,4.31,4.31,5.39,7.27,8.35,7.54,10.05,10.41
2015-03-11,600508,11.14,11.19,11.28,11.05,50217,56015786.0,2.06,0.45,0.05,0.69,-1.54,-0.9,-0.81,0.45,-0.45,-0.9,-0.9,0.72,0.81,1.81,11.08,11.0,10.77,10.84,1.07,3.84,3.84,4.92,6.79,7.86,7.06,9.56,9.92,6.7
2015-03-12,600508,11.12,11.3,11.31,11.12,81721,91666719.0,1.7,0.98,0.11,1.13,-1.53,-1.44,-0.18,-1.08,-1.53,-1.53,0.09,0.18,1.17,1.44,11.17,11.04,10.81,10.85,2.83,2.83,3.89,5.75,6.81,6.02,8.5,8.85,5.66,6.19
2015-03-13,600508,11.37,11.48,11.62,11.28,112551,129039227.0,3.01,1.59,0.18,1.56,-2.84,-1.6,-2.48,-2.93,-2.93,-1.33,-1.24,-0.27,0.0,0.27,11.25,11.1,10.87,10.87,1.22,2.26,4.09,5.14,4.36,6.79,7.14,4.01,4.53,5.14
2015-03-16,600508,11.49,11.62,11.62,11.38,137002,158059463.0,2.09,1.22,0.14,1.9,-2.46,-3.34,-3.78,-3.78,-2.2,-2.11,-1.14,-0.88,-0.62,2.11,11.35,11.15,10.93,10.88,1.03,2.84,3.87,3.1,5.51,5.85,2.75,3.27,3.87,6.2
2015-03-17,600508,11.63,11.68,11.74,11.55,115478,134487553.0,1.64,0.52,0.06,1.6,-4.76,-5.19,-5.19,-3.64,-3.55,-2.6,-2.34,-2.08,0.61,0.61,11.45,11.24,10.99,10.9,2.31,3.34,2.57,4.97,5.31,2.23,2.74,3.34,5.65,5.74
2015-03-18,600508,11.67,11.94,11.95,11.64,127407,150665682.0,2.65,2.23,0.26,1.76,-5.93,-5.93,-4.38,-4.3,-3.35,-3.09,-2.84,-0.17,-0.17,0.86,11.6,11.34,11.07,10.93,1.09,0.34,2.68,3.02,0.0,0.5,1.09,3.35,3.43,2.6
2015-03-19,600508,11.95,11.94,12.07,11.8,135264,161726475.0,2.26,0.0,0.0,1.87,-7.2,-5.68,-5.59,-4.66,-4.41,-4.15,-1.53,-1.53,-0.51,1.27,11.73,11.45,11.15,10.96,0.34,2.68,3.02,0.0,0.5,1.09,3.35,3.43,2.6,5.44
2015-03-20,600508,11.93,11.97,11.98,11.82,118100,140340950.0,1.34,0.25,0.03,1.63,-5.84,-5.75,-4.82,-4.57,-4.31,-1.69,-1.69,-0.68,1.1,2.12,11.83,11.54,11.22,10.99,2.42,2.76,-0.25,0.25,0.84,3.09,3.17,2.34,5.18,7.27
2015-03-23,600508,11.92,12.26,12.26,11.91,191530,231651267.0,2.92,2.42,0.29,2.65,-6.47,-5.54,-5.29,-5.04,-2.43,-2.43,-1.43,0.34,1.34,0.59,11.96,11.65,11.29,11.04,0.33,-2.61,-2.12,-1.55,0.65,0.73,-0.08,2.69,4.73,5.87
2015-03-24,600508,12.28,11.94,12.3,11.72,154593,185359724.0,4.73,-2.61,-0.32,2.14,-4.01,-3.75,-3.5,-0.85,-0.85,0.17,1.96,2.99,2.22,4.61,12.01,11.73,11.35,11.08,0.0,0.5,1.09,3.35,3.43,2.6,5.44,7.54,8.71,8.54
2015-03-25,600508,11.94,11.82,11.94,11.7,114097,134653928.0,2.01,-1.01,-0.12,1.58,-3.59,-3.33,-0.68,-0.68,0.34,2.14,3.16,2.39,4.79,5.13,11.99,11.8,11.4,11.11,1.52,2.12,4.4,4.48,3.64,6.51,8.63,9.81,9.64,9.22
2015-03-26,600508,11.79,11.91,12.0,11.71,121145,144000249.0,2.45,0.76,0.09,1.68,-3.42,-0.77,-0.77,0.26,2.05,3.07,2.31,4.7,5.04,1.96,11.98,11.86,11.45,11.16,1.34,3.61,3.69,2.85,5.71,7.81,8.98,8.82,8.4,8.9
2015-03-27,600508,11.92,11.99,12.07,11.92,104309,125135690.0,1.26,0.67,0.08,1.44,-2.52,-2.52,-1.51,0.25,1.26,0.5,2.85,3.19,0.17,0.67,11.98,11.91,11.5,11.21,2.92,3.0,2.17,5.0,7.09,8.26,8.09,7.67,8.17,11.34
2015-03-30,600508,12.01,12.29,12.34,11.94,173445,211043149.0,3.34,2.5,0.3,2.4,-2.68,-1.68,0.08,1.09,0.34,2.68,3.02,0.0,0.5,1.09,11.99,11.97,11.56,11.28,0.49,-0.33,2.44,4.48,5.61,5.45,5.04,5.53,8.62,8.22
2015-03-31,600508,12.32,12.02,12.35,12.02,148033,179934808.0,2.69,-2.2,-0.27,2.05,-2.33,-0.58,0.42,-0.33,2.0,2.33,-0.67,-0.17,0.42,2.66,12.01,12.01,11.62,11.33,1.91,4.74,6.82,7.99,7.82,7.4,7.9,11.06,10.65,7.82
2015-04-01,600508,11.96,12.21,12.25,11.91,136987,165999545.0,2.83,1.58,0.19,1.9,0.34,1.34,0.59,2.94,3.27,0.25,0.76,1.34,3.61,3.69,12.08,12.04,11.69,11.39,3.11,5.16,6.31,6.14,5.73,6.22,9.34,8.93,6.14,5.08
2015-04-02,600508,12.21,12.39,12.59,12.15,166402,206239615.0,3.6,1.47,0.18,2.3,-0.66,-1.4,0.91,1.23,-1.73,-1.23,-0.66,1.56,1.65,0.82,12.18,12.08,11.76,11.46,3.63,4.76,4.6,4.2,4.68,7.75,7.34,4.6,3.55,7.34
2015-04-03,600508,12.37,12.71,12.84,12.24,218697,275397152.0,4.84,2.58,0.32,3.03,-2.12,0.16,0.49,-2.45,-1.96,-1.39,0.82,0.9,0.08,2.86,12.32,12.15,11.85,11.53,2.12,1.97,1.57,2.05,5.04,4.64,1.97,0.94,4.64,7.47
2015-04-07,600508,12.85,12.94,12.98,12.7,211837,272542928.0,2.2,1.81,0.23,2.93,-3.46,-3.15,-5.98,-5.51,-4.96,-2.83,-2.76,-3.54,-0.87,1.1,12.45,12.22,11.94,11.6,0.15,-0.23,0.23,3.17,2.78,0.15,-0.85,2.78,5.56,3.94
2015-04-08,600508,12.89,12.66,12.96,12.51,170442,217154050.0,3.48,-2.16,-0.28,2.36,-1.68,-4.56,-4.08,-3.52,-1.36,-1.28,-2.08,0.64,2.64,3.76,12.58,12.29,12.01,11.66,1.97,2.45,5.45,5.06,2.37,1.34,5.06,7.9,6.24,12.01
2015-04-09,600508,12.66,12.5,12.91,12.25,128798,161635271.0,5.21,-1.26,-0.16,1.78,-2.53,-2.04,-1.47,0.73,0.82,0.0,2.78,4.82,5.96,5.8,12.64,12.36,12.08,11.72,3.76,6.8,6.4,3.68,2.64,6.4,9.28,7.6,13.44,16.48
2015-04-10,600508,12.52,12.92,12.97,12.45,151383,193045413.0,4.16,3.36,0.42,2.09,-3.61,-3.05,-0.88,-0.8,-1.61,1.12,3.13,4.26,4.1,3.69,12.75,12.46,12.16,11.79,3.33,2.94,0.31,-0.7,2.94,5.73,4.1,9.75,12.69,9.52
2015-04-13,600508,12.95,13.24,13.35,12.94,186127,245031765.0,3.17,2.48,0.32,2.58,-6.72,-4.64,-4.56,-5.33,-2.7,-0.77,0.31,0.15,-0.23,0.23,12.85,12.59,12.25,11.86,0.45,-2.11,-3.1,0.45,3.17,1.59,7.1,9.97,6.87,11.25
2015-04-14,600508,13.3,12.95,13.3,12.83,145997,191029053.0,3.55,-2.19,-0.29,2.02,-3.82,-3.74,-4.52,-1.87,0.08,1.17,1.01,0.62,1.09,4.05,12.85,12.65,12.31,11.93,0.08,-0.93,2.7,5.48,3.86,9.5,12.43,9.27,13.75,17.37
2015-04-15,600508,12.91,12.57,12.96,12.45,126667,160850490.0,3.94,-2.93,-0.38,1.75,-0.8,-1.61,1.12,3.13,4.26,4.1,3.69,4.18,7.23,6.83,12.84,12.71,12.36,11.98,2.07,5.81,8.67,7.0,12.81,15.83,12.57,17.18,20.92,13.92
2015-04-16,600508,12.46,12.81,12.83,12.24,116511,146777663.0,4.69,1.91,0.24,1.61,0.08,2.86,4.9,6.05,5.88,5.47,5.96,9.07,8.66,5.88,12.9,12.77,12.4,12.05,3.83,6.64,5.0,10.69,13.66,10.46,14.99,18.66,11.79,13.35
2015-04-17,600508,12.84,13.22,13.3,12.84,214150,281560464.0,3.59,3.2,0.41,2.96,-1.95,0.0,1.09,0.93,0.55,1.01,3.97,3.58,0.93,-0.08,12.96,12.85,12.47,12.13,3.33,1.74,7.26,10.14,7.03,11.42,14.98,8.32,9.83,6.51
2015-04-20,600508,13.2,12.99,13.66,12.81,286139,378425744.0,6.43,-1.74,-0.23,3.96,0.23,1.33,1.17,0.78,1.25,4.22,3.83,1.17,0.16,3.83,12.91,12.88,12.52,12.19,3.54,9.16,12.09,8.93,13.39,17.01,10.24,11.78,8.39,8.55
2015-04-21,600508,12.95,13.41,13.45,12.86,187348,246226294.0,4.54,3.23,0.42,2.59,0.93,0.78,0.39,0.86,3.81,3.42,0.78,-0.23,3.42,6.22,13.0,12.93,12.57,12.27,5.74,8.58,5.52,9.84,13.35,6.79,8.28,5.0,5.15,-0.07
2015-04-22,600508,13.5,13.96,14.18,13.45,265900,367997264.0,5.44,4.1,0.55,3.68,-3.64,-4.01,-3.57,-0.74,-1.12,-3.64,-4.61,-1.12,1.56,0.0,13.28,13.06,12.68,12.36,4.3,1.36,5.52,8.88,2.58,4.01,0.86,1.0,-4.01,-9.38
2015-04-23,600508,13.99,14.16,14.56,13.8,253004,357047440.0,5.44,1.43,0.2,3.5,-6.45,-6.01,-3.26,-3.62,-6.09,-7.03,-3.62,-1.01,-2.54,2.75,13.55,13.22,12.79,12.46,-0.07,4.03,7.34,1.13,2.54,-0.56,-0.42,-5.37,-10.66,-10.81
2015-04-24,600508,13.99,13.91,14.15,13.71,191414,266356503.0,3.11,-1.77,-0.25,2.65,-5.4,-2.63,-2.99,-5.47,-6.42,-2.99,-0.36,-1.9,3.43,6.2,13.69,13.32,12.89,12.55,5.9,9.27,2.95,4.39,1.22,1.37,-3.67,-9.06,-9.2,-6.61
2015-04-27,600508,13.95,14.71,14.73,13.95,316640,454631376.0,5.61,5.75,0.8,4.38,-4.3,-4.66,-7.1,-8.03,-4.66,-2.08,-3.58,1.65,4.37,1.43,14.03,13.47,13.03,12.65,3.33,-2.65,-1.29,-4.28,-4.15,-8.91,-14.0,-14.14,-11.69,-9.79
2015-04-28,600508,14.7,14.16,15.2,13.95,276599,401013952.0,8.5,-3.74,-0.55,3.83,-4.66,-7.1,-8.03,-4.66,-2.08,-3.58,1.65,4.37,1.43,5.59,14.18,13.59,13.12,12.74,1.13,2.54,-0.56,-0.42,-5.37,-10.66,-10.81,-8.26,-6.29,-7.2
2015-04-29,600508,14.0,14.19,14.32,13.6,146708,205914416.0,5.08,0.21,0.03,2.03,-4.71,-5.66,-2.21,0.44,-1.1,4.26,7.06,4.04,8.31,11.76,14.23,13.75,13.23,12.82,2.33,-0.78,-0.63,-5.57,-10.85,-10.99,-8.46,-6.48,-7.4,-7.61
2015-04-30,600508,14.23,13.91,14.52,13.9,152692,217270828.0,4.37,-1.97,-0.28,2.11,-7.7,-4.32,-1.73,-3.24,2.01,4.75,1.8,5.97,9.35,3.02,14.18,13.86,13.32,12.89,1.22,1.37,-3.67,-9.06,-9.2,-6.61,-4.6,-5.54,-5.75,-6.4
2015-05-04,600508,13.88,13.97,14.08,13.66,140415,194376046.0,3.02,0.43,0.06,1.94,-2.64,0.0,-1.54,3.81,6.59,3.59,7.83,11.27,4.83,6.3,14.19,13.94,13.39,12.96,0.93,-4.08,-9.45,-9.59,-7.02,-5.01,-5.94,-6.16,-6.8,-8.8
2015-05-05,600508,13.98,13.19,14.1,13.1,153137,208966048.0,7.16,-5.58,-0.78,2.12,4.27,2.67,8.24,11.15,8.02,12.44,16.03,9.31,10.84,7.48,13.88,13.96,13.42,13.0,1.59,-4.09,-4.25,-1.52,0.61,-0.38,-0.61,-1.29,-3.41,-0.83
2015-05-06,600508,13.17,12.64,13.4,12.49,132388,172322748.0,6.9,-4.17,-0.55,1.83,7.69,13.53,16.57,13.29,17.93,21.7,14.65,16.25,12.73,12.89,13.58,13.88,13.4,13.01,0.08,-0.08,2.77,4.98,3.96,3.72,3.01,0.79,3.48,5.22
2015-05-07,600508,12.59,12.16,12.65,12.11,113768,140200814.0,4.27,-3.8,-0.48,1.57,17.09,20.23,16.85,21.64,25.52,18.25,19.9,16.27,16.43,10.65,13.17,13.7,13.38,13.02,3.87,6.83,9.13,8.06,7.81,7.07,4.77,7.57,9.38,9.54
2015-05-08,600508,12.3,12.57,12.63,12.19,112957,140420491.0,3.62,3.37,0.41,1.56,19.44,16.08,20.84,24.69,17.47,19.11,15.5,15.67,9.93,3.77,12.91,13.54,13.38,13.04,3.34,5.57,4.53,4.3,3.58,1.35,4.06,5.81,5.97,14.56
2015-05-11,600508,12.67,12.88,12.99,12.61,126266,162093898.0,3.02,2.47,0.31,1.75,12.21,16.81,20.54,13.56,15.15,11.66,11.82,6.26,0.32,0.16,12.69,13.44,13.38,13.07,3.03,2.02,1.79,1.09,-1.09,1.55,3.26,3.42,11.8,12.5
2015-05-12,600508,12.94,13.14,13.27,12.8,151736,197445193.0,3.65,2.02,0.26,2.1,15.08,18.75,11.87,13.44,10.0,10.16,4.69,-1.17,-1.33,1.48,12.68,13.28,13.37,13.11,0.0,-0.23,-0.91,-3.04,-0.46,1.22,1.37,9.59,10.27,10.96
2015-05-13,600508,13.12,12.94,13.14,12.89,138683,180251152.0,1.9,-1.52,-0.2,1.92,17.92,11.09,12.65,9.23,9.39,3.96,-1.86,-2.02,0.78,2.95,12.74,13.16,13.37,13.13,1.31,0.62,-1.55,1.08,2.78,2.94,11.28,11.98,12.67,20.17
2015-05-14,600508,12.94,13.02,13.11,12.83,118217,153315653.0,2.16,0.62,0.08,1.64,11.61,13.17,9.74,9.9,4.44,-1.4,-1.56,1.25,3.43,2.42,12.91,13.04,13.4,13.17,0.0,-2.15,0.46,2.15,2.3,10.6,11.29,11.98,19.43,18.13
2015-05-15,600508,13.01,12.58,13.02,12.53,113414,144378822.0,3.76,-3.38,-0.44,1.57,15.88,12.37,12.53,6.94,0.96,0.8,3.67,5.91,4.87,4.63,12.91,12.91,13.39,13.18,1.27,3.97,5.72,5.88,14.47,15.18,15.9,23.61,22.26,13.51
2015-05-18,600508,12.52,12.61,12.74,12.43,108103,136236842.0,2.46,0.24,0.03,1.5,13.27,13.44,7.8,1.77,1.61,4.51,6.76,5.71,5.47,4.75,12.86,12.77,13.35,13.19,3.73,5.47,5.63,14.2,14.91,15.62,23.31,21.97,13.24,19.75
2015-05-19,600508,12.6,13.04,13.08,12.59,121297,156898363.0,3.89,3.41,0.43,1.68,11.99,6.43,0.48,0.32,3.18,5.4,4.37,4.13,3.42,1.19,12.84,12.76,13.36,13.2,1.99,2.15,10.43,11.12,11.81,19.25,17.94,9.51,15.8,18.87
2015-05-20,600508,13.02,13.02,13.3,12.96,162383,213498581.0,2.61,-0.15,-0.02,2.25,3.4,-2.39,-2.55,0.23,2.39,1.39,1.16,0.46,-1.7,0.93,12.85,12.8,13.34,13.2,2.3,10.6,11.29,11.98,19.43,18.13,9.68,15.98,19.05,21.12
2015-05-21,600508,12.99,13.28,13.32,12.91,155624,204000131.0,3.15,2.0,0.26,2.15,-2.01,-2.17,0.62,2.79,1.78,1.55,0.85,-1.32,1.32,3.02,12.91,12.91,13.3,13.22,8.43,9.11,9.79,17.09,15.81,7.53,13.7,16.72,18.75,25.75
2015-05-22,600508,13.45,14.19,14.4,13.32,282536,388823760.0,8.13,6.85,0.91,3.91,-5.18,-2.48,-0.38,-1.35,-1.58,-2.25,-4.35,-1.8,-0.15,0.0,13.23,13.07,13.31,13.28,2.11,2.75,9.58,8.39,0.63,6.41,9.23,11.13,17.69,26.71
2015-05-25,600508,14.1,14.34,14.49,13.91,277617,396969504.0,4.09,1.06,0.15,3.84,-6.61,-4.6,-5.54,-5.75,-6.4,-8.41,-5.97,-4.39,-4.24,3.52,13.57,13.22,13.33,13.33,1.67,8.44,7.25,-0.42,5.3,8.09,9.97,16.46,25.38,25.45
2015-05-26,600508,14.4,14.56,14.58,14.0,287804,413059168.0,4.04,1.53,0.22,3.98,-5.21,-6.14,-6.36,-7.0,-9.0,-6.57,-5.0,-4.86,2.86,3.5,13.88,13.36,13.32,13.37,6.8,5.63,-1.92,3.71,6.46,8.31,14.7,23.49,23.56,25.69
2015-05-27,600508,14.56,15.17,15.55,14.48,347292,522620176.0,7.35,4.19,0.61,4.81,-9.25,-9.46,-10.08,-12.02,-9.67,-8.15,-8.01,-0.55,0.07,0.69,14.31,13.58,13.37,13.44,1.38,-5.87,-0.46,2.18,3.96,10.09,18.52,18.59,20.63,19.25
2015-05-28,600508,15.06,13.9,15.38,13.78,315100,465677776.0,10.55,-8.37,-1.27,4.36,-4.86,-5.52,-7.55,-5.08,-3.48,-3.34,4.5,5.15,5.81,12.84,14.43,13.67,13.36,13.49,2.73,8.63,11.51,13.45,20.14,29.35,29.42,31.65,30.14,25.83
2015-05-29,600508,13.9,13.73,14.28,13.01,192685,265387016.0,9.14,-1.22,-0.17,2.67,0.08,-2.08,0.54,2.23,2.38,10.68,11.38,12.07,19.52,18.22,14.34,13.78,13.35,13.52,9.98,12.89,14.86,21.63,30.95,31.03,33.28,31.76,27.39,29.42
2015-06-01,600508,13.77,15.1,15.1,13.77,252561,369249024.0,9.69,9.98,1.37,3.49,-7.48,-5.01,-3.41,-3.27,4.58,5.23,5.88,12.93,11.69,3.7,14.49,14.03,13.4,13.58,2.65,4.44,10.6,19.07,19.14,21.19,19.8,15.83,17.68,17.75
2015-06-02,600508,15.14,15.39,15.5,14.8,315390,479366384.0,4.64,1.92,0.29,4.36,-11.62,-10.14,-10.0,-2.7,-2.09,-1.49,5.07,3.92,-3.51,2.03,14.66,14.27,13.51,13.66,2.47,8.51,16.83,16.89,18.91,17.54,13.65,15.46,15.53,12.02
2015-06-03,600508,15.39,15.18,15.77,15.05,241698,370130864.0,4.68,-1.36,-0.21,3.34,-11.63,-11.5,-4.32,-3.72,-3.12,3.32,2.19,-5.12,0.33,2.99,14.66,14.48,13.64,13.72,10.01,18.45,18.51,20.55,19.17,15.22,17.06,17.13,13.57,14.49
2015-06-04,600508,15.15,16.7,16.7,14.48,359319,559337360.0,14.62,10.01,1.52,4.97,-8.01,-0.55,0.07,0.69,7.39,6.22,-1.38,4.28,7.04,8.91,15.22,14.83,13.87,13.81,7.66,7.72,9.58,8.32,4.73,6.41,6.47,3.23,4.07,3.83
2015-06-05,600508,17.01,16.99,17.98,16.72,430850,743136352.0,7.54,1.74,0.29,5.96,-13.88,-13.34,-12.8,-7.0,-8.01,-14.59,-9.69,-7.3,-5.68,-0.12,15.87,15.11,14.09,13.91,5.89,7.71,6.47,2.94,4.59,4.65,1.47,2.3,2.06,-2.41
2015-06-08,600508,16.9,17.39,17.99,16.52,338797,583090016.0,8.65,2.35,0.4,4.69,-12.29,-11.74,-5.87,-6.9,-13.56,-8.6,-6.17,-4.54,1.09,8.84,16.33,15.41,14.31,14.02,5.23,4.03,0.58,2.19,2.24,-0.86,-0.06,-0.29,-4.66,-10.35
2015-06-09,600508,17.45,18.0,18.3,16.72,397520,702047856.0,9.09,3.51,0.61,5.5,-12.8,-7.0,-8.01,-14.59,-9.69,-7.3,-5.68,-0.12,7.54,7.6,16.85,15.76,14.56,14.13,0.5,-2.83,-1.28,-1.22,-4.22,-3.44,-3.67,-7.89,-13.39,-7.28
2015-06-10,600508,17.42,17.42,18.09,17.3,254555,448379328.0,4.39,-3.22,-0.58,3.52,-10.12,-11.1,-17.46,-12.72,-10.4,-8.84,-3.47,3.93,3.99,5.78,17.3,15.98,14.78,14.24,0.4,2.01,2.07,-1.03,-0.23,-0.46,-4.82,-10.51,-4.19,-4.76
2015-06-11,600508,17.4,17.18,17.49,16.88,192348,330248800.0,3.5,-1.38,-0.24,2.66,-8.89,-15.4,-10.55,-8.18,-6.58,-1.07,6.52,6.58,8.41,7.17,17.4,16.31,14.99,14.34,3.43,3.49,0.35,1.16,0.93,-3.49,-9.25,-2.85,-3.43,-10.07
2015-06-12,600508,17.25,17.38,17.77,17.2,197364,345060864.0,3.32,1.16,0.2,2.73,-16.98,-12.21,-9.88,-8.31,-2.91,4.53,4.59,6.4,5.17,1.69,17.47,16.67,15.23,14.46,2.3,-0.81,0.0,-0.23,-4.6,-10.3,-3.97,-4.55,-11.1,-12.72
2015-06-15,600508,17.3,17.46,17.78,17.15,196472,343623296.0,3.62,0.46,0.08,2.72,-11.95,-9.62,-8.05,-2.62,4.84,4.9,6.71,5.48,1.98,3.62,17.49,16.91,15.47,14.57,-1.26,-0.46,-0.69,-5.04,-10.71,-4.41,-4.98,-11.51,-13.12,-9.62
2015-06-16,600508,17.23,16.28,17.24,16.0,195493,327819440.0,7.1,-6.76,-1.18,2.7,-3.12,-1.44,4.37,12.38,12.44,14.38,13.06,9.31,11.06,11.13,17.14,17.0,15.63,14.67,6.76,6.51,1.84,-4.24,2.52,1.9,-5.1,-6.82,-3.07,-1.78
2015-06-17,600508,16.22,17.13,17.38,15.8,197191,325482064.0,9.71,5.22,0.85,2.73,-0.19,5.7,13.8,13.86,15.82,14.49,10.7,12.47,12.53,9.11,17.09,17.19,15.84,14.82,1.23,-3.21,-8.99,-2.57,-3.15,-9.81,-11.44,-7.88,-6.65,-13.84
2015-06-18,600508,16.92,16.35,17.34,16.21,156180,264242859.0,6.6,-4.55,-0.78,2.16,3.02,10.92,10.98,12.89,11.6,7.9,9.62,9.69,6.35,7.22,16.92,17.16,15.99,14.96,1.41,-4.65,2.08,1.47,-5.5,-7.22,-3.49,-2.2,-9.72,-20.0
2015-06-19,600508,15.84,14.98,16.58,14.85,153863,240844671.0,10.58,-8.38,-1.37,2.13,21.08,21.14,23.23,21.82,17.78,19.66,19.73,16.09,17.04,16.77,16.44,16.96,16.03,15.04,4.07,11.42,10.75,3.14,1.27,5.34,6.74,-1.47,-12.68,-13.89
2015-06-23,600508,14.97,15.56,15.59,14.15,146397,219655783.0,9.61,3.87,0.58,2.03,27.14,29.33,27.84,23.6,25.58,25.65,21.84,22.83,22.54,17.17,16.06,16.77,16.09,15.13,7.26,6.62,-0.71,-2.51,1.41,2.76,-5.14,-15.94,-17.1,-31.56
2015-06-24,600508,15.73,16.58,16.69,15.5,218156,349061440.0,7.65,6.56,1.02,3.02,18.06,16.71,12.84,14.65,14.71,11.23,12.13,11.87,6.97,0.58,16.12,16.63,16.19,15.25,0.06,-6.82,-8.5,-4.83,-3.56,-10.98,-21.11,-22.2,-35.77,-44.51
2015-06-25,600508,16.36,15.69,16.59,15.42,183572,297387392.0,7.06,-5.37,-0.89,2.54,17.32,13.42,15.24,15.3,11.8,12.71,12.45,7.52,1.1,8.24,15.83,16.46,16.22,15.34,-1.53,-3.31,0.57,1.91,-5.93,-16.63,-17.78,-32.12,-41.36,-37.79
2015-06-26,600508,15.17,14.35,15.45,14.12,211383,311078192.0,8.48,-8.54,-1.34,2.92,23.87,25.85,25.92,22.1,23.09,22.8,17.42,10.41,18.2,17.49,15.43,16.18,16.24,15.38,5.71,9.97,11.43,2.86,-8.85,-10.1,-25.78,-35.89,-31.99,-25.16
2015-06-29,600508,15.0,14.76,15.17,13.28,279895,407936544.0,13.17,2.86,0.41,3.87,33.81,33.89,29.82,30.87,30.57,24.85,17.39,25.68,24.92,16.34,15.39,15.91,16.29,15.46,6.91,8.33,0.0,-11.38,-12.6,-27.85,-37.67,-33.88,-27.24,-19.99
2015-06-30,600508,14.55,15.73,15.78,14.13,215657,323793168.0,11.18,6.57,0.97,2.98,25.83,22.01,23.0,22.72,17.34,10.33,18.12,17.41,9.34,7.36,15.42,15.74,16.32,15.56,1.65,-6.17,-16.85,-17.99,-32.29,-41.51,-37.95,-31.72,-24.92,-21.81
2015-07-01,600508,15.41,14.48,15.99,14.4,199664,309116048.0,10.11,-7.95,-1.25,2.76,19.72,20.69,20.42,15.14,8.26,15.9,15.21,7.29,5.35,9.58,15.0,15.56,16.28,15.61,1.93,-9.67,-10.91,-26.45,-36.46,-32.6,-25.83,-18.44,-15.06,-21.96
2015-07-02,600508,14.11,13.03,14.76,13.03,209231,288863152.0,11.95,-10.01,-1.45,2.9,33.38,33.08,27.24,19.65,28.09,27.32,18.57,16.42,21.11,22.72,14.47,15.15,16.17,15.61,0.38,-1.0,-18.27,-29.39,-25.1,-17.57,-9.36,-5.6,-13.28,-17.19
2015-07-03,600508,12.5,11.73,13.08,11.73,178491,214785875.0,10.36,-9.98,-1.3,2.47,47.83,41.35,32.91,42.28,41.43,31.71,29.33,34.53,36.32,25.83,13.95,14.69,15.92,15.56,9.97,-9.21,-21.57,-16.79,-8.44,0.68,4.86,-3.67,-8.01,-4.35
2015-07-06,600508,12.86,10.96,12.9,10.56,192905,224730196.0,19.95,-6.56,-0.77,2.67,57.01,47.63,58.05,57.1,46.31,43.66,49.43,51.42,39.77,23.86,13.19,14.29,15.62,15.45,-2.83,-16.06,-10.95,-2.01,7.76,12.23,3.1,-1.55,2.37,3.47
2015-07-07,600508,10.5,9.86,10.65,9.86,198458,199061801.0,7.21,-10.04,-1.1,2.75,58.11,69.27,68.26,56.69,53.85,60.04,62.17,49.7,32.66,30.83,12.01,13.72,15.25,15.3,-6.69,-1.01,8.92,19.78,24.75,14.6,9.43,13.79,15.01,16.23
2015-07-08,600508,8.9,8.87,9.2,8.87,232476,207332652.0,3.35,-10.04,-0.99,3.22,88.16,87.03,74.18,71.03,77.9,80.27,66.4,47.46,45.43,20.07,10.89,12.95,14.79,15.11,10.03,21.08,33.15,38.67,27.4,21.65,26.49,27.85,29.2,29.54
2015-07-09,600508,8.21,9.76,9.76,8.21,220512,206432265.0,17.47,10.03,0.89,3.05,102.07,88.19,84.77,92.2,94.76,79.78,59.32,57.13,29.72,12.06,10.24,12.35,14.41,14.93,10.04,21.0,26.02,15.78,10.55,14.96,16.19,17.42,17.73,19.47
2015-07-10,600508,10.39,10.74,10.74,10.1,181509,192205250.0,6.56,10.04,0.98,2.51,52.97,50.2,56.24,58.32,46.14,29.5,27.72,5.45,-8.91,-3.37,10.04,11.99,14.08,14.83,9.96,14.53,5.21,0.47,4.47,5.59,6.7,6.98,8.57,14.53
2015-07-13,600508,11.5,11.81,11.81,11.06,364999,419934848.0,6.98,9.96,1.07,5.05,37.16,42.68,44.58,33.45,18.26,16.64,-3.71,-16.82,-11.75,-2.89,10.21,11.7,13.81,14.76,4.15,-4.32,-8.64,-5.0,-3.98,-2.96,-2.71,-1.27,4.15,-3.56
2015-07-14,600508,11.63,11.37,12.3,11.26,376533,440178464.0,8.81,-3.73,-0.44,5.21,40.14,42.01,31.08,16.16,14.56,-5.42,-18.29,-13.32,-4.62,4.88,10.51,11.26,13.5,14.64,-0.62,-5.1,-1.32,-0.26,0.79,1.06,2.55,8.18,0.18,-6.95
2015-07-15,600508,11.1,10.23,11.3,10.23,205389,218832788.0,9.41,-10.03,-1.14,2.84,56.3,44.28,27.86,26.1,4.11,-10.07,-4.59,4.99,15.44,20.23,10.78,10.84,13.2,14.46,5.47,9.68,10.85,12.02,12.32,13.98,20.23,11.34,3.42,4.11
2015-07-16,600508,9.65,10.48,10.79,9.65,160054,165526131.0,11.14,2.44,0.25,2.21,52.95,35.54,33.68,10.36,-4.66,1.14,11.3,22.38,27.46,17.1,10.93,10.58,12.87,14.31,7.06,8.21,9.35,9.64,11.26,17.37,8.68,0.95,1.62,2.67
2015-07-17,600508,10.49,11.09,11.22,10.46,196568,213489483.0,7.25,5.82,0.61,2.72,25.05,23.33,1.82,-12.05,-6.69,2.68,12.91,17.59,8.03,3.15,11.0,10.52,12.6,14.12,2.25,3.34,3.61,5.14,10.91,2.71,-4.6,-3.97,-2.98,-7.3
2015-07-20,600508,11.06,11.08,11.34,10.8,198130,219396572.0,4.87,-0.09,-0.01,2.74,19.44,-1.39,-14.81,-9.63,-0.56,9.35,13.89,4.63,-0.09,3.89,10.85,10.53,12.41,13.92,3.43,3.7,5.23,11.01,2.8,-4.51,-3.88,-2.89,-7.22,-7.85
2015-07-21,600508,10.8,11.23,11.46,10.78,188908,212115960.0,6.14,1.35,0.15,2.61,-1.21,-14.66,-9.46,-0.37,9.55,14.1,4.82,0.09,4.08,5.19,10.82,10.67,12.19,13.72,2.32,3.83,9.53,1.42,-5.79,-5.16,-4.19,-8.46,-9.08,-5.25
2015-07-22,600508,11.15,11.35,11.49,10.86,196535,219748514.0,5.61,1.07,0.12,2.72,-15.29,-10.13,-1.1,8.75,13.26,4.05,-0.64,3.31,4.42,5.52,11.05,10.91,11.93,13.5,2.73,8.37,0.35,-6.78,-6.17,-5.2,-9.43,-10.04,-6.26,-5.9
2015-07-23,600508,11.28,11.64,11.66,11.22,227234,260905392.0,3.88,2.56,0.29,3.14,-13.01,-4.28,5.26,9.63,0.71,-3.83,0.0,1.07,2.14,2.41,11.28,11.1,11.73,13.3,5.67,-2.15,-9.11,-8.51,-7.56,-11.68,-12.29,-8.59,-8.25,-9.28
2015-07-24,600508,11.68,11.54,12.3,11.39,319982,379587664.0,7.82,-0.86,-0.1,4.43,-5.71,3.69,7.99,-0.79,-5.27,-1.49,-0.44,0.61,0.88,2.37,11.37,11.18,11.59,13.12,-1.3,-8.32,-7.71,-6.76,-10.92,-11.53,-7.8,-7.45,-8.49,-7.8
2015-07-27,600508,11.35,10.39,11.39,10.39,218234,239699275.0,8.67,-9.97,-1.15,3.02,13.67,18.38,8.76,3.85,7.99,9.14,10.3,10.59,12.22,18.38,11.23,11.04,11.37,12.88,1.83,2.5,3.56,-1.06,-1.73,2.41,2.79,1.64,2.41,12.03
2015-07-28,600508,9.7,10.02,10.58,9.45,178980,178471626.0,10.88,-3.56,-0.37,2.48,30.16,19.58,14.18,18.73,20.0,21.27,21.59,23.39,30.16,20.53,10.99,10.91,11.08,12.64,6.29,7.39,2.59,1.9,6.19,6.59,5.39,6.19,16.17,22.95
2015-07-29,600508,10.31,10.62,10.65,9.81,122106,124385606.0,8.38,5.99,0.6,1.69,15.19,9.99,14.37,15.6,16.82,17.13,18.86,25.38,16.11,7.85,10.84,10.94,10.89,12.45,1.32,-3.2,-3.86,0.19,0.56,-0.56,0.19,9.6,16.01,21.75
2015-07-30,600508,10.5,10.2,10.76,10.08,139291,146577486.0,6.4,-3.95,-0.42,1.93,7.04,11.31,12.5,13.69,13.99,15.67,22.02,13.0,4.96,5.65,10.55,10.92,10.75,12.22,0.78,0.1,4.31,4.71,3.53,4.31,14.12,20.78,26.76,23.33
2015-07-31,600508,10.1,10.02,10.28,9.8,96611,97119788.0,4.71,-1.76,-0.18,1.34,14.49,15.71,16.94,17.24,18.98,25.51,16.22,7.96,8.67,9.8,10.25,10.81,10.66,12.0,1.9,6.19,6.59,5.39,6.19,16.17,22.95,29.04,25.55,28.24
2015-08-03,600508,9.97,10.17,10.21,9.58,104729,103487176.0,6.29,1.5,0.15,1.45,18.37,19.62,19.94,21.71,28.39,18.89,10.44,11.17,12.32,7.31,10.21,10.72,10.62,11.84,4.62,5.01,3.83,4.62,14.45,21.14,27.14,23.7,26.35,30.19
2015-08-04,600508,10.13,10.63,10.64,10.05,158147,164207467.0,5.8,4.52,0.46,2.19,14.03,14.33,16.02,22.39,13.33,5.27,5.97,7.06,2.29,1.59,10.33,10.66,10.66,11.68,0.47,-0.66,0.09,9.5,15.9,21.64,18.34,20.88,24.55,22.58
2015-08-05,600508,10.5,10.35,10.68,10.22,129934,136122842.0,4.33,-2.63,-0.28,1.8,12.43,14.09,20.35,11.45,3.52,4.21,5.28,0.59,-0.1,4.11,10.27,10.56,10.74,11.47,2.03,2.8,12.46,19.03,24.93,21.55,24.15,27.92,25.89,18.55
2015-08-06,600508,10.2,10.36,10.56,10.1,99965,103300073.0,4.44,0.1,0.01,1.38,15.45,21.78,12.77,4.75,5.45,6.53,1.78,1.09,5.35,5.74,10.31,10.43,10.77,11.29,2.7,12.36,18.92,24.81,21.43,24.03,27.8,25.77,18.44,17.08
2015-08-07,600508,10.37,10.58,10.64,10.33,126879,133524736.0,2.99,2.12,0.22,1.76,19.07,10.26,2.42,3.1,4.16,-0.48,-1.16,3.0,3.39,2.23,10.42,10.33,10.76,11.17,10.02,16.45,22.21,18.9,21.46,25.14,23.16,15.97,14.65,8.98
2015-08-10,600508,10.73,11.64,11.64,10.73,249421,280005632.0,8.6,10.02,1.06,3.45,6.15,-1.4,-0.75,0.28,-4.19,-4.85,-0.84,-0.47,-1.58,-0.84,10.71,10.46,10.75,11.07,5.84,11.08,8.08,10.4,13.75,11.94,5.41,4.21,-0.95,-9.88
2015-08-11,600508,12.01,11.89,12.32,11.7,405941,487223920.0,5.33,2.15,0.25,5.62,-9.57,-8.97,-8.03,-12.14,-12.74,-9.06,-8.72,-9.74,-9.06,-0.51,10.96,10.65,10.78,10.94,8.75,5.8,8.07,11.35,9.59,3.2,2.02,-3.03,-11.77,-20.19
2015-08-12,600508,11.52,12.27,12.93,11.41,371798,452702240.0,12.78,3.2,0.38,5.14,-6.66,-5.7,-9.9,-10.52,-6.75,-6.4,-7.45,-6.75,2.02,7.98,11.35,10.81,10.88,10.86,2.53,4.73,7.91,6.19,0.0,-1.14,-6.03,-14.51,-22.66,-23.39
2015-08-13,600508,12.01,12.41,12.58,11.97,283506,346938736.0,4.97,1.14,0.14,3.92,-10.11,-14.12,-14.7,-11.11,-10.78,-11.78,-11.11,-2.76,2.92,8.02,11.76,11.03,10.97,10.84,3.55,6.69,5.0,-1.13,-2.26,-7.09,-15.47,-23.53,-24.25,-24.66
2015-08-14,600508,12.4,12.29,12.85,12.18,257270,322209232.0,5.4,-0.97,-0.12,3.56,-15.6,-16.17,-12.64,-12.32,-13.3,-12.64,-4.43,1.15,6.16,3.28,12.1,11.26,11.03,10.86,7.73,6.02,-0.16,-1.3,-6.18,-14.65,-22.78,-23.52,-23.92,-18.47
2015-08-17,600508,12.25,13.18,13.24,11.82,339393,421551120.0,11.55,7.24,0.89,4.7,-13.62,-9.98,-9.64,-10.66,-9.98,-1.52,4.23,9.39,6.43,8.71,12.41,11.56,11.14,10.94,-1.14,-6.9,-7.97,-12.52,-20.41,-28.0,-28.68,-29.06,-23.98,-25.19
2015-08-18,600508,12.94,11.86,13.03,11.86,249441,310341504.0,8.88,-10.02,-1.32,3.45,-10.29,-9.95,-10.96,-10.29,-1.85,3.88,9.02,6.07,8.35,11.64,12.4,11.68,11.17,11.0,3.46,2.28,-2.78,-11.55,-19.98,-20.74,-21.16,-15.51,-16.86,-11.47
2015-08-19,600508,11.3,12.01,12.27,10.98,196022,226892195.0,10.88,1.26,0.15,2.71,-2.73,-3.83,-3.1,6.01,12.2,17.76,14.57,17.03,20.58,18.67,12.35,11.85,11.2,11.11,1.0,-4.0,-12.66,-20.98,-21.73,-22.15,-16.57,-17.9,-12.57,-17.74
2015-08-20,600508,11.78,11.45,12.13,11.44,142266,167345737.0,5.75,-4.66,-0.56,1.97,-7.69,-6.99,1.75,7.69,13.02,9.97,12.33,15.73,13.9,7.26,12.16,11.96,11.19,11.16,0.7,-8.38,-17.12,-17.9,-18.34,-12.49,-13.89,-8.3,-13.71,-14.93
2015-08-21,600508,11.21,10.77,11.53,10.68,107987,119991524.0,7.42,-5.94,-0.68,1.49,-0.37,8.99,15.36,21.07,17.79,20.32,23.97,22.0,14.89,13.58,11.85,11.98,11.16,11.16,-2.6,-11.88,-12.72,-13.18,-6.96,-8.45,-2.51,-8.26,-9.56,-9.01
2015-08-24,600508,10.15,9.69,10.49,9.69,159176,156460254.0,7.43,-10.03,-1.08,2.2,20.12,27.14,33.44,29.82,32.61,36.64,34.47,26.63,25.18,18.99,11.16,11.78,11.12,11.09,-2.06,-2.99,-3.51,3.41,1.75,8.36,1.96,0.52,1.14,4.54
2015-08-25,600508,8.78,8.72,9.49,8.72,122380,109087498.0,7.95,-10.01,-0.97,1.69,41.28,48.28,44.27,47.36,51.83,49.43,40.71,39.11,32.22,20.3,10.53,11.47,11.06,11.01,7.8,7.22,14.91,13.07,20.41,13.3,11.7,12.39,16.17,15.83
2015-08-26,600508,8.81,8.91,9.4,8.65,159461,143694579.0,8.6,2.18,0.19,2.21,49.48,45.43,48.55,53.06,50.64,41.85,40.23,33.29,21.27,9.71,9.91,11.13,10.97,10.96,4.94,12.46,10.66,17.85,10.89,9.32,9.99,13.69,13.36,12.01
2015-08-27,600508,9.2,9.32,9.35,8.86,107746,98549040.0,5.5,4.6,0.41,1.49,41.99,45.03,49.44,47.07,38.49,36.91,30.14,18.4,7.11,6.09,9.48,10.82,10.93,10.92,7.51,5.79,12.66,6.01,4.51,5.15,8.69,8.37,7.08,8.37
2015-08-28,600508,9.45,9.96,10.02,9.36,145295,139830256.0,7.08,6.87,0.64,2.01,37.29,41.45,39.21,31.09,29.59,23.18,12.07,1.39,0.43,-0.11,9.32,10.59,10.92,10.88,-1.0,5.42,-0.8,-2.21,-1.61,1.71,1.41,0.2,1.41,-6.33
2015-08-31,600508,9.7,9.65,9.86,9.41,104626,100808764.0,4.52,-3.11,-0.31,1.45,40.7,38.47,30.39,28.91,22.53,11.48,0.85,-0.11,-0.64,6.48,9.31,10.23,10.9,10.84,8.81,2.38,0.93,1.55,4.97,4.66,3.42,4.66,-3.32,0.1
2015-09-01,600508,9.74,9.81,10.5,9.66,247865,250422888.0,8.7,1.66,0.16,3.43,34.89,27.02,25.57,19.36,8.59,-1.76,-2.69,-3.21,3.73,2.07,9.53,10.03,10.86,10.79,0.71,-0.71,-0.1,3.26,2.96,1.73,2.96,-4.89,-1.53,-0.82
2015-09-02,600508,9.21,9.24,9.88,8.86,203612,189049120.0,10.4,-5.81,-0.57,2.82,38.49,36.91,30.14,18.4,7.11,6.09,5.53,13.09,11.29,18.51,9.6,9.75,10.8,10.72,5.41,6.06,9.63,9.31,8.01,9.31,0.97,4.55,5.3,1.19
2015-09-07,600508,9.35,9.35,9.74,9.26,127462,121133711.0,5.19,1.19,0.11,1.76,30.99,24.51,13.28,2.48,1.51,0.97,8.21,6.48,13.39,6.7,9.6,9.54,10.75,10.64,4.81,8.34,8.02,6.74,8.02,-0.21,3.32,4.06,0.0,9.09
2015-09-08,600508,9.37,9.69,9.8,9.11,132172,125009436.0,7.38,3.64,0.34,1.83,26.56,15.15,4.17,3.18,2.63,9.99,8.23,15.26,8.45,6.92,9.55,9.43,10.71,10.58,4.54,4.23,2.99,4.23,-3.72,-0.31,0.41,-3.51,5.26,15.79
2015-09-09,600508,9.73,10.07,10.13,9.6,213066,210862782.0,5.47,3.92,0.38,2.95,9.27,-1.15,-2.08,-2.6,4.37,2.71,9.38,2.92,1.46,2.08,9.63,9.47,10.63,10.57,0.3,-0.89,0.3,-7.35,-4.07,-3.38,-7.15,1.29,11.42,14.7
2015-09-10,600508,9.81,9.71,10.1,9.7,147117,145268069.0,3.97,-3.57,-0.36,2.04,-2.16,-3.09,-3.61,3.3,1.65,8.25,1.86,0.41,1.03,4.43,9.61,9.57,10.52,10.56,2.78,4.02,-3.91,-0.51,0.21,-3.71,5.05,15.55,18.95,8.96
2015-09-11,600508,9.72,9.94,9.98,9.61,101079,98978686.0,3.81,2.37,0.23,1.4,-2.19,-2.71,4.27,2.6,9.26,2.81,1.35,1.98,5.41,5.1,9.75,9.67,10.4,10.54,1.61,-6.14,-2.82,-2.11,-5.94,2.62,12.88,16.2,6.44,3.42
2015-09-14,600508,10.0,9.0,10.1,8.95,145363,137910124.0,11.57,-9.46,-0.94,2.01,4.47,11.96,10.17,17.32,10.39,8.83,9.5,13.18,12.85,11.51,9.68,9.64,10.23,10.5,3.67,7.33,8.11,3.89,13.33,24.67,28.33,17.56,14.22,14.11
2015-09-15,600508,8.9,8.78,9.33,8.71,106488,95790720.0,6.89,-2.44,-0.22,1.47,15.04,13.2,20.55,13.43,11.83,12.51,16.3,15.96,14.58,15.96,9.5,9.52,10.06,10.46,10.02,10.82,6.49,16.17,27.79,31.55,20.5,17.08,16.97,14.81
2015-09-16,600508,8.88,9.51,9.66,8.78,119839,110262010.0,10.02,8.31,0.73,1.66,12.3,19.59,12.53,10.93,11.62,15.38,15.03,13.67,15.03,6.26,9.39,9.51,9.87,10.43,2.31,-1.68,7.26,17.98,21.45,11.25,8.1,7.99,5.99,4.73
2015-09-17,600508,9.45,9.25,9.73,9.25,141655,134366079.0,5.05,-2.73,-0.26,1.96,13.51,6.81,5.3,5.95,9.51,9.19,7.89,9.19,0.86,4.43,9.3,9.45,9.74,10.39,1.08,10.27,21.3,24.86,14.38,11.14,11.03,8.97,7.68,10.81
2015-09-18,600508,9.26,9.27,9.35,9.12,78672,72559955.0,2.49,0.22,0.02,1.09,8.33,6.8,7.46,11.07,10.75,9.43,10.75,2.3,5.92,6.69,9.16,9.46,9.6,10.35,10.03,21.04,24.6,14.13,10.9,10.79,8.74,7.44,10.57,11.11
2015-09-21,600508,9.2,10.2,10.2,9.12,309433,308527744.0,11.65,10.03,0.93,4.28,6.8,7.46,11.07,10.75,9.43,10.75,2.3,5.92,6.69,2.52,9.4,9.54,9.54,10.35,10.0,13.24,3.73,0.78,0.69,-1.18,-2.35,0.49,0.98,6.08
2015-09-22,600508,10.21,11.22,11.22,10.11,290041,312004688.0,10.88,10.0,1.02,4.01,-3.07,0.2,-0.1,-1.29,-0.1,-7.72,-4.45,-3.76,-7.52,0.89,9.89,9.7,9.56,10.37,2.94,-5.7,-8.38,-8.47,-10.16,-11.23,-8.65,-8.2,-3.57,-5.35
2015-09-23,600508,10.98,10.39,11.55,10.22,483262,517618224.0,11.85,-7.4,-0.83,6.69,-0.88,-1.17,-2.35,-1.17,-8.71,-5.48,-4.79,-8.51,-0.2,9.78,10.07,9.73,9.6,10.33,1.83,-1.06,-1.15,-2.98,-4.14,-1.35,-0.87,4.14,2.21,3.66
2015-09-24,600508,10.38,10.3,10.58,10.11,242390,250111528.0,4.52,-0.87,-0.09,3.35,-0.1,-1.29,-0.1,-7.72,-4.45,-3.76,-7.52,0.89,10.98,14.24,10.28,9.79,9.68,10.27,-0.19,-0.29,-2.14,-3.3,-0.49,0.0,5.05,3.11,4.56,3.79
2015-09-25,600508,10.28,10.01,10.28,9.7,182814,182885413.0,5.63,-2.82,-0.29,2.53,2.89,4.12,-3.81,-0.41,0.31,-3.61,5.15,15.67,19.07,9.07,10.42,9.79,9.73,10.2,2.6,0.7,-0.5,2.4,2.9,8.09,6.09,7.59,6.79,7.69
2015-09-28,600508,9.98,10.23,10.27,9.87,105498,106680616.0,4.0,2.2,0.22,1.46,2.33,-5.47,-2.13,-1.42,-5.27,3.34,13.68,17.02,7.19,4.15,10.43,9.92,9.78,10.13,-1.47,-2.64,0.2,0.68,5.77,3.81,5.28,4.5,5.38,5.08
2015-09-29,600508,9.98,9.75,10.08,9.65,103625,102318551.0,4.2,-4.69,-0.48,1.43,-3.32,0.1,0.83,-3.11,5.7,16.27,19.69,9.64,6.53,6.42,10.14,10.01,9.77,10.04,2.15,5.13,5.64,10.97,8.92,10.46,9.64,10.56,10.26,9.74
2015-09-30,600508,9.8,9.76,9.96,9.72,63295,62211839.0,2.46,0.1,0.01,0.88,-0.62,0.1,-3.81,4.94,15.43,18.83,8.85,5.76,5.66,3.7,10.01,10.04,9.77,9.93,5.02,5.53,10.86,8.81,10.35,9.53,10.45,10.14,9.63,10.14
2015-10-08,600508,10.15,10.1,10.25,9.95,106057,107301381.0,3.07,3.48,0.34,1.47,-2.21,-6.03,2.51,12.76,16.08,6.33,3.32,3.22,1.31,0.1,9.97,10.12,9.79,9.87,1.98,7.13,5.15,6.63,5.84,6.73,6.44,5.94,6.44,0.79
2015-10-09,600508,10.11,10.28,10.3,10.02,128441,131012363.0,2.77,1.78,0.18,1.78,-6.69,1.8,11.98,15.27,5.59,2.59,2.5,0.6,-0.6,2.3,10.02,10.22,9.84,9.81,5.25,3.31,4.77,3.99,4.86,4.57,4.09,4.57,-0.97,1.36
2015-10-12,600508,10.35,10.65,10.82,10.28,199108,210131455.0,5.25,3.6,0.37,2.75,-0.78,9.14,12.35,2.92,0.0,-0.1,-1.95,-3.11,-0.29,0.19,10.11,10.27,9.91,9.78,-0.28,1.13,0.38,1.22,0.94,0.47,0.94,-4.41,-2.16,-1.6
2015-10-13,600508,10.49,10.54,10.62,10.38,165291,173277390.0,2.25,-1.03,-0.11,2.29,8.09,11.27,1.93,-0.96,-1.06,-2.89,-4.05,-1.25,-0.77,4.24,10.27,10.2,9.95,9.78,2.18,1.42,2.28,1.99,1.52,1.99,-3.42,-1.14,-0.57,-1.8
2015-10-14,600508,10.53,10.31,10.77,10.3,152579,160968350.0,4.46,-2.18,-0.23,2.11,12.14,2.72,-0.19,-0.29,-2.14,-3.3,-0.49,0.0,5.05,3.11,10.38,10.19,9.96,9.8,3.69,4.56,4.27,3.78,4.27,-1.26,1.07,1.65,0.39,-0.68
2015-10-15,600508,10.33,10.63,10.69,10.26,149741,157181800.0,4.17,3.1,0.32,2.07,3.12,0.19,0.1,-1.75,-2.92,-0.1,0.39,5.46,3.51,4.97,10.48,10.23,10.01,9.86,1.41,1.13,0.66,1.13,-4.23,-1.98,-1.41,-2.63,-3.67,-3.2
2015-10-16,600508,10.67,10.75,10.78,10.41,219717,233551887.0,3.48,1.13,0.12,3.04,-1.25,-1.34,-3.17,-4.32,-1.54,-1.06,3.94,2.02,3.46,2.69,10.58,10.3,10.05,9.92,0.0,-0.47,0.0,-5.3,-3.07,-2.51,-3.72,-4.74,-4.28,-4.84
2015-10-19,600508,10.75,10.57,10.75,10.42,161613,171458496.0,3.07,-1.67,-0.18,2.24,-1.44,-3.26,-4.41,-1.63,-1.15,3.84,1.92,3.36,2.59,3.45,10.56,10.33,10.12,9.96,1.23,1.7,-3.69,-1.42,-0.85,-2.08,-3.12,-2.65,-3.22,-4.92
2015-10-20,600508,10.52,10.69,10.7,10.45,144214,152660676.0,2.37,1.14,0.12,2.0,-3.54,-4.69,-1.91,-1.44,3.54,1.63,3.06,2.3,3.16,2.87,10.59,10.43,10.22,9.99,0.56,-4.77,-2.53,-1.96,-3.18,-4.21,-3.74,-4.3,-5.99,-6.83
2015-10-21,600508,10.7,9.83,10.75,9.77,204973,211240124.0,9.17,-8.04,-0.86,2.84,1.94,4.91,5.42,10.75,8.7,10.24,9.42,10.34,10.03,9.52,10.49,10.44,10.24,9.99,3.56,6.0,6.61,5.29,4.17,4.68,4.07,2.24,1.32,4.68
2015-10-22,600508,9.85,10.13,10.18,9.74,106311,106088689.0,4.48,3.05,0.3,1.47,5.24,5.75,11.09,9.03,10.57,9.75,10.68,10.37,9.86,10.37,10.39,10.44,10.28,10.0,2.86,3.46,2.17,1.09,1.58,0.99,-0.79,-1.68,1.58,5.33
2015-10-23,600508,10.1,10.33,10.42,10.02,113946,116157285.0,3.95,1.97,0.2,1.58,2.79,7.98,5.99,7.49,6.69,7.58,7.29,6.79,7.29,1.6,10.31,10.44,10.33,10.04,1.45,0.19,-0.87,-0.39,-0.97,-2.71,-3.58,-0.39,3.29,3.0
2015-10-26,600508,10.43,10.4,10.48,10.27,103576,107472256.0,2.03,0.68,0.07,1.43,5.36,3.41,4.87,4.09,4.97,4.67,4.19,4.67,-0.88,1.46,10.28,10.42,10.34,10.08,-0.48,-1.54,-1.06,-1.63,-3.37,-4.23,-1.06,2.6,2.31,5.48
2015-10-27,600508,10.32,10.26,10.35,9.87,112098,113277517.0,4.62,-1.35,-0.14,1.55,7.6,9.12,8.31,9.22,8.92,8.41,8.92,3.14,5.57,6.18,10.19,10.39,10.3,10.1,-0.19,0.29,-0.29,-2.05,-2.92,0.29,4.0,3.7,6.92,6.53
2015-10-28,600508,10.18,10.11,10.24,10.04,96207,97736842.0,1.95,-1.46,-0.15,1.33,7.27,6.47,7.37,7.07,6.57,7.07,1.39,3.78,4.38,3.09,10.25,10.37,10.28,10.1,1.78,1.19,-0.59,-1.48,1.78,5.54,5.24,8.51,8.11,7.12
2015-10-29,600508,10.16,10.23,10.29,10.12,86080,87923382.0,1.68,1.19,0.12,1.19,5.63,6.52,6.23,5.73,6.23,0.59,2.96,3.56,2.27,1.19,10.27,10.33,10.28,10.11,0.0,-1.76,-2.64,0.59,4.3,4.01,7.23,6.84,5.87,6.06
2015-10-30,600508,10.15,10.06,10.23,10.02,91441,92391363.0,2.05,-1.66,-0.17,1.27,7.58,7.29,6.79,7.29,1.6,3.99,4.59,3.29,2.2,2.69,10.21,10.26,10.28,10.12,-0.1,-0.99,2.29,6.06,5.77,9.05,8.65,7.65,7.85,5.96
2015-11-02,600508,9.8,9.86,10.05,9.8,66552,66022484.0,2.49,-1.99,-0.2,0.92,9.69,9.18,9.69,3.88,6.33,6.94,5.61,4.49,5.0,4.39,10.1,10.19,10.26,10.15,1.01,4.36,8.22,7.91,11.26,10.85,9.84,10.04,8.11,7.71
2015-11-03,600508,9.9,9.86,9.96,9.82,42019,41560696.0,1.42,0.0,0.0,0.58,8.96,9.47,3.67,6.11,6.72,5.4,4.28,4.79,4.18,2.34,10.02,10.11,10.27,10.18,4.36,8.22,7.91,11.26,10.85,9.84,10.04,8.11,7.71,9.94
2015-11-04,600508,9.88,10.28,10.29,9.84,111408,112944671.0,4.56,4.26,0.42,1.54,9.25,3.46,5.89,6.5,5.18,4.07,4.57,3.96,2.13,1.22,10.06,10.15,10.29,10.21,3.79,3.5,6.71,6.32,5.35,5.54,3.7,3.31,5.45,3.79
2015-11-05,600508,10.3,10.51,10.67,10.26,254540,267173854.0,3.99,2.24,0.23,3.52,-0.78,1.56,2.14,0.88,-0.19,0.29,-0.29,-2.05,-2.92,0.29,10.11,10.19,10.31,10.25,1.24,4.38,4.0,3.04,3.24,1.43,1.05,3.14,1.52,0.95
2015-11-06,600508,10.42,10.6,10.64,10.38,173506,182973197.0,2.47,0.86,0.09,2.4,0.39,0.96,-0.29,-1.35,-0.87,-1.45,-3.18,-4.05,-0.87,2.79,10.22,10.22,10.33,10.29,3.49,3.11,2.17,2.36,0.57,0.19,2.26,0.66,0.09,1.79
2015-11-09,600508,10.6,10.75,10.97,10.46,217651,233328070.0,4.81,1.42,0.15,3.01,0.19,-1.05,-2.1,-1.63,-2.2,-3.92,-4.78,-1.63,2.01,1.72,10.4,10.25,10.33,10.31,1.67,0.74,0.93,-0.84,-1.21,0.84,-0.74,-1.3,0.37,0.37
2015-11-10,600508,10.65,10.81,10.93,10.51,186924,199960550.0,3.91,0.56,0.06,2.59,-1.52,-2.57,-2.09,-2.66,-4.38,-5.23,-2.09,1.52,1.24,4.38,10.59,10.31,10.35,10.3,0.19,0.37,-1.39,-1.76,0.28,-1.3,-1.85,-0.19,-0.19,-2.31
2015-11-11,600508,10.77,10.75,10.83,10.62,129511,138821795.0,1.94,-0.56,-0.06,1.79,-3.58,-3.11,-3.67,-5.37,-6.21,-3.11,0.47,0.19,3.3,2.92,10.68,10.37,10.37,10.31,0.93,-0.84,-1.21,0.84,-0.74,-1.3,0.37,0.37,-1.77,-1.12
2015-11-12,600508,10.76,10.62,10.85,10.5,139189,148555399.0,3.26,-1.21,-0.13,1.93,-2.0,-2.57,-4.29,-5.14,-2.0,1.62,1.33,4.48,4.1,3.14,10.71,10.41,10.37,10.32,0.38,0.0,2.07,0.47,-0.09,1.6,1.6,-0.56,0.09,4.33
2015-11-13,600508,10.52,10.47,10.66,10.32,110773,116119525.0,3.2,-1.41,-0.15,1.53,-0.87,-2.62,-3.49,-0.29,3.39,3.1,6.3,5.91,4.94,5.14,10.68,10.45,10.36,10.34,1.43,3.53,1.91,1.34,3.06,3.06,0.86,1.53,5.83,2.67
2015-11-16,600508,10.35,10.61,10.62,10.22,75019,78713019.0,3.82,1.34,0.14,1.04,-1.66,-2.54,0.68,4.4,4.11,7.34,6.95,5.97,6.16,4.31,10.65,10.53,10.36,10.35,2.17,0.57,0.0,1.7,1.7,-0.47,0.19,4.43,1.32,-4.71
2015-11-17,600508,10.66,10.59,10.84,10.57,136466,146057869.0,2.54,-0.19,-0.02,1.89,-5.77,-2.65,0.95,0.66,3.78,3.41,2.46,2.65,0.85,0.47,10.61,10.6,10.35,10.38,0.76,0.19,1.89,1.89,-0.28,0.38,4.63,1.51,-4.53,-4.82
2015-11-18,600508,10.56,10.49,10.67,10.42,73109,77275052.0,2.36,-0.94,-0.1,1.01,-1.25,2.4,2.11,5.28,4.89,3.93,4.13,2.3,1.92,4.03,10.56,10.62,10.39,10.4,1.14,2.86,2.86,0.67,1.33,5.62,2.48,-3.62,-3.91,-2.38
2015-11-19,600508,10.51,10.6,10.61,10.42,65129,68588346.0,1.81,1.05,0.11,0.9,2.4,2.11,5.28,4.89,3.93,4.13,2.3,1.92,4.03,2.4,10.55,10.63,10.41,10.42,1.79,1.79,-0.38,0.28,4.53,1.42,-4.62,-4.91,-3.4,-1.42
2015-11-20,600508,10.63,10.63,10.79,10.58,99762,106357902.0,1.98,0.28,0.03,1.38,0.57,3.69,3.31,2.36,2.55,0.76,0.38,2.46,0.85,0.28,10.58,10.63,10.42,10.43,1.51,-0.66,0.0,4.23,1.13,-4.89,-5.17,-3.67,-1.69,-2.82
2015-11-23,600508,10.57,10.58,10.79,10.51,78887,84137074.0,2.63,-0.47,-0.05,1.09,4.38,4.0,3.04,3.24,1.43,1.05,3.14,1.52,0.95,2.66,10.58,10.62,10.43,10.43,-0.19,0.47,4.73,1.61,-4.44,-4.73,-3.21,-1.23,-2.36,-1.89
2015-11-24,600508,10.55,10.51,10.56,10.3,72800,76029136.0,2.46,-0.66,-0.07,1.01,6.12,5.15,5.34,3.5,3.11,5.24,3.59,3.01,4.76,4.76,10.56,10.59,10.45,10.43,1.14,5.42,2.28,-3.81,-4.09,-2.57,-0.57,-1.71,-1.24,-2.95
2015-11-25,600508,10.5,10.62,10.63,10.47,74855,79007540.0,1.52,1.05,0.11,1.04,3.44,3.63,1.81,1.43,3.53,1.91,1.34,3.06,3.06,0.86,10.59,10.57,10.47,10.44,4.33,1.22,-4.8,-5.08,-3.58,-1.6,-2.73,-2.26,-3.95,-5.08
2015-11-26,600508,10.66,10.79,11.08,10.64,188150,204467552.0,4.14,1.6,0.17,2.6,1.97,0.19,-0.19,1.88,0.28,-0.28,1.41,1.41,-0.75,-0.09,10.63,10.59,10.5,10.44,-0.37,-6.3,-6.58,-5.1,-3.15,-4.26,-3.8,-5.47,-6.58,-5.75
2015-11-27,600508,10.68,10.02,10.75,9.88,135740,141144255.0,8.06,-7.14,-0.77,1.88,7.89,7.49,9.72,8.0,7.39,9.21,9.21,6.88,7.59,12.15,10.5,10.54,10.5,10.42,0.9,0.6,2.2,4.29,3.09,3.59,1.8,0.6,1.5,0.5
2015-11-30,600508,10.03,9.88,10.11,9.53,110727,109461141.0,5.79,-1.4,-0.14,1.53,11.44,13.75,11.96,11.33,13.22,13.22,10.81,11.54,16.26,12.8,10.36,10.47,10.5,10.4,2.02,3.64,5.77,4.55,5.06,3.24,2.02,2.94,1.92,4.25
2015-12-01,600508,9.9,10.03,10.08,9.82,71075,70707186.0,2.63,1.52,0.15,0.98,10.39,8.66,8.04,9.88,9.88,7.54,8.25,12.83,9.47,2.95,10.27,10.42,10.51,10.37,2.09,4.19,2.99,3.49,1.69,0.5,1.4,0.4,2.69,2.29
2015-12-02,600508,10.03,10.22,10.24,9.92,77870,78446807.0,3.19,1.89,0.19,1.08,7.56,6.96,8.77,8.77,6.45,7.16,11.69,8.37,1.92,1.61,10.19,10.39,10.5,10.39,2.25,1.08,1.57,-0.2,-1.37,-0.49,-1.47,0.78,0.39,0.39
2015-12-03,600508,10.2,10.32,10.45,10.12,87144,89564683.0,3.23,0.98,0.1,1.21,4.84,6.62,6.62,4.35,5.04,9.49,6.23,-0.1,-0.4,1.19,10.09,10.36,10.49,10.39,0.1,0.58,-1.16,-2.33,-1.45,-2.42,-0.19,-0.58,-0.58,0.39
2015-12-04,600508,10.3,10.13,10.33,10.06,73750,75118779.0,2.62,-1.84,-0.19,1.02,7.26,7.26,4.97,5.67,10.14,6.86,0.5,0.2,1.79,3.88,10.12,10.31,10.47,10.39,2.47,0.69,-0.49,0.39,-0.59,1.68,1.28,1.28,2.27,3.26
2015-12-07,600508,10.25,10.28,10.38,10.13,75285,77260279.0,2.47,1.48,0.15,1.04,6.52,4.24,4.94,9.38,6.12,-0.2,-0.49,1.09,3.16,1.97,10.2,10.28,10.45,10.38,-0.78,-1.95,-1.07,-2.04,0.19,-0.19,-0.19,0.78,1.75,2.92
2015-12-08,600508,10.16,9.97,10.2,9.95,67312,67484156.0,2.43,-3.02,-0.31,0.93,6.13,6.83,11.36,8.04,1.61,1.31,2.91,5.03,3.82,4.32,10.18,10.23,10.41,10.37,1.1,2.01,1.0,3.31,2.91,2.91,3.91,4.91,6.12,6.72
2015-12-09,600508,9.98,10.01,10.08,9.93,33401,33446117.0,1.5,0.4,0.04,0.46,7.05,11.58,8.26,1.81,1.51,3.12,5.24,4.03,4.53,2.72,10.14,10.17,10.37,10.37,1.6,0.6,2.9,2.5,2.5,3.5,4.5,5.69,6.29,5.29
2015-12-10,600508,10.01,9.99,10.17,9.9,56513,56655714.0,2.7,-0.2,-0.02,0.78,11.92,8.59,2.12,1.82,3.43,5.56,4.34,4.85,3.03,1.82,10.08,10.09,10.34,10.36,0.8,3.1,2.7,2.7,3.7,4.7,5.91,6.51,5.51,4.6
2015-12-11,600508,9.93,10.01,10.07,9.86,43152,42944936.0,2.1,0.2,0.02,0.6,9.03,2.54,2.23,3.85,5.98,4.77,5.27,3.45,2.23,3.14,10.05,10.08,10.31,10.36,2.9,2.5,2.5,3.5,4.5,5.69,6.29,5.29,4.4,4.4
2015-12-14,600508,9.95,10.27,10.3,9.86,75799,76747130.0,4.4,2.6,0.26,1.05,2.54,2.23,3.85,5.98,4.77,5.27,3.45,2.23,3.14,2.13,10.05,10.12,10.3,10.37,-0.1,-0.1,0.88,1.85,3.02,3.6,2.63,1.75,1.75,2.92
2015-12-15,600508,10.26,10.14,10.26,10.08,62054,63055649.0,1.75,-1.27,-0.13,0.86,0.0,1.59,3.67,2.48,2.98,1.19,0.0,0.89,-0.1,2.18,10.08,10.13,10.27,10.38,1.18,2.17,3.16,4.34,4.93,3.94,3.06,3.06,4.24,2.07
2015-12-16,600508,10.14,10.14,10.26,10.11,55306,56396093.0,1.48,0.0,0.0,0.77,1.29,3.36,2.18,2.67,0.89,-0.3,0.59,-0.4,1.88,1.48,10.11,10.13,10.26,10.38,2.17,3.16,4.34,4.93,3.94,3.06,3.06,4.24,2.07,2.76
2015-12-17,600508,10.21,10.31,10.36,10.11,89906,92409464.0,2.47,1.68,0.17,1.24,3.36,2.18,2.67,0.89,-0.3,0.59,-0.4,1.88,1.48,1.48,10.17,10.13,10.24,10.37,1.45,2.62,3.2,2.23,1.36,1.36,2.52,0.39,1.07,1.55
2015-12-18,600508,10.28,10.45,10.46,10.21,110981,114620635.0,2.42,1.36,0.14,1.54,1.18,1.67,-0.1,-1.27,-0.39,-1.37,0.88,0.49,0.49,1.47,10.26,10.16,10.23,10.37,1.24,1.82,0.86,0.0,0.0,1.15,-0.96,-0.29,0.19,-0.19
2015-12-21,600508,10.38,10.52,10.58,10.35,125662,131639464.0,2.2,0.67,0.07,1.74,0.29,-1.45,-2.61,-1.74,-2.71,-0.48,-0.87,-0.87,0.1,1.06,10.31,10.18,10.23,10.36,1.14,0.19,-0.67,-0.67,0.48,-1.62,-0.95,-0.48,-0.86,-6.94
2015-12-22,600508,10.5,10.49,10.64,10.41,121451,127418620.0,2.19,-0.29,-0.03,1.68,-2.02,-3.17,-2.31,-3.27,-1.06,-1.44,-1.44,-0.48,0.48,1.63,10.38,10.23,10.23,10.35,0.48,-0.38,-0.38,0.76,-1.33,-0.67,-0.19,-0.57,-6.67,0.76
2015-12-23,600508,10.49,10.37,10.54,10.32,102642,107277009.0,2.1,-1.14,-0.12,1.42,-2.33,-1.45,-2.42,-0.19,-0.58,-0.58,0.39,1.36,2.52,3.1,10.43,10.27,10.22,10.34,0.77,0.77,1.93,-0.19,0.48,0.96,0.58,-5.59,1.93,1.16
2015-12-24,600508,10.35,10.25,10.45,10.12,85189,87534163.0,3.18,-1.16,-0.12,1.18,0.49,-0.49,1.78,1.38,1.38,2.37,3.36,4.55,5.14,4.15,10.42,10.3,10.19,10.32,1.95,3.12,0.98,1.66,2.15,1.76,-4.49,3.12,2.34,2.05
2015-12-25,600508,10.26,10.44,10.45,10.22,81970,84809695.0,2.24,1.85,0.19,1.13,-1.47,0.78,0.39,0.39,1.37,2.35,3.52,4.11,3.13,2.25,10.41,10.34,10.21,10.32,1.25,-0.86,-0.19,0.29,-0.1,-6.23,1.25,0.48,0.19,3.93
2015-12-28,600508,10.45,10.12,10.57,10.1,106009,110163385.0,4.5,-3.07,-0.32,1.47,1.98,1.58,1.58,2.57,3.56,4.75,5.35,4.36,3.47,3.47,10.33,10.32,10.22,10.31,2.27,2.96,3.46,3.06,-3.26,4.45,3.66,3.36,7.21,-1.19
2015-12-29,600508,10.12,10.32,10.35,10.01,75220,76582536.0,3.36,1.98,0.2,1.04,2.5,2.5,3.5,4.5,5.69,6.29,5.29,4.4,4.4,5.59,10.3,10.34,10.24,10.3,0.97,1.45,1.07,-5.14,2.42,1.65,1.36,5.14,-3.1,-4.55
2015-12-30,600508,10.32,10.4,10.42,10.2,74834,77143276.0,2.13,0.78,0.08,1.04,0.59,1.57,2.55,3.73,4.31,3.33,2.45,2.45,3.63,1.47,10.31,10.37,10.25,10.29,0.67,0.29,-5.87,1.63,0.87,0.58,4.33,-3.85,-5.29,-7.88
2015-12-31,600508,10.39,10.29,10.47,10.28,68944,71579117.0,1.83,-1.06,-0.11,0.95,0.78,1.75,2.92,3.5,2.53,1.65,1.65,2.82,0.68,1.36,10.31,10.37,10.24,10.28,1.36,-4.86,2.72,1.94,1.65,5.44,-2.82,-4.28,-6.9,-9.23
2016-01-04,600508,10.32,9.49,10.43,9.4,82040,82897112.0,10.01,-7.77,-0.8,1.14,11.28,12.55,13.19,12.13,11.17,11.17,12.45,10.11,10.85,11.38,10.12,10.27,10.21,10.25,3.16,11.38,10.54,10.22,14.33,5.37,3.79,0.95,-1.58,-5.16
2016-01-05,600508,9.15,9.61,9.79,9.15,90856,86286355.0,6.74,1.26,0.12,1.26,15.63,16.28,15.19,14.21,14.21,15.52,13.11,13.88,14.43,13.99,10.02,10.18,10.18,10.21,9.99,9.16,8.84,12.9,4.06,2.5,-0.31,-2.81,-6.35,-4.68
2016-01-06,600508,9.58,10.57,10.57,9.56,284861,294894672.0,10.51,9.99,0.96,3.94,11.3,10.25,9.31,9.31,10.56,8.26,9.0,9.52,9.1,2.41,10.07,10.19,10.21,10.21,-0.76,-1.04,2.65,-5.39,-6.81,-9.37,-11.64,-14.85,-13.34,-13.91
2016-01-07,600508,10.48,9.51,10.49,9.51,69213,69228004.0,9.27,-10.03,-1.06,0.96,10.83,9.88,9.88,11.15,8.83,9.57,10.09,9.67,2.94,11.15,9.89,10.1,10.18,10.18,9.99,14.09,5.15,3.58,0.74,-1.79,-5.36,-3.68,-4.31,-2.63
2016-01-08,600508,9.85,10.46,10.46,9.47,340658,350961648.0,10.41,9.99,0.95,4.71,10.35,10.35,11.62,9.29,10.03,10.56,10.14,3.38,11.62,10.77,9.93,10.12,10.21,10.17,3.73,-4.4,-5.83,-8.41,-10.71,-13.96,-12.43,-13.0,-11.47,-11.19
2016-01-11,600508,10.6,9.98,10.85,9.88,261596,271580784.0,9.27,-4.59,-0.48,3.62,5.77,6.98,4.76,5.47,5.97,5.57,-0.91,6.98,6.17,5.87,10.03,10.08,10.21,10.17,0.2,-1.3,-4.01,-6.41,-9.82,-8.22,-8.82,-7.21,-6.91,-4.91
2016-01-12,600508,9.8,9.49,10.0,9.1,167101,158422405.0,9.02,-4.91,-0.49,2.31,16.15,13.74,14.51,15.05,14.62,7.58,16.15,15.27,14.95,19.23,10.0,10.01,10.17,10.15,3.79,0.95,-1.58,-5.16,-3.48,-4.11,-2.42,-2.11,0.0,-3.06
2016-01-13,600508,9.3,9.2,9.85,9.1,145147,138164636.0,7.9,-3.06,-0.29,2.01,13.74,14.51,15.05,14.62,7.58,16.15,15.27,14.95,19.23,9.89,9.73,9.9,10.12,10.12,4.13,1.52,-2.17,-0.43,-1.09,0.65,0.98,3.15,0.0,-1.3
2016-01-14,600508,8.81,9.38,9.58,8.73,123233,112427501.0,9.24,1.96,0.18,1.71,19.36,19.93,19.47,12.14,21.08,20.16,19.82,24.28,14.55,12.83,9.7,9.8,10.08,10.1,-0.43,-4.05,-2.35,-2.99,-1.28,-0.96,1.17,-1.92,-3.2,-4.48
2016-01-15,600508,9.27,8.9,9.34,8.8,103653,93605072.0,5.76,-5.12,-0.48,1.43,18.98,18.52,11.25,20.11,19.2,18.86,23.3,13.64,11.93,8.86,9.39,9.66,10.01,10.05,1.12,2.92,2.25,4.04,4.38,6.63,3.37,2.02,0.67,-0.9
2016-01-18,600508,8.75,8.93,9.0,8.6,67243,59446357.0,4.49,0.34,0.03,0.93,21.28,13.84,22.91,21.98,21.63,26.16,16.28,14.53,11.4,8.6,9.18,9.6,9.94,10.01,2.58,1.9,3.7,4.03,6.27,3.02,1.68,0.34,-1.23,-1.68
2016-01-19,600508,8.88,9.14,9.16,8.83,75865,68739275.0,3.7,2.35,0.21,1.05,10.87,19.71,18.8,18.46,22.88,13.25,11.55,8.49,5.78,1.93,9.11,9.56,9.87,9.97,-0.44,1.31,1.64,3.83,0.66,-0.66,-1.97,-3.5,-3.94,-4.38
2016-01-20,600508,9.07,9.02,9.1,8.85,70773,63845155.0,2.74,-1.31,-0.12,0.98,19.44,18.53,18.19,22.6,12.99,11.3,8.25,5.54,1.69,3.5,9.07,9.4,9.79,9.94,2.66,2.99,5.21,2.0,0.67,-0.67,-2.22,-2.66,-3.1,-4.1
2016-01-21,600508,8.89,8.89,9.26,8.85,82785,75089471.0,4.55,-1.44,-0.13,1.15,18.53,18.19,22.6,12.99,11.3,8.25,5.54,1.69,3.5,2.82,8.98,9.34,9.72,9.9,4.5,6.75,3.49,2.14,0.79,-0.79,-1.24,-1.69,-2.7,-1.57
2016-01-22,600508,9.04,9.09,9.29,8.97,99514,90295857.0,3.6,2.25,0.2,1.38,16.61,20.96,11.48,9.81,6.8,4.12,0.33,2.12,1.45,3.23,9.01,9.2,9.66,9.87,4.4,1.21,-0.11,-1.43,-2.97,-3.41,-3.85,-4.84,-3.74,-3.85
2016-01-25,600508,9.18,9.33,9.49,9.1,133642,124151851.0,4.29,2.64,0.24,1.85,19.23,9.89,8.24,5.27,2.64,-1.1,0.66,0.0,1.76,2.09,9.09,9.14,9.61,9.85,-1.39,-2.68,-3.97,-5.47,-5.89,-6.32,-7.29,-6.22,-6.32,-7.18
2016-01-26,600508,9.18,8.76,9.2,8.7,111273,99638972.0,5.36,-6.11,-0.57,1.54,14.94,13.22,10.11,7.36,3.45,5.29,4.6,6.44,6.78,9.08,9.02,9.06,9.54,9.8,3.65,2.28,0.68,0.23,-0.23,-1.26,-0.11,-0.23,-1.14,2.51
2016-01-27,600508,8.78,9.0,9.08,8.6,85544,75504655.0,5.48,2.74,0.24,1.18,14.53,11.4,8.6,4.65,6.51,5.81,7.67,8.02,10.35,6.98,9.01,9.04,9.47,9.76,-0.44,-2.0,-2.44,-2.89,-3.89,-2.78,-2.89,-3.78,-0.22,0.78
2016-01-28,600508,8.9,8.59,8.96,8.56,54516,48042885.0,4.44,-4.56,-0.41,0.75,11.92,9.11,5.14,7.01,6.31,8.18,8.53,10.86,7.48,6.07,8.95,8.97,9.38,9.71,2.68,2.21,1.75,0.7,1.86,1.75,0.81,4.54,5.59,7.45
2016-01-29,600508,8.4,8.75,8.82,8.4,56727,49015218.0,4.89,1.86,0.16,0.78,11.19,7.14,9.05,8.33,10.24,10.6,12.98,9.52,8.1,6.67,8.89,8.95,9.3,9.66,0.34,-0.11,-1.14,0.0,-0.11,-1.03,2.63,3.66,5.49,3.2
2016-02-01,600508,8.75,8.52,8.78,8.38,50005,42917992.0,4.57,-2.63,-0.23,0.69,7.4,9.31,8.59,10.5,10.86,13.25,9.79,8.35,6.92,5.25,8.72,8.91,9.26,9.59,2.58,1.53,2.7,2.58,1.64,5.4,6.46,8.33,5.99,12.21
2016-02-02,600508,8.53,8.67,8.74,8.5,38461,33220013.0,2.82,1.76,0.15,0.53,7.76,7.06,8.94,9.29,11.65,8.24,6.82,5.41,3.76,3.29,8.71,8.86,9.21,9.53,-0.23,0.92,0.81,-0.12,3.58,4.61,6.46,4.15,10.27,8.77
2016-02-03,600508,8.59,8.58,8.65,8.41,35890,30509277.0,2.77,-1.04,-0.09,0.5,8.2,10.11,10.46,12.84,9.39,7.97,6.54,4.88,4.4,3.92,8.62,8.82,9.11,9.47,1.98,1.86,0.93,4.66,5.71,7.58,5.24,11.42,9.91,9.67
2016-02-04,600508,8.65,8.71,8.75,8.58,45646,39692690.0,1.98,1.52,0.13,0.63,7.93,8.28,10.61,7.23,5.83,4.43,2.8,2.33,1.86,0.82,8.65,8.8,9.07,9.41,0.34,-0.57,3.1,4.13,5.97,3.67,9.76,8.27,8.04,7.81
2016-02-05,600508,8.71,8.62,8.74,8.6,40242,34855894.0,1.61,-1.03,-0.09,0.56,8.02,10.35,6.98,5.58,4.19,2.56,2.09,1.63,0.58,1.74,8.62,8.75,8.98,9.36,0.46,4.18,5.22,7.08,4.76,10.9,9.4,9.16,8.93,8.93
2016-02-15,600508,8.42,8.62,8.66,8.35,36354,30926234.0,3.6,0.0,0.0,0.5,13.65,10.18,8.74,7.31,5.63,5.15,4.67,3.59,4.79,4.67,8.64,8.68,8.91,9.3,4.18,5.22,7.08,4.76,10.9,9.4,9.16,8.93,8.93,6.38
2016-02-16,600508,8.65,8.89,8.98,8.63,60821,53664469.0,4.06,3.13,0.27,0.84,6.6,5.21,3.82,2.2,1.74,1.27,0.23,1.39,1.27,0.35,8.68,8.7,8.88,9.26,2.02,3.82,1.57,7.54,6.07,5.85,5.62,5.62,3.15,3.15
2016-02-17,600508,8.89,8.99,9.07,8.83,64485,57574218.0,2.7,1.12,0.1,0.89,2.83,1.47,-0.11,-0.57,-1.02,-2.04,-0.91,-1.02,-1.93,1.7,8.77,8.69,8.87,9.21,2.67,0.44,6.34,4.89,4.67,4.45,4.45,2.0,2.0,5.9
2016-02-18,600508,9.0,8.92,9.23,8.91,64602,58520976.0,3.56,-0.78,-0.07,0.89,0.56,-1.01,-1.46,-1.91,-2.92,-1.8,-1.91,-2.81,0.79,1.8,8.81,8.73,8.85,9.16,1.23,7.17,5.72,5.49,5.27,5.27,2.8,2.8,6.73,7.17
2016-02-19,600508,8.92,8.96,9.03,8.88,42173,37746250.0,1.68,0.45,0.04,0.58,-0.68,-1.13,-1.58,-2.59,-1.46,-1.58,-2.48,1.13,2.14,3.94,8.88,8.75,8.85,9.12,6.7,5.25,5.02,4.8,4.8,2.34,2.34,6.25,6.7,6.03
2016-02-22,600508,9.05,9.25,9.56,9.01,100969,93734075.0,6.14,3.24,0.29,1.4,-2.55,-3.0,-4.0,-2.89,-3.0,-3.88,-0.33,0.67,2.44,0.22,9.0,8.82,8.86,9.11,1.95,1.73,1.51,1.51,-0.86,-0.86,2.92,3.35,2.7,4.43
2016-02-23,600508,9.21,9.34,9.43,9.15,75547,69945841.0,3.03,0.97,0.09,1.05,-4.48,-5.46,-4.37,-4.48,-5.36,-1.86,-0.87,0.87,-1.31,4.48,9.09,8.89,8.87,9.1,0.75,0.54,0.54,-1.82,-1.82,1.93,2.36,1.71,3.43,5.46
2016-02-24,600508,9.3,9.38,9.41,9.21,64509,60095617.0,2.14,0.43,0.04,0.89,-6.08,-4.99,-5.1,-5.97,-2.5,-1.52,0.22,-1.95,3.8,2.39,9.17,8.97,8.89,9.06,0.11,0.11,-2.24,-2.24,1.49,1.92,1.28,2.99,5.01,-1.6
2016-02-25,600508,9.38,8.72,9.39,8.52,85575,77379175.0,9.28,-7.04,-0.66,1.18,2.7,2.58,1.64,5.4,6.46,8.33,5.99,12.21,10.68,10.45,9.13,8.97,8.88,9.04,7.68,5.16,5.16,9.17,9.63,8.94,10.78,12.96,5.85,5.28
2016-02-26,600508,8.76,9.11,9.39,8.72,66875,59972604.0,7.68,4.47,0.39,0.93,0.23,-0.69,2.98,4.01,5.85,3.56,9.63,8.14,7.91,7.68,9.16,9.02,8.89,8.99,0.66,0.66,4.5,4.94,4.28,6.04,8.12,1.32,0.77,-0.11
2016-02-29,600508,9.07,8.85,9.17,8.53,65865,58087798.0,7.03,-2.85,-0.26,0.91,1.52,5.28,6.33,8.21,5.86,12.08,10.55,10.32,10.08,10.08,9.08,9.04,8.86,8.95,3.62,7.57,8.02,7.34,9.15,11.3,4.29,3.73,2.82,5.99
2016-03-01,600508,8.86,9.01,9.17,8.76,81518,73232109.0,4.63,1.81,0.16,1.13,2.51,3.54,5.37,3.08,9.13,7.65,7.42,7.19,7.19,4.68,9.01,9.05,8.87,8.94,5.66,6.1,5.44,7.21,9.32,2.44,1.89,1.0,4.11,3.22
2016-03-02,600508,8.97,9.48,9.52,8.92,137574,127607262.0,6.66,5.22,0.47,1.9,1.68,3.48,1.23,7.17,5.72,5.49,5.27,5.27,2.8,2.8,9.03,9.1,8.9,8.95,0.84,0.21,1.9,3.9,-2.64,-3.16,-4.01,-1.05,-1.9,-2.85
2016-03-03,600508,9.43,9.39,9.56,9.26,115523,108670597.0,3.16,-0.95,-0.09,1.6,-0.32,-2.48,3.24,1.84,1.62,1.4,1.4,-0.97,-0.97,2.81,9.17,9.15,8.94,8.95,1.17,2.88,4.9,-1.7,-2.24,-3.09,-0.11,-0.96,-1.92,-1.7
2016-03-04,600508,9.37,9.25,9.5,9.11,93413,87342271.0,4.15,-1.49,-0.14,1.29,-0.88,4.94,3.51,3.29,3.07,3.07,0.66,0.66,4.5,4.94,9.2,9.18,8.96,8.96,4.43,6.49,-0.22,-0.76,-1.62,1.41,0.54,-0.43,-0.22,1.73
2016-03-07,600508,9.43,9.63,9.66,9.36,131110,124645124.0,3.24,4.11,0.38,1.81,2.14,0.75,0.53,0.32,0.32,-2.03,-2.03,1.71,2.14,1.5,9.35,9.22,9.02,8.98,2.28,-4.15,-4.67,-5.5,-2.6,-3.43,-4.36,-4.15,-2.28,-1.14
2016-03-08,600508,9.8,9.49,9.85,9.25,96669,91744271.0,6.23,-1.45,-0.14,1.34,1.95,1.73,1.51,1.51,-0.86,-0.86,2.92,3.35,2.7,4.43,9.45,9.23,9.06,8.99,-2.74,-3.27,-4.11,-1.16,-2.0,-2.95,-2.74,-0.84,0.32,-0.42
2016-03-09,600508,9.18,9.1,9.23,9.05,81068,74076192.0,1.9,-4.11,-0.39,1.12,3.98,3.76,3.76,1.33,1.33,5.19,5.64,4.97,6.74,8.84,9.37,9.2,9.09,9.0,0.88,0.0,3.08,2.2,1.21,1.43,3.41,4.62,3.85,4.62
2016-03-10,600508,9.16,9.01,9.18,9.0,45052,40993006.0,1.98,-0.99,-0.09,0.62,4.33,4.33,1.89,1.89,5.78,6.22,5.56,7.33,9.44,2.56,9.3,9.23,9.1,9.0,1.0,4.11,3.22,2.22,2.44,4.44,5.66,4.88,5.66,4.66
2016-03-11,600508,9.0,9.07,9.1,8.91,33537,30207151.0,2.11,0.67,0.06,0.46,5.39,2.92,2.92,6.85,7.3,6.62,8.42,10.55,3.59,3.03,9.26,9.23,9.12,9.0,3.42,2.54,1.54,1.76,3.75,4.96,4.19,4.96,3.97,3.2
2016-03-14,600508,9.13,9.25,9.38,9.09,65138,60469252.0,3.2,1.98,0.18,0.9,0.88,0.88,4.73,5.17,4.51,6.27,8.36,1.54,0.99,0.11,9.18,9.27,9.15,9.0,0.54,-0.43,-0.22,1.73,2.92,2.16,2.92,1.95,1.19,1.73
2016-03-15,600508,9.3,9.16,9.3,9.08,36923,33818220.0,2.38,-0.97,-0.09,0.51,0.99,4.85,5.29,4.63,6.39,8.48,1.65,1.1,0.22,3.3,9.12,9.28,9.17,9.01,0.55,0.76,2.73,3.93,3.17,3.93,2.95,2.18,2.73,1.64
2016-03-16,600508,9.12,9.05,9.21,8.98,46320,42046656.0,2.51,-1.2,-0.11,0.64,6.01,6.46,5.79,7.57,9.69,2.78,2.23,1.34,4.45,3.56,9.11,9.24,9.17,9.01,1.99,3.98,5.19,4.42,5.19,4.2,3.43,3.98,2.87,2.32
2016-03-17,600508,9.07,9.19,9.23,9.04,59106,54035131.0,2.1,1.55,0.14,0.82,5.75,5.09,6.86,8.96,2.1,1.55,0.66,3.76,2.88,1.88,9.14,9.22,9.18,9.03,2.39,3.59,2.83,3.59,2.61,1.85,2.39,1.31,0.76,1.74
2016-03-18,600508,9.22,9.39,9.41,9.16,87040,81070590.0,2.72,2.18,0.2,1.2,3.71,5.46,7.53,0.76,0.22,-0.66,2.4,1.53,0.55,0.76,9.21,9.23,9.21,9.05,1.38,0.64,1.38,0.43,-0.32,0.21,-0.85,-1.38,-0.43,-0.11
2016-03-21,600508,9.4,9.49,9.52,9.36,97112,91711939.0,1.7,1.06,0.1,1.34,3.21,5.24,-1.39,-1.92,-2.78,0.21,-0.64,-1.6,-1.39,0.53,9.26,9.22,9.22,9.09,-0.42,0.32,-0.63,-1.37,-0.84,-1.9,-2.42,-1.48,-1.16,-0.21
2016-03-22,600508,9.45,9.39,9.45,9.32,66940,62825618.0,1.37,-1.05,-0.1,0.93,5.69,-0.97,-1.5,-2.36,0.64,-0.21,-1.18,-0.97,0.97,2.15,9.3,9.21,9.22,9.11,1.38,0.43,-0.32,0.21,-0.85,-1.38,-0.43,-0.11,0.85,2.34
2016-03-23,600508,9.39,9.5,9.52,9.33,64983,61216880.0,2.02,1.17,0.11,0.9,-1.07,-1.61,-2.47,0.54,-0.32,-1.29,-1.07,0.86,2.04,1.29,9.39,9.25,9.23,9.14,-0.74,-1.47,-0.95,-2.0,-2.53,-1.58,-1.26,-0.32,1.16,4.84
2016-03-24,600508,9.41,9.32,9.43,9.28,58264,54475814.0,1.58,-1.89,-0.18,0.81,-1.08,-1.94,1.08,0.22,-0.75,-0.54,1.4,2.59,1.83,2.59,9.42,9.28,9.26,9.16,0.43,0.97,-0.11,-0.64,0.32,0.64,1.61,3.11,6.87,6.12
2016-03-25,600508,9.28,9.32,9.36,9.21,35687,33138094.0,1.61,0.0,0.0,0.49,-1.19,1.85,0.98,0.0,0.22,2.17,3.37,2.61,3.37,2.39,9.4,9.31,9.27,9.18,0.97,-0.11,-0.64,0.32,0.64,1.61,3.11,6.87,6.12,7.19
2016-03-28,600508,9.31,9.25,9.41,9.23,40872,38160467.0,1.93,-0.75,-0.07,0.57,1.63,0.76,-0.22,0.0,1.95,3.14,2.38,3.14,2.17,1.41,9.36,9.31,9.29,9.2,0.65,0.11,1.08,1.41,2.38,3.89,7.68,6.92,8.0,6.7
2016-03-29,600508,9.25,9.07,9.31,9.02,47818,43550965.0,3.14,-1.95,-0.18,0.66,3.1,2.11,2.33,4.32,5.54,4.77,5.54,4.55,3.77,4.32,9.29,9.3,9.29,9.21,2.09,3.09,3.42,4.41,5.95,9.81,9.04,10.14,8.82,15.55
2016-03-30,600508,9.09,9.26,9.26,9.09,38125,35036936.0,1.87,2.09,0.19,0.53,1.32,1.54,3.52,4.73,3.96,4.73,3.74,2.97,3.52,2.42,9.24,9.32,9.28,9.22,0.97,1.3,2.27,3.78,7.56,6.8,7.88,6.59,13.17,9.07
2016-03-31,600508,9.27,9.27,9.35,9.19,44694,41375008.0,1.73,0.11,0.01,0.62,0.44,2.39,3.59,2.83,3.59,2.61,1.85,2.39,1.31,0.76,9.23,9.33,9.27,9.23,1.19,2.16,3.67,7.44,6.69,7.77,6.47,13.05,8.95,7.12
2016-04-01,600508,9.26,9.34,9.38,9.2,57659,53637941.0,1.94,0.76,0.07,0.8,2.28,3.48,2.72,3.48,2.5,1.74,2.28,1.2,0.65,1.63,9.24,9.32,9.28,9.24,1.39,2.89,6.64,5.89,6.96,5.67,12.21,8.14,6.32,6.75
2016-04-05,600508,9.33,9.45,9.47,9.31,83057,78138187.0,1.71,1.18,0.11,1.15,2.26,1.5,2.26,1.29,0.54,1.07,0.0,-0.54,0.43,0.75,9.28,9.32,9.27,9.25,1.69,5.4,4.66,5.71,4.44,10.9,6.88,5.08,5.5,7.2
2016-04-06,600508,9.39,9.59,9.61,9.35,77576,73328862.0,2.75,1.48,0.14,1.07,1.07,1.82,0.86,0.11,0.64,-0.43,-0.96,0.0,0.32,1.28,9.38,9.34,9.27,9.26,3.86,3.13,4.17,2.92,9.28,5.32,3.55,3.96,5.63,5.01
2016-04-07,600508,9.61,9.74,9.96,9.54,234570,228322602.0,4.38,1.56,0.15,3.25,-0.21,-1.15,-1.89,-1.36,-2.41,-2.94,-1.99,-1.68,-0.73,0.73,9.48,9.36,9.31,9.27,1.54,2.57,1.33,7.6,3.7,1.95,2.36,4.0,3.39,2.98
2016-04-08,600508,9.72,9.86,9.89,9.66,141615,138577696.0,2.36,1.23,0.12,1.96,-2.38,-3.11,-2.59,-3.62,-4.14,-3.21,-2.9,-1.97,-0.52,3.11,9.6,9.42,9.35,9.31,1.32,0.1,6.29,2.43,0.71,1.12,2.74,2.13,1.72,-0.61
2016-04-11,600508,9.84,9.81,9.99,9.8,157722,155816971.0,1.93,-0.51,-0.05,2.18,-4.49,-3.98,-5.0,-5.51,-4.59,-4.29,-3.37,-1.94,1.63,0.92,9.69,9.46,9.38,9.33,0.61,6.83,2.96,1.22,1.63,3.26,2.65,2.24,-0.1,-0.31
2016-04-12,600508,9.78,9.86,9.87,9.66,109985,107293483.0,2.14,0.51,0.05,1.52,-2.59,-3.62,-4.14,-3.21,-2.9,-1.97,-0.52,3.11,2.38,3.42,9.77,9.53,9.42,9.37,6.29,2.43,0.71,1.12,2.74,2.13,1.72,-0.61,-0.81,0.41
2016-04-13,600508,9.99,10.07,10.48,9.98,323110,328269312.0,5.07,2.13,0.21,4.47,-6.71,-7.21,-6.31,-6.01,-5.11,-3.71,-0.2,-0.9,0.1,-1.1,9.87,9.63,9.46,9.4,0.3,-1.39,-0.99,0.6,0.0,-0.4,-2.68,-2.88,-1.69,-2.18
2016-04-14,600508,10.04,9.91,10.1,9.81,147700,146205945.0,2.88,-1.59,-0.16,2.04,-5.61,-4.69,-4.38,-3.47,-2.04,1.53,0.82,1.83,0.61,6.83,9.9,9.69,9.5,9.42,0.2,0.61,2.22,1.61,1.21,-1.11,-1.31,-0.1,-0.61,-2.52
2016-04-15,600508,9.93,9.82,9.93,9.76,89795,88140769.0,1.72,-0.91,-0.09,1.24,-4.2,-3.89,-2.97,-1.54,2.05,1.33,2.36,1.13,7.38,3.48,9.89,9.75,9.54,9.43,1.53,3.16,2.55,2.14,-0.2,-0.41,0.81,0.31,-1.63,-2.24
2016-04-18,600508,9.7,9.96,9.97,9.61,139719,136965796.0,3.67,1.43,0.14,1.93,-2.39,-1.46,0.0,3.64,2.91,3.95,2.71,9.05,5.1,3.33,9.92,9.81,9.56,9.45,1.71,1.1,0.7,-1.61,-1.81,-0.6,-1.1,-3.01,-3.61,-2.71
2016-04-19,600508,10.0,9.99,10.13,9.91,153192,153534782.0,2.21,0.3,0.03,2.12,-4.44,-3.03,0.5,-0.2,0.81,-0.4,5.75,1.92,0.2,0.61,9.95,9.86,9.59,9.47,0.8,0.4,-1.9,-2.1,-0.9,-1.4,-3.3,-3.9,-3.0,-2.6
2016-04-20,600508,10.02,9.78,10.07,9.59,130141,127535390.0,4.8,-2.1,-0.21,1.8,0.21,3.86,3.13,4.17,2.92,9.28,5.32,3.55,3.96,5.63,9.89,9.88,9.61,9.48,2.56,0.2,0.0,1.23,0.72,-1.23,-1.84,-0.92,-0.51,-0.92
2016-04-21,600508,9.76,9.82,10.03,9.69,154903,153432624.0,3.48,0.41,0.04,2.14,2.79,2.06,3.1,1.86,8.15,4.23,2.48,2.89,4.54,3.92,9.87,9.89,9.62,9.5,-0.2,-0.41,0.81,0.31,-1.63,-2.24,-1.32,-0.92,-1.32,-1.32
2016-04-22,600508,9.65,9.7,9.8,9.58,92952,90098456.0,2.24,-1.22,-0.12,1.29,3.24,4.28,3.03,9.39,5.43,3.65,4.07,5.74,5.11,4.7,9.85,9.87,9.64,9.52,0.82,2.06,1.55,-0.41,-1.03,-0.1,0.31,-0.1,-0.1,-4.64
2016-04-25,600508,9.71,9.78,9.78,9.61,73508,71484439.0,1.75,0.82,0.08,1.02,3.95,2.71,9.05,5.1,3.33,3.75,5.41,4.79,4.37,1.98,9.81,9.87,9.67,9.55,1.23,0.72,-1.23,-1.84,-0.92,-0.51,-0.92,-0.92,-5.42,-7.46
2016-04-26,600508,9.72,9.87,9.9,9.67,86365,84457675.0,2.35,0.92,0.09,1.2,2.07,8.38,4.45,2.69,3.1,4.76,4.14,3.72,1.34,1.14,9.79,9.87,9.7,9.57,-0.2,-2.13,-2.74,-1.82,-1.42,-1.82,-1.82,-6.28,-8.31,-8.61
2016-04-27,600508,9.85,9.67,9.85,9.6,77426,75196392.0,2.53,-2.03,-0.2,1.07,9.17,5.21,3.44,3.85,5.52,4.9,4.48,2.08,1.88,3.12,9.77,9.83,9.73,9.58,-0.1,-0.72,0.21,0.62,0.21,0.21,-4.34,-6.41,-6.72,-7.96
2016-04-28,600508,9.63,9.52,9.66,9.42,59656,56777783.0,2.48,-1.55,-0.15,0.83,7.22,5.41,5.84,7.54,6.9,6.48,4.03,3.82,5.1,4.56,9.71,9.79,9.74,9.6,0.84,1.79,2.21,1.79,1.79,-2.84,-4.94,-5.25,-6.51,-6.72
2016-04-29,600508,9.51,9.53,9.6,9.48,35985,34354575.0,1.26,0.11,0.01,0.5,4.75,5.17,6.86,6.22,5.8,3.38,3.16,4.43,3.9,1.9,9.67,9.76,9.75,9.61,1.68,2.1,1.68,1.68,-2.94,-5.04,-5.35,-6.61,-6.82,-6.72
2016-05-03,600508,9.58,9.69,9.69,9.51,55091,53052826.0,1.89,1.68,0.16,0.76,4.84,6.52,5.89,5.47,3.05,2.84,4.1,3.58,1.58,0.95,9.66,9.74,9.77,9.62,0.41,0.0,0.0,-4.54,-6.6,-6.91,-8.15,-8.36,-8.26,-7.12
2016-05-04,600508,9.63,9.64,9.73,9.62,41277,39919392.0,1.14,-0.52,-0.05,0.57,5.3,4.68,4.26,1.87,1.66,2.91,2.39,0.42,-0.21,0.73,9.61,9.7,9.78,9.63,0.52,0.52,-4.05,-6.12,-6.43,-7.68,-7.88,-7.78,-6.64,-7.99
2016-05-05,600508,9.67,9.67,9.69,9.61,34590,33367395.0,0.83,0.31,0.03,0.48,4.79,4.37,1.98,1.77,3.02,2.5,0.52,-0.1,0.83,1.25,9.61,9.69,9.78,9.64,0.21,-4.34,-6.41,-6.72,-7.96,-8.17,-8.07,-6.93,-8.27,-9.31
2016-05-06,600508,9.67,9.27,9.69,9.26,72321,68543614.0,4.45,-4.14,-0.4,1.0,8.32,5.83,5.62,6.91,6.37,4.32,3.67,4.64,5.08,4.64,9.56,9.63,9.76,9.63,-0.22,-2.37,-2.7,-3.99,-4.21,-4.1,-2.91,-4.31,-5.39,-5.39
2016-05-09,600508,9.2,8.95,9.25,8.9,63962,57770580.0,3.78,-3.45,-0.32,0.89,10.11,9.89,11.24,10.67,8.54,7.87,8.88,9.33,8.88,8.88,9.44,9.56,9.72,9.62,1.12,0.78,-0.56,-0.78,-0.67,0.56,-0.89,-2.01,-2.01,-1.23
2016-05-10,600508,8.96,8.94,9.05,8.91,32354,28966570.0,1.56,-0.11,-0.01,0.45,9.76,11.11,10.55,8.42,7.74,8.75,9.2,8.75,8.75,3.82,9.29,9.48,9.67,9.6,0.89,-0.45,-0.67,-0.56,0.67,-0.78,-1.9,-1.9,-1.12,-0.89
2016-05-11,600508,8.98,8.93,9.02,8.85,43126,38598336.0,1.9,-0.11,-0.01,0.6,11.86,11.3,9.15,8.47,9.49,9.94,9.49,9.49,4.52,2.26,9.15,9.38,9.63,9.59,-0.34,-0.56,-0.45,0.78,-0.67,-1.79,-1.79,-1.01,-0.78,-0.45
2016-05-12,600508,8.9,8.82,8.9,8.76,54135,47774946.0,1.57,-1.23,-0.11,0.75,12.44,10.27,9.59,10.62,11.07,10.62,10.62,5.59,3.31,2.97,8.98,9.3,9.56,9.58,0.68,0.79,2.04,0.57,-0.57,-0.57,0.23,0.45,0.79,0.45
2016-05-13,600508,8.82,8.81,8.88,8.78,32752,28924245.0,1.13,-0.11,-0.01,0.45,10.02,9.34,10.36,10.82,10.36,10.36,5.35,3.08,2.73,1.37,8.89,9.23,9.51,9.57,0.91,2.16,0.68,-0.45,-0.45,0.34,0.57,0.91,0.57,0.34
2016-05-16,600508,8.8,8.89,8.89,8.76,34981,30905815.0,1.48,0.91,0.08,0.48,9.59,10.62,11.07,10.62,10.62,5.59,3.31,2.97,1.6,1.37,8.88,9.16,9.46,9.56,1.24,-0.22,-1.35,-1.35,-0.56,-0.34,0.0,-0.34,-0.56,-0.79
2016-05-17,600508,8.89,8.89,9.0,8.85,47409,42330209.0,1.69,0.0,0.0,0.66,9.49,9.94,9.49,9.49,4.52,2.26,1.92,0.56,0.34,0.45,8.87,9.08,9.41,9.54,-0.22,-1.35,-1.35,-0.56,-0.34,0.0,-0.34,-0.56,-0.79,1.69
2016-05-18,600508,8.87,8.65,8.87,8.6,46835,40830206.0,3.04,-2.7,-0.24,0.65,13.14,12.67,12.67,7.56,5.23,4.88,3.49,3.26,3.37,4.65,8.81,8.98,9.34,9.51,1.39,1.39,2.2,2.43,2.77,2.43,2.2,1.97,4.51,8.09
2016-05-19,600508,8.66,8.69,8.77,8.65,26126,22807208.0,1.39,0.46,0.04,0.36,12.02,12.02,6.94,4.62,4.28,2.89,2.66,2.77,4.05,2.54,8.79,8.88,9.29,9.48,0.92,1.73,1.96,2.3,1.96,1.73,1.5,4.03,7.59,7.94
2016-05-20,600508,8.7,8.76,8.77,8.67,22048,19237277.0,1.15,0.81,0.07,0.31,11.76,6.69,4.38,4.04,2.65,2.42,2.54,3.81,2.31,1.15,8.78,8.83,9.23,9.45,0.91,1.14,1.48,1.14,0.91,0.68,3.2,6.74,7.08,6.39
2016-05-23,600508,8.79,8.78,8.84,8.73,24919,21884212.0,1.26,0.23,0.02,0.34,5.96,3.67,3.32,1.95,1.72,1.83,3.09,1.6,0.46,0.46,8.75,8.82,9.19,9.42,0.91,1.25,0.91,0.68,0.46,2.96,6.49,6.83,6.15,5.58
2016-05-24,600508,8.78,8.85,8.86,8.7,34449,30223756.0,1.82,0.8,0.07,0.48,4.02,3.68,2.3,2.07,2.18,3.45,1.95,0.8,0.8,1.61,8.75,8.81,9.14,9.38,0.45,0.11,-0.11,-0.34,2.15,5.65,5.99,5.31,4.75,4.63
2016-05-25,600508,8.89,8.81,8.89,8.79,30470,26943402.0,1.13,-0.45,-0.04,0.42,2.62,1.25,1.02,1.14,2.39,0.91,-0.23,-0.23,0.57,0.8,8.78,8.8,9.09,9.35,0.57,0.34,0.11,2.61,6.13,6.47,5.79,5.22,5.11,4.43
2016-05-26,600508,8.81,8.84,8.86,8.69,30630,26880547.0,1.93,0.34,0.03,0.42,2.42,2.19,2.3,3.57,2.07,0.92,0.92,1.73,1.96,2.3,8.81,8.8,9.05,9.31,0.0,-0.23,2.26,5.77,6.11,5.43,4.86,4.75,4.07,2.71
2016-05-27,600508,8.8,8.8,8.84,8.75,23073,20288115.0,1.02,-0.45,-0.04,0.32,1.49,1.6,2.86,1.37,0.23,0.23,1.03,1.26,1.6,1.26,8.82,8.8,9.01,9.27,0.23,2.73,6.25,6.59,5.91,5.34,5.23,4.55,3.18,0.68
2016-05-30,600508,8.78,8.76,8.82,8.72,18624,16345034.0,1.14,-0.45,-0.04,0.26,1.95,3.21,1.72,0.57,0.57,1.38,1.61,1.95,1.61,1.38,8.81,8.78,8.97,9.24,3.2,6.74,7.08,6.39,5.82,5.71,5.02,3.65,1.14,2.74
2016-05-31,600508,8.76,9.03,9.04,8.74,71132,63496225.0,3.42,3.08,0.27,0.98,2.97,1.49,0.34,0.34,1.14,1.37,1.72,1.37,1.14,0.92,8.85,8.8,8.94,9.2,3.54,3.88,3.21,2.66,2.55,1.88,0.55,-1.88,-0.33,0.22
2016-06-01,600508,8.98,9.28,9.35,8.97,120990,111618737.0,4.21,2.77,0.25,1.67,-1.11,-2.23,-2.23,-1.45,-1.23,-0.89,-1.23,-1.45,-1.67,0.78,8.94,8.86,8.92,9.18,1.08,0.43,-0.11,-0.22,-0.86,-2.16,-4.53,-3.02,-2.48,0.22
2016-06-02,600508,9.23,9.27,9.38,9.16,50863,46995486.0,2.37,-0.11,-0.01,0.7,-4.26,-4.26,-3.49,-3.28,-2.95,-3.28,-3.49,-3.71,-1.31,2.07,9.03,8.92,8.9,9.16,0.54,0.0,-0.11,-0.76,-2.05,-4.42,-2.91,-2.37,0.32,-1.62
2016-06-03,600508,9.24,9.24,9.32,9.12,52349,48287887.0,2.16,-0.32,-0.03,0.72,-3.84,-3.07,-2.85,-2.52,-2.85,-3.07,-3.29,-0.88,2.52,2.85,9.12,8.97,8.9,9.14,0.32,0.22,-0.43,-1.73,-4.11,-2.6,-2.06,0.65,-1.3,-1.41
2016-06-06,600508,9.25,9.23,9.27,9.16,36246,33344570.0,1.19,-0.11,-0.01,0.5,-3.49,-3.28,-2.95,-3.28,-3.49,-3.71,-1.31,2.07,2.4,1.75,9.21,9.01,8.91,9.13,0.33,-0.33,-1.63,-4.01,-2.49,-1.95,0.76,-1.19,-1.3,0.11
2016-06-07,600508,9.23,9.21,9.26,9.13,30224,27726477.0,1.41,-0.22,-0.02,0.42,-2.96,-2.63,-2.96,-3.18,-3.4,-0.99,2.41,2.74,2.08,1.53,9.25,9.05,8.93,9.11,-0.11,-1.41,-3.8,-2.28,-1.74,0.98,-0.98,-1.09,0.33,0.22
2016-06-08,600508,9.17,9.14,9.2,9.08,41262,37616896.0,1.3,-0.76,-0.07,0.57,-2.09,-2.42,-2.64,-2.86,-0.44,2.97,3.3,2.64,2.09,1.98,9.22,9.08,8.94,9.09,-0.66,-3.06,-1.53,-0.98,1.75,-0.22,-0.33,1.09,0.98,0.77
2016-06-13,600508,9.08,8.8,9.08,8.79,37275,33458102.0,3.17,-3.72,-0.34,0.52,0.8,0.57,0.34,2.84,6.37,6.71,6.03,5.46,5.35,4.66,9.12,9.08,8.94,9.06,0.68,2.27,2.84,5.68,3.64,3.52,5.0,4.89,4.66,6.59
2016-06-14,600508,8.7,8.81,8.86,8.7,24231,21315250.0,1.82,0.11,0.01,0.34,1.61,1.38,3.91,7.47,7.82,7.13,6.55,6.44,5.75,4.37,9.04,9.08,8.94,9.03,2.16,2.72,5.56,3.52,3.41,4.88,4.77,4.54,6.47,4.88
2016-06-15,600508,8.76,8.95,9.0,8.71,32018,28502775.0,3.29,1.59,0.14,0.44,1.26,3.79,7.35,7.69,7.0,6.43,6.31,5.63,4.25,1.72,8.98,9.1,8.94,9.01,1.12,3.91,1.9,1.79,3.24,3.13,2.91,4.8,3.24,3.8
2016-06-16,600508,8.9,8.99,9.05,8.9,31782,28547528.0,1.68,0.45,0.04,0.44,1.57,5.06,5.39,4.72,4.16,4.04,3.37,2.02,-0.45,1.12,8.94,9.09,8.94,8.99,3.45,1.45,1.33,2.78,2.67,2.45,4.34,2.78,3.34,3.34
2016-06-17,600508,9.0,9.12,9.3,8.98,64805,59259037.0,3.56,1.45,0.13,0.9,4.12,4.45,3.79,3.23,3.12,2.45,1.11,-1.34,0.22,0.78,8.93,9.08,8.97,8.97,0.0,-0.11,1.32,1.21,0.99,2.85,1.32,1.86,1.86,2.85
2016-06-20,600508,9.08,9.0,9.12,8.91,32881,29605790.0,2.3,-1.32,-0.12,0.45,5.27,4.6,4.04,3.93,3.25,1.91,-0.56,1.01,1.57,4.38,8.97,9.05,8.98,8.95,1.22,2.67,2.56,2.33,4.22,2.67,3.22,3.22,4.22,6.56
2016-06-21,600508,9.01,9.02,9.11,8.97,30723,27816061.0,1.56,0.22,0.02,0.43,3.9,3.34,3.23,2.56,1.23,-1.23,0.33,0.89,3.68,1.67,9.02,9.03,9.0,8.94,2.44,2.33,2.11,3.99,2.44,2.99,2.99,3.99,6.32,6.32
2016-06-22,600508,9.03,9.18,9.24,8.98,50799,46589895.0,2.88,1.77,0.16,0.7,3.23,3.12,2.45,1.11,-1.34,0.22,0.78,3.56,1.56,1.45,9.06,9.02,9.02,8.95,0.54,0.33,2.18,0.65,1.2,1.2,2.18,4.47,4.47,3.59
2016-06-23,600508,9.13,9.14,9.23,9.1,56565,51868051.0,1.42,-0.44,-0.04,0.78,1.76,1.1,-0.22,-2.64,-1.1,-0.55,2.2,0.22,0.11,1.54,9.09,9.02,9.03,8.96,0.77,2.63,1.09,1.64,1.64,2.63,4.92,4.92,4.05,4.81
2016-06-24,600508,9.19,8.97,9.21,8.8,43665,39426744.0,4.49,-1.86,-0.17,0.6,4.55,3.18,0.68,2.27,2.84,5.68,3.64,3.52,5.0,4.89,9.06,9.0,9.04,8.96,4.57,3.01,3.57,3.57,4.57,6.91,6.91,6.02,6.8,6.13
2016-06-27,600508,8.93,9.21,9.38,8.93,150594,139579978.0,5.02,2.68,0.24,2.08,1.68,-0.78,0.78,1.34,4.14,2.13,2.02,3.47,3.36,3.14,9.1,9.04,9.06,8.97,0.33,0.87,0.87,1.85,4.13,4.13,3.26,4.02,3.37,5.75
2016-06-28,600508,9.14,9.24,9.24,9.1,53059,48685704.0,1.52,0.33,0.03,0.73,-2.64,-1.1,-0.55,2.2,0.22,0.11,1.54,1.43,1.21,3.08,9.15,9.08,9.08,8.98,0.54,0.54,1.52,3.79,3.79,2.92,3.68,3.03,5.41,10.5
2016-06-29,600508,9.24,9.24,9.29,9.19,38286,35344890.0,1.08,0.0,0.0,0.53,-2.07,-1.52,1.2,-0.76,-0.87,0.54,0.44,0.22,2.07,0.54,9.16,9.11,9.1,9.0,0.54,1.52,3.79,3.79,2.92,3.68,3.03,5.41,10.5,7.25
2016-06-30,600508,9.25,9.27,9.29,9.21,30944,28627093.0,0.87,0.32,0.03,0.43,-1.74,0.98,-0.98,-1.09,0.33,0.22,0.0,1.85,0.33,0.87,9.19,9.14,9.12,9.01,1.19,3.45,3.45,2.59,3.34,2.7,5.07,10.14,6.9,7.23
2016-07-01,600508,9.25,9.24,9.38,9.21,36966,34270881.0,1.83,-0.32,-0.03,0.51,0.98,-0.98,-1.09,0.33,0.22,0.0,1.85,0.33,0.87,0.87,9.24,9.15,9.11,9.03,3.79,3.79,2.92,3.68,3.03,5.41,10.5,7.25,7.58,7.79
2016-07-04,600508,9.21,9.5,9.59,9.21,104652,99173137.0,4.11,2.81,0.26,1.45,-0.98,-1.09,0.33,0.22,0.0,1.85,0.33,0.87,0.87,1.85,9.3,9.2,9.12,9.06,0.95,0.11,0.84,0.21,2.53,7.47,4.32,4.63,4.84,3.58
2016-07-05,600508,9.5,9.5,9.59,9.45,63431,60449599.0,1.47,0.0,0.0,0.88,-3.6,-2.22,-2.33,-2.54,-0.74,-2.22,-1.69,-1.69,-0.74,1.48,9.35,9.25,9.14,9.08,0.11,0.84,0.21,2.53,7.47,4.32,4.63,4.84,3.58,2.74
2016-07-06,600508,9.45,9.5,9.51,9.36,58126,54756121.0,1.58,0.0,0.0,0.8,-1.28,-1.39,-1.6,0.21,-1.28,-0.75,-0.75,0.21,2.46,2.46,9.4,9.28,9.15,9.1,0.84,0.21,2.53,7.47,4.32,4.63,4.84,3.58,2.74,2.32
2016-07-07,600508,9.48,9.52,9.58,9.47,58566,55794891.0,1.16,0.21,0.02,0.81,-2.53,-2.75,-0.95,-2.43,-1.9,-1.9,-0.95,1.27,1.27,0.42,9.45,9.32,9.17,9.13,0.0,2.31,7.25,4.1,4.41,4.62,3.36,2.52,2.1,2.0
2016-07-08,600508,9.48,9.46,9.52,9.36,55151,52028876.0,1.68,-0.63,-0.06,0.76,-1.6,0.21,-1.28,-0.75,-0.75,0.21,2.46,2.46,1.6,2.35,9.5,9.37,9.18,9.15,2.96,7.93,4.76,5.07,5.29,4.02,3.17,2.75,2.64,2.33
2016-07-11,600508,9.4,9.55,9.74,9.4,102296,98382017.0,3.59,0.95,0.09,1.42,-0.21,-1.7,-1.17,-1.17,-0.21,2.02,2.02,1.17,1.91,1.28,9.51,9.4,9.22,9.17,6.91,3.77,4.08,4.29,3.04,2.2,1.78,1.68,1.36,1.26
2016-07-12,600508,9.55,9.88,10.21,9.54,163937,162905748.0,7.02,3.46,0.33,2.27,-3.14,-2.62,-2.62,-1.68,0.52,0.52,-0.31,0.42,-0.21,2.1,9.58,9.47,9.27,9.21,0.3,0.61,0.81,-0.4,-1.21,-1.62,-1.72,-2.02,-2.13,-0.51
2016-07-13,600508,9.88,9.86,9.91,9.72,67925,66759246.0,1.92,-0.2,-0.02,0.94,-4.42,-4.42,-3.5,-1.34,-1.34,-2.16,-1.44,-2.06,0.21,5.04,9.65,9.53,9.32,9.24,0.81,1.01,-0.2,-1.01,-1.42,-1.52,-1.83,-1.93,-0.3,-0.41
2016-07-14,600508,9.83,9.82,9.94,9.79,48561,47800013.0,1.52,-0.41,-0.04,0.67,-5.11,-4.19,-2.04,-2.04,-2.86,-2.15,-2.76,-0.51,4.29,1.23,9.71,9.58,9.36,9.27,1.43,0.2,-0.61,-1.02,-1.12,-1.43,-1.53,0.1,0.0,-3.26
2016-07-15,600508,9.88,9.83,9.96,9.82,49281,48661566.0,1.43,0.1,0.01,0.68,-4.48,-2.34,-2.34,-3.16,-2.44,-3.05,-0.81,3.97,0.92,1.22,9.79,9.64,9.4,9.29,0.1,-0.71,-1.12,-1.22,-1.53,-1.63,0.0,-0.1,-3.36,0.61
2016-07-18,600508,9.84,9.72,9.84,9.7,66091,64455313.0,1.42,-1.12,-0.11,0.91,-1.13,-1.13,-1.96,-1.24,-1.86,0.41,5.26,2.16,2.47,2.68,9.82,9.66,9.43,9.3,0.41,0.0,-0.1,-0.41,-0.51,1.13,1.03,-2.26,1.75,-1.03
2016-07-19,600508,9.73,9.69,9.76,9.54,54452,52513365.0,2.26,-0.31,-0.03,0.75,0.52,-0.31,0.42,-0.21,2.1,7.02,3.88,4.19,4.4,3.14,9.78,9.68,9.47,9.32,0.31,0.21,-0.1,-0.21,1.44,1.34,-1.96,2.06,-0.72,0.41
2016-07-20,600508,9.68,9.63,9.72,9.53,49841,47906551.0,1.96,-0.62,-0.06,0.69,-0.21,0.52,-0.1,2.2,7.14,3.99,4.3,4.51,3.25,2.41,9.74,9.7,9.49,9.33,0.83,0.52,0.42,2.08,1.97,-1.35,2.7,-0.1,1.04,1.56
2016-07-21,600508,9.63,9.64,9.71,9.61,40575,39203408.0,1.04,0.1,0.01,0.56,-0.31,-0.94,1.35,6.24,3.12,3.43,3.64,2.39,1.56,1.14,9.7,9.71,9.51,9.35,0.41,0.31,1.97,1.87,-1.45,2.59,-0.21,0.93,1.45,1.35
2016-07-22,600508,9.61,9.58,9.68,9.53,37244,35681776.0,1.56,-0.62,-0.06,0.52,-0.1,2.2,7.14,3.99,4.3,4.51,3.25,2.41,1.99,1.89,9.65,9.72,9.54,9.36,0.94,2.61,2.51,-0.84,3.24,0.42,1.57,2.09,1.98,3.34
2016-07-25,600508,9.57,9.64,9.67,9.55,39367,37858215.0,1.25,0.63,0.06,0.54,1.99,6.91,3.77,4.08,4.29,3.04,2.2,1.78,1.68,1.36,9.64,9.73,9.57,9.39,1.97,1.87,-1.45,2.59,-0.21,0.93,1.45,1.35,2.7,6.43
2016-07-26,600508,9.66,9.78,9.83,9.62,50974,49603141.0,2.18,1.45,0.14,0.71,6.13,3.01,3.33,3.53,2.29,1.46,1.04,0.94,0.62,0.52,9.65,9.72,9.59,9.42,0.41,-2.86,1.12,-1.64,-0.51,0.0,-0.1,1.23,4.91,3.07
2016-07-27,600508,9.79,9.4,9.82,9.31,78095,74324467.0,5.21,-3.89,-0.38,1.08,6.44,6.77,6.98,5.69,4.83,4.4,4.3,3.97,3.87,5.59,9.61,9.67,9.6,9.44,1.06,5.21,2.34,3.51,4.04,3.94,5.32,9.15,7.23,9.15
2016-07-28,600508,9.4,9.45,9.5,9.37,44197,41653099.0,1.38,0.53,0.05,0.61,6.08,6.3,5.02,4.16,3.74,3.63,3.31,3.2,4.91,4.8,9.57,9.64,9.61,9.45,4.66,1.8,2.96,3.49,3.39,4.76,8.57,6.67,8.57,7.3
2016-07-29,600508,9.67,9.58,9.89,9.51,126761,123072346.0,4.02,1.38,0.13,1.75,4.73,3.47,2.63,2.21,2.1,1.79,1.68,3.36,3.26,-0.11,9.57,9.61,9.63,9.47,0.42,1.57,2.09,1.98,3.34,7.1,5.22,7.1,5.85,5.01
2016-08-01,600508,9.51,9.47,9.62,9.31,77937,73327003.0,3.24,-1.15,-0.11,1.08,5.69,4.83,4.4,4.3,3.97,3.87,5.59,5.48,2.04,6.23,9.54,9.59,9.62,9.48,2.75,3.27,3.17,4.54,8.34,6.44,8.34,7.07,6.23,7.39
2016-08-02,600508,9.45,9.71,9.73,9.42,59840,57045476.0,3.27,2.53,0.24,0.83,3.61,3.18,3.08,2.76,2.65,4.35,4.25,0.85,4.99,2.12,9.52,9.59,9.64,9.51,0.72,0.62,1.96,5.66,3.81,5.66,4.43,3.6,4.74,6.59
2016-08-03,600508,9.61,9.77,9.78,9.61,69004,67004134.0,1.75,0.62,0.06,0.95,1.14,1.04,0.73,0.62,2.29,2.19,-1.14,2.91,0.1,1.25,9.6,9.6,9.65,9.53,0.0,1.33,5.02,3.17,5.02,3.79,2.97,4.09,5.94,5.22
2016-08-04,600508,9.71,9.68,9.77,9.58,68343,65995011.0,1.94,-0.92,-0.09,0.95,1.36,1.04,0.94,2.61,2.51,-0.84,3.24,0.42,1.57,2.09,9.64,9.61,9.66,9.54,2.27,5.99,4.13,5.99,4.75,3.93,5.06,6.92,6.2,6.1
2016-08-05,600508,9.69,9.87,9.9,9.64,101103,98968145.0,2.69,1.96,0.19,1.4,0.41,0.31,1.97,1.87,-1.45,2.59,-0.21,0.93,1.45,1.35,9.7,9.64,9.68,9.57,3.95,2.13,3.95,2.74,1.93,3.04,4.86,4.15,4.05,2.74
2016-08-08,600508,9.87,10.13,10.26,9.83,166583,167938156.0,4.36,2.63,0.26,2.3,-1.63,0.0,-0.1,-3.36,0.61,-2.14,-1.02,-0.51,-0.61,0.71,9.83,9.68,9.71,9.6,-0.49,1.28,0.1,-0.69,0.39,2.17,1.48,1.38,0.1,0.49
2016-08-09,600508,10.08,10.03,10.08,9.92,91688,91507566.0,1.58,-0.99,-0.1,1.27,-0.91,-1.01,-4.23,-0.3,-3.02,-1.92,-1.41,-1.51,-0.2,3.43,9.9,9.71,9.71,9.63,2.29,1.1,0.3,1.4,3.19,2.49,2.39,1.1,1.5,1.3
2016-08-10,600508,10.0,9.96,10.26,9.92,117125,118344983.0,3.39,-0.7,-0.07,1.62,-1.01,-4.23,-0.3,-3.02,-1.92,-1.41,-1.51,-0.2,3.43,1.61,9.93,9.77,9.72,9.66,1.81,1.0,2.11,3.92,3.21,3.11,1.81,2.21,2.01,2.71
2016-08-11,600508,9.91,9.99,10.14,9.74,114769,114233480.0,4.02,0.3,0.03,1.59,-2.46,1.54,-1.23,-0.1,0.41,0.31,1.64,5.34,3.49,5.34,10.0,9.82,9.73,9.68,0.7,1.8,3.6,2.9,2.8,1.5,1.9,1.7,2.4,0.9
2016-08-12,600508,9.93,10.03,10.06,9.85,60395,60129435.0,2.1,0.4,0.04,0.84,0.41,-2.34,-1.22,-0.71,-0.81,0.51,4.16,2.34,4.16,2.94,10.03,9.86,9.74,9.71,1.4,3.19,2.49,2.39,1.1,1.5,1.3,1.99,0.5,0.7
2016-08-15,600508,10.03,10.14,10.17,9.97,98174,99069557.0,1.99,1.1,0.11,1.36,-3.51,-2.41,-1.91,-2.01,-0.7,2.91,1.1,2.91,1.71,0.9,10.03,9.93,9.76,9.73,2.07,1.38,1.28,0.0,0.39,0.2,0.89,-0.59,-0.39,-0.3
2016-08-16,600508,10.14,10.25,10.35,10.13,114866,117671686.0,2.17,1.08,0.11,1.59,-3.95,-3.46,-3.55,-2.27,1.28,-0.49,1.28,0.1,-0.69,0.39,10.07,9.99,9.79,9.75,0.29,0.2,-1.07,-0.68,-0.88,-0.2,-1.66,-1.46,-1.37,-0.1
2016-08-17,600508,10.25,10.16,10.28,10.07,66575,67727822.0,2.05,-0.88,-0.09,0.92,-2.88,-2.98,-1.69,1.89,0.1,1.89,0.7,-0.1,0.99,2.78,10.11,10.02,9.81,9.77,1.08,-0.2,0.2,0.0,0.69,-0.79,-0.59,-0.49,0.79,0.39
2016-08-18,600508,10.14,10.1,10.27,10.06,68054,69234942.0,2.07,-0.59,-0.06,0.94,-2.88,-1.59,1.99,0.2,1.99,0.8,0.0,1.09,2.88,2.19,10.14,10.07,9.84,9.79,0.4,0.79,0.59,1.29,-0.2,0.0,0.1,1.39,0.99,1.19
2016-08-19,600508,10.12,10.05,10.14,9.94,61603,61715185.0,1.98,-0.5,-0.05,0.85,-0.4,3.22,1.41,3.22,2.01,1.21,2.31,4.12,3.42,3.32,10.14,10.08,9.86,9.81,1.29,1.09,1.79,0.3,0.5,0.6,1.89,1.49,1.69,2.99
2016-08-22,600508,10.06,10.12,10.18,10.0,64818,65399094.0,1.79,0.7,0.07,0.9,2.6,0.8,2.6,1.4,0.6,1.7,3.5,2.8,2.7,1.4,10.14,10.08,9.88,9.83,0.4,1.09,-0.4,-0.2,-0.1,1.19,0.79,0.99,2.27,3.56
2016-08-23,600508,10.08,10.11,10.16,10.04,69883,70620815.0,1.19,-0.1,-0.01,0.97,0.4,2.19,1.0,0.2,1.29,3.09,2.39,2.29,1.0,1.39,10.11,10.09,9.9,9.84,1.19,-0.3,-0.1,0.0,1.29,0.89,1.09,2.37,3.66,3.07
2016-08-24,600508,10.11,10.17,10.23,10.02,60173,60947406.0,2.08,0.59,0.06,0.83,2.4,1.2,0.4,1.5,3.29,2.59,2.5,1.2,1.6,1.4,10.11,10.11,9.94,9.85,-0.88,-0.69,-0.59,0.69,0.29,0.49,1.77,3.05,2.46,2.75
2016-08-25,600508,10.06,10.01,10.08,9.9,79410,79236453.0,1.77,-1.57,-0.16,1.1,2.42,1.62,2.73,4.55,3.84,3.74,2.42,2.83,2.63,3.33,10.09,10.11,9.97,9.86,0.9,1.0,2.3,1.9,2.1,3.4,4.7,4.1,4.4,4.1
2016-08-26,600508,9.99,10.01,10.1,9.96,40764,40916369.0,1.4,0.0,0.0,0.56,1.0,2.11,3.92,3.21,3.11,1.81,2.21,2.01,2.71,1.2,10.08,10.11,9.99,9.86,1.0,2.3,1.9,2.1,3.4,4.7,4.1,4.4,4.1,6.69
2016-08-29,600508,10.0,10.07,10.11,9.97,39788,40012353.0,1.4,0.6,0.06,0.55,2.01,3.81,3.11,3.01,1.71,2.11,1.91,2.61,1.1,1.3,10.07,10.11,10.02,9.87,1.69,1.29,1.49,2.78,4.07,3.48,3.77,3.48,6.06,1.09
2016-08-30,600508,10.1,10.13,10.24,10.08,62233,63286521.0,1.59,0.6,0.06,0.86,2.68,1.98,1.88,0.6,0.99,0.79,1.49,0.0,0.2,0.3,10.08,10.09,10.04,9.89,0.69,0.89,2.17,3.46,2.86,3.16,2.86,5.43,0.49,0.3
2016-08-31,600508,10.15,10.17,10.2,10.1,47455,48188408.0,0.99,0.39,0.04,0.66,1.78,1.68,0.4,0.79,0.59,1.29,-0.2,0.0,0.1,1.39,10.08,10.09,10.06,9.91,0.49,1.77,3.05,2.46,2.75,2.46,5.01,0.1,-0.1,0.0
2016-09-01,600508,10.17,10.1,10.22,10.05,74874,75862868.0,1.67,-0.69,-0.07,1.04,2.19,0.9,1.29,1.09,1.79,0.3,0.5,0.6,1.89,1.49,10.1,10.09,10.08,9.92,2.48,3.76,3.17,3.47,3.17,5.74,0.79,0.59,0.69,1.29
2016-09-02,600508,10.15,10.33,10.35,10.09,103449,105912745.0,2.57,2.28,0.23,1.43,0.5,0.89,0.69,1.39,-0.1,0.1,0.2,1.49,1.09,1.29,10.16,10.12,10.1,9.95,1.45,0.87,1.16,0.87,3.39,-1.45,-1.65,-1.55,-0.97,0.0
2016-09-05,600508,10.37,10.37,10.48,10.28,92167,95663836.0,1.94,0.39,0.04,1.28,-0.97,-1.17,-0.49,-1.95,-1.75,-1.65,-0.39,-0.78,-0.58,0.68,10.22,10.15,10.11,9.97,0.48,0.77,0.48,2.99,-1.83,-2.03,-1.93,-1.35,-0.39,-0.39
2016-09-06,600508,10.4,10.37,10.42,10.18,75857,78153684.0,2.31,0.0,0.0,1.05,-0.2,0.49,-0.98,-0.79,-0.69,0.59,0.2,0.39,1.67,2.95,10.27,10.17,10.13,9.99,0.77,0.48,2.99,-1.83,-2.03,-1.93,-1.35,-0.39,-0.39,1.16
2016-09-07,600508,10.37,10.4,10.45,10.28,85908,89111347.0,1.64,0.29,0.03,1.19,-0.49,-1.95,-1.75,-1.65,-0.39,-0.78,-0.58,0.68,1.95,1.36,10.31,10.2,10.15,10.02,0.19,2.69,-2.12,-2.31,-2.21,-1.63,-0.67,-0.67,0.87,0.48
2016-09-08,600508,10.41,10.38,10.42,10.27,40033,41355353.0,1.44,-0.19,-0.02,0.55,-1.85,-1.66,-1.56,-0.29,-0.68,-0.49,0.78,2.04,1.46,1.75,10.37,10.23,10.17,10.06,2.89,-1.93,-2.12,-2.02,-1.45,-0.48,-0.48,1.06,0.67,1.25
2016-09-09,600508,10.37,10.33,10.68,10.31,93225,97964703.0,3.56,-0.48,-0.05,1.29,-2.04,-1.94,-0.68,-1.07,-0.87,0.39,1.65,1.07,1.36,1.07,10.37,10.27,10.19,10.08,-1.45,-1.65,-1.55,-0.97,0.0,0.0,1.55,1.16,1.74,-0.77
2016-09-12,600508,10.16,10.0,10.18,9.97,62916,63358762.0,2.03,-3.19,-0.33,0.87,1.4,2.71,2.31,2.51,3.81,5.12,4.51,4.81,4.51,7.12,10.3,10.26,10.18,10.1,1.6,1.7,2.3,3.3,3.3,4.9,4.5,5.1,2.5,2.9
2016-09-13,600508,10.07,10.15,10.16,10.0,39757,40070975.0,1.6,1.5,0.15,0.55,2.4,2.0,2.2,3.5,4.8,4.2,4.5,4.2,6.8,1.8,10.25,10.26,10.18,10.11,0.2,0.79,1.77,1.77,3.35,2.96,3.55,0.99,1.38,4.53
2016-09-14,600508,10.12,10.13,10.17,10.06,36437,36914220.0,1.08,-0.2,-0.02,0.5,1.39,1.59,2.88,4.17,3.58,3.88,3.58,6.16,1.19,0.99,10.2,10.26,10.17,10.12,0.99,1.97,1.97,3.55,3.16,3.75,1.18,1.58,4.74,4.15
2016-09-19,600508,10.14,10.2,10.23,10.14,26334,26814989.0,0.89,0.69,0.07,0.36,0.79,2.07,3.35,2.76,3.06,2.76,5.33,0.39,0.2,0.3,10.16,10.27,10.18,10.14,1.27,1.27,2.84,2.45,3.04,0.49,0.88,4.02,3.43,6.08
2016-09-20,600508,10.22,10.29,10.33,10.15,46352,47490912.0,1.76,0.88,0.09,0.64,1.97,3.25,2.66,2.96,2.66,5.22,0.3,0.1,0.2,0.79,10.15,10.26,10.19,10.16,0.39,1.94,1.55,2.14,-0.39,0.0,3.11,2.53,5.15,5.64
2016-09-21,600508,10.31,10.28,10.33,10.25,30019,30868982.0,0.78,-0.1,-0.01,0.42,2.24,1.66,1.95,1.66,4.2,-0.68,-0.88,-0.78,-0.2,0.78,10.21,10.25,10.2,10.16,2.04,1.65,2.24,-0.29,0.1,3.21,2.63,5.25,5.74,5.16
2016-09-22,600508,10.31,10.39,10.49,10.31,60395,62916697.0,1.75,1.07,0.11,0.84,1.07,1.36,1.07,3.59,-1.26,-1.45,-1.36,-0.78,0.19,0.19,10.26,10.26,10.21,10.17,0.58,1.15,-1.35,-0.96,2.12,1.54,4.14,4.62,4.04,5.58
2016-09-23,600508,10.41,10.43,10.45,10.34,33895,35236278.0,1.06,0.38,0.04,0.47,1.06,0.77,3.29,-1.55,-1.74,-1.64,-1.06,-0.1,-0.1,1.45,10.32,10.26,10.23,10.19,0.77,-1.73,-1.34,1.73,1.15,3.74,4.22,3.64,5.18,3.16
2016-09-26,600508,10.41,10.15,10.51,10.14,61941,64120553.0,3.55,-2.68,-0.28,0.86,2.76,5.33,0.39,0.2,0.3,0.89,1.87,1.87,3.45,3.06,10.31,10.24,10.23,10.19,0.99,1.38,4.53,3.94,6.6,7.09,6.5,8.08,6.01,7.39
2016-09-27,600508,10.1,10.23,10.25,10.03,37030,37598080.0,2.17,0.79,0.08,0.51,6.48,1.5,1.3,1.4,1.99,2.99,2.99,4.59,4.19,4.79,10.3,10.23,10.24,10.2,0.59,3.71,3.13,5.77,6.26,5.67,7.23,5.18,6.55,7.04
2016-09-28,600508,10.23,10.24,10.29,10.18,29320,30015617.0,1.08,0.1,0.01,0.41,0.0,-0.2,-0.1,0.49,1.47,1.47,3.05,2.65,3.24,0.69,10.29,10.25,10.25,10.2,3.61,3.03,5.66,6.15,5.57,7.13,5.08,6.45,6.93,9.28
2016-09-29,600508,10.25,10.4,10.61,10.25,89644,93644519.0,3.52,1.56,0.16,1.24,-0.88,-0.78,-0.2,0.78,0.78,2.34,1.95,2.54,0.0,0.39,10.29,10.27,10.27,10.21,1.44,4.04,4.52,3.94,5.48,3.46,4.81,5.29,7.6,6.06
2016-09-30,600508,10.3,10.54,10.55,10.27,65397,68527092.0,2.69,1.35,0.14,0.9,-0.97,-0.39,0.58,0.58,2.14,1.75,2.34,-0.19,0.19,3.31,10.31,10.32,10.29,10.22,2.66,3.13,2.56,4.08,2.09,3.42,3.89,6.17,4.65,3.89
2016-10-10,600508,10.65,10.68,10.82,10.64,104669,112103390.0,1.71,1.33,0.14,1.45,-3.85,-2.91,-2.91,-1.41,-1.79,-1.22,-3.67,-3.29,-0.28,-0.85,10.42,10.36,10.31,10.24,1.78,1.22,2.72,0.75,2.06,2.53,4.78,3.28,2.53,8.15
2016-10-11,600508,10.72,10.86,10.87,10.62,82235,88215722.0,2.34,1.69,0.18,1.14,-2.73,-2.73,-1.22,-1.6,-1.04,-3.48,-3.11,-0.09,-0.66,1.88,10.54,10.42,10.34,10.27,-0.46,1.01,-0.92,0.37,0.83,3.04,1.57,0.83,6.35,6.91
2016-10-12,600508,10.8,10.79,10.81,10.68,75887,81491528.0,1.2,-0.64,-0.07,1.05,-3.28,-1.78,-2.15,-1.59,-4.03,-3.65,-0.66,-1.22,1.31,1.78,10.65,10.47,10.36,10.29,1.67,-0.28,1.02,1.48,3.71,2.22,1.48,7.04,7.6,6.58
2016-10-13,600508,10.78,10.67,10.97,10.65,102572,110784480.0,2.97,-1.11,-0.12,1.42,-1.5,-1.88,-1.31,-3.76,-3.38,-0.38,-0.94,1.6,2.07,1.5,10.71,10.5,10.38,10.31,0.84,2.16,2.62,4.87,3.37,2.62,8.25,8.81,7.78,7.12
2016-10-14,600508,10.71,10.73,10.76,10.55,63950,68126083.0,1.97,0.56,0.06,0.88,-0.95,-0.38,-2.84,-2.46,0.57,0.0,2.56,3.03,2.46,3.98,10.75,10.53,10.39,10.33,1.58,2.05,4.29,2.8,2.05,7.64,8.2,7.18,6.52,5.31
2016-10-17,600508,10.74,10.74,10.9,10.7,101911,110211637.0,1.86,0.09,0.01,1.41,-1.78,-4.21,-3.83,-0.84,-1.4,1.12,1.59,1.03,2.52,0.56,10.76,10.59,10.41,10.35,1.96,4.19,2.7,1.96,7.54,8.1,7.08,6.42,5.21,4.0
2016-10-18,600508,10.7,10.93,10.95,10.66,82192,89149793.0,2.7,1.77,0.19,1.14,-3.85,-3.47,-0.47,-1.03,1.5,1.97,1.41,2.91,0.94,2.25,10.77,10.66,10.44,10.38,2.38,0.91,0.18,5.67,6.22,5.22,4.57,3.39,2.2,1.1
2016-10-19,600508,11.0,10.88,11.19,10.82,91929,101177647.0,3.39,-0.46,-0.05,1.27,-4.9,-1.94,-2.5,0.0,0.46,-0.09,1.39,-0.55,0.74,1.2,10.79,10.72,10.49,10.41,1.38,0.64,6.16,6.71,5.7,5.06,3.86,2.67,1.56,1.93
2016-10-20,600508,10.88,10.9,11.03,10.84,55210,60252938.0,1.75,0.18,0.02,0.76,-2.12,-2.68,-0.18,0.28,-0.28,1.2,-0.74,0.55,1.01,3.23,10.84,10.77,10.52,10.44,0.46,5.96,6.51,5.5,4.86,3.67,2.48,1.38,1.74,0.64
2016-10-21,600508,10.88,10.81,10.95,10.69,59927,64802233.0,2.39,-0.83,-0.09,0.83,-1.31,1.22,1.68,1.12,2.62,0.65,1.96,2.43,4.68,3.18,10.85,10.8,10.56,10.46,6.85,7.4,6.38,5.74,4.53,3.33,2.22,2.59,1.48,2.04
2016-10-24,600508,10.83,11.3,11.55,10.8,180616,203174270.0,6.94,4.53,0.49,2.5,0.19,0.65,0.09,1.57,-0.37,0.93,1.39,3.61,2.13,1.39,10.96,10.86,10.61,10.5,2.74,1.77,1.15,0.0,-1.15,-2.21,-1.86,-2.92,-2.39,1.68
2016-10-25,600508,11.33,11.6,11.61,11.2,176884,201615094.0,3.63,2.65,0.3,2.45,-2.95,-3.48,-2.05,-3.93,-2.68,-2.23,-0.09,-1.52,-2.23,3.13,11.1,10.94,10.68,10.54,-0.86,-1.47,-2.59,-3.71,-4.74,-4.4,-5.43,-4.91,-0.95,-0.34
2016-10-26,600508,11.5,11.27,11.5,11.22,108318,122947586.0,2.41,-2.84,-0.33,1.5,-3.65,-2.23,-4.1,-2.85,-2.41,-0.27,-1.69,-2.41,2.94,3.48,11.18,10.98,10.73,10.57,1.42,0.27,-0.89,-1.95,-1.6,-2.66,-2.13,1.95,2.57,0.53
2016-10-27,600508,11.27,11.22,11.43,11.07,81257,91226763.0,3.19,-0.44,-0.05,1.12,-0.9,-2.8,-1.54,-1.08,1.08,-0.36,-1.08,4.34,4.88,3.88,11.24,11.04,10.77,10.6,0.71,-0.45,-1.52,-1.16,-2.23,-1.69,2.41,3.03,0.98,1.69
2016-10-28,600508,11.22,11.28,11.3,11.14,66553,74754763.0,1.43,0.53,0.06,0.92,-3.41,-2.15,-1.71,0.45,-0.99,-1.71,3.68,4.22,3.23,2.6,11.33,11.09,10.81,10.63,-0.98,-2.04,-1.68,-2.75,-2.22,1.86,2.48,0.44,1.15,2.84
2016-10-31,600508,11.16,11.0,11.17,10.88,112514,123244495.0,2.57,-2.48,-0.28,1.56,0.18,0.64,2.85,1.38,0.64,6.16,6.71,5.7,5.06,3.86,11.27,11.12,10.85,10.65,0.45,0.82,-0.27,0.27,4.45,5.09,3.0,3.73,5.45,10.73
2016-11-01,600508,10.93,10.99,11.05,10.9,83235,91230089.0,1.36,-0.09,-0.01,1.15,0.46,2.66,1.19,0.46,5.96,6.51,5.5,4.86,3.67,2.48,11.15,11.13,10.89,10.67,0.91,-0.18,0.36,4.55,5.19,3.09,3.82,5.55,10.83,8.46
2016-11-02,600508,10.98,10.82,11.09,10.78,107589,117334167.0,2.82,-1.55,-0.17,1.49,3.8,2.32,1.58,7.14,7.7,6.68,6.03,4.82,3.62,2.5,11.06,11.12,10.92,10.7,1.39,1.94,6.19,6.84,4.71,5.45,7.21,12.57,10.17,7.86
2016-11-03,600508,10.76,10.87,10.97,10.73,76143,82620938.0,2.22,0.46,0.05,1.05,2.8,2.05,7.64,8.2,7.18,6.52,5.31,4.1,2.98,3.36,10.99,11.12,10.94,10.72,1.47,5.7,6.35,4.23,4.97,6.72,12.05,9.66,7.36,6.9
2016-11-04,600508,10.88,10.99,11.03,10.86,89924,98530424.0,1.56,1.1,0.12,1.24,0.83,6.35,6.91,5.89,5.25,4.05,2.85,1.75,2.12,1.01,10.93,11.13,10.97,10.75,4.55,5.19,3.09,3.82,5.55,10.83,8.46,6.19,5.73,5.0
2016-11-07,600508,11.03,11.24,11.49,11.01,145149,163146384.0,4.37,2.27,0.25,2.01,4.9,5.45,4.45,3.81,2.63,1.45,0.36,0.73,-0.36,0.18,10.98,11.13,10.99,10.78,2.85,0.8,1.51,3.2,8.36,6.05,3.83,3.38,2.67,2.14
2016-11-08,600508,11.28,11.22,11.56,11.16,159803,181306726.0,3.56,-0.18,-0.02,2.21,4.03,3.05,2.42,1.25,0.09,-0.99,-0.63,-1.7,-1.16,2.96,11.03,11.09,11.01,10.81,0.98,1.69,3.39,8.56,6.24,4.01,3.57,2.85,2.32,3.39
2016-11-09,600508,11.22,11.21,11.33,10.9,109734,122623356.0,3.83,-0.09,-0.01,1.52,5.5,4.86,3.67,2.48,1.38,1.74,0.64,1.19,5.41,6.06,11.11,11.08,11.03,10.85,1.78,3.48,8.65,6.33,4.1,3.66,2.94,2.41,3.48,3.12
2016-11-10,600508,11.25,11.27,11.41,11.18,104361,117758245.0,2.05,0.54,0.06,1.44,2.24,1.07,-0.09,-1.16,-0.81,-1.88,-1.34,2.77,3.4,1.34,11.19,11.09,11.06,10.88,2.93,8.07,5.77,3.55,3.11,2.4,1.86,2.93,2.57,1.95
2016-11-11,600508,11.26,11.5,11.6,11.12,142004,162002313.0,4.26,2.04,0.23,1.96,1.62,0.45,-0.63,-0.27,-1.35,-0.81,3.33,3.96,1.89,2.61,11.29,11.11,11.1,10.91,5.91,3.65,1.48,1.04,0.35,-0.17,0.87,0.52,-0.09,-1.3
2016-11-14,600508,11.4,11.87,12.18,11.36,188163,222004668.0,7.13,3.22,0.37,2.6,-1.67,-2.73,-2.38,-3.43,-2.9,1.14,1.76,-0.26,0.44,2.11,11.41,11.2,11.16,10.97,0.42,-1.68,-2.11,-2.78,-3.29,-2.27,-2.61,-3.2,-4.38,-3.45
2016-11-15,600508,11.8,11.67,11.92,11.51,125030,145869334.0,3.45,-1.68,-0.2,1.73,-4.0,-3.65,-4.69,-4.17,-0.17,0.43,-1.56,-0.87,0.78,5.82,11.5,11.27,11.2,11.02,0.0,-0.43,-1.11,-1.63,-0.6,-0.94,-1.54,-2.74,-1.8,-2.83
2016-11-16,600508,11.64,11.56,11.67,11.43,84829,97688198.0,2.06,-0.94,-0.11,1.17,-2.97,-4.02,-3.5,0.52,1.14,-0.87,-0.17,1.49,6.56,4.29,11.57,11.34,11.23,11.06,0.52,-0.17,-0.69,0.35,0.0,-0.61,-1.82,-0.87,-1.9,-3.98
2016-11-17,600508,11.49,11.54,11.62,11.43,59712,68749150.0,1.64,-0.17,-0.02,0.83,-4.02,-3.5,0.52,1.14,-0.87,-0.17,1.49,6.56,4.29,2.1,11.63,11.41,11.26,11.1,0.0,-0.52,0.52,0.17,-0.43,-1.65,-0.69,-1.73,-3.81,-3.99
2016-11-18,600508,11.52,11.37,11.54,11.34,65774,75197410.0,1.73,-1.47,-0.17,0.91,-2.73,1.32,1.94,-0.09,0.62,2.29,7.41,5.11,2.91,2.47,11.6,11.45,11.29,11.13,0.97,2.02,1.67,1.06,-0.18,0.79,-0.26,-2.37,-2.55,-2.46
2016-11-21,600508,11.34,11.43,11.48,11.31,52719,60139856.0,1.5,0.53,0.06,0.73,1.59,2.21,0.18,0.88,2.56,7.69,5.39,3.18,2.74,2.03,11.51,11.46,11.3,11.15,1.49,1.14,0.52,-0.7,0.26,-0.79,-2.89,-3.06,-2.97,-4.2
2016-11-22,600508,11.47,11.52,11.6,11.47,92717,106847930.0,1.14,0.79,0.09,1.28,0.78,-1.22,-0.52,1.13,6.19,3.92,1.74,1.31,0.61,0.09,11.48,11.49,11.29,11.17,0.35,-0.26,-1.48,-0.52,-1.56,-3.65,-3.82,-3.73,-4.95,-5.03
2016-11-23,600508,11.53,11.21,11.56,11.19,102651,116770909.0,3.21,-2.69,-0.31,1.42,1.25,1.97,3.66,8.85,6.52,4.29,3.84,3.13,2.59,3.66,11.41,11.49,11.29,11.19,2.5,1.25,2.23,1.16,-0.98,-1.16,-1.07,-2.32,-2.41,-1.52
2016-11-24,600508,11.4,11.28,11.49,11.23,97116,110204473.0,2.32,0.62,0.07,1.34,1.6,3.29,8.46,6.14,3.92,3.47,2.76,2.23,3.29,2.94,11.36,11.5,11.29,11.21,0.62,1.6,0.53,-1.6,-1.77,-1.68,-2.93,-3.01,-2.13,-2.48
2016-11-25,600508,11.35,11.23,11.35,10.97,111740,124883492.0,3.37,-0.44,-0.05,1.55,5.74,11.03,8.66,6.38,5.93,5.2,4.65,5.74,5.38,4.74,11.33,11.47,11.29,11.22,2.05,0.98,-1.16,-1.34,-1.25,-2.49,-2.58,-1.69,-2.05,-2.32
2016-11-28,600508,11.21,11.42,11.46,11.21,95181,108132166.0,2.23,1.69,0.19,1.32,8.65,6.33,4.1,3.66,2.94,2.41,3.48,3.12,2.5,1.25,11.33,11.42,11.31,11.25,-0.7,-2.8,-2.98,-2.89,-4.12,-4.2,-3.33,-3.68,-3.94,-2.98
2016-11-29,600508,11.33,11.16,11.34,11.15,100580,112967205.0,1.66,-2.28,-0.26,1.39,6.91,4.66,4.22,3.5,2.96,4.04,3.68,3.05,1.79,2.78,11.26,11.37,11.32,11.25,-0.54,-0.72,-0.63,-1.88,-1.97,-1.08,-1.43,-1.7,-0.72,-4.39
2016-11-30,600508,11.06,10.96,11.1,10.9,89092,97943335.0,1.79,-1.79,-0.2,1.23,7.06,6.61,5.87,5.32,6.42,6.06,5.41,4.13,5.14,4.04,11.21,11.31,11.33,11.26,1.09,1.19,-0.09,-0.18,0.73,0.36,0.09,1.09,-2.65,-2.1
2016-12-01,600508,10.97,11.04,11.08,10.97,56945,62807957.0,1.0,0.73,0.08,0.79,5.93,5.2,4.65,5.74,5.38,4.74,3.46,4.47,3.37,1.19,11.16,11.26,11.33,11.26,0.45,-0.82,-0.91,0.0,-0.36,-0.63,0.36,-3.35,-2.81,-1.99
2016-12-02,600508,11.03,10.91,11.09,10.88,57271,62848980.0,1.9,-1.18,-0.13,0.79,6.07,5.51,6.62,6.25,5.61,4.32,5.33,4.23,2.02,1.84,11.1,11.22,11.33,11.26,0.37,0.27,1.19,0.82,0.55,1.56,-2.2,-1.65,-0.82,-0.82
2016-12-05,600508,10.88,10.91,10.95,10.8,52574,57196402.0,1.37,0.0,0.0,0.73,6.3,7.41,7.04,6.39,5.09,6.11,5.0,2.78,2.59,2.69,11.0,11.16,11.31,11.25,0.27,1.19,0.82,0.55,1.56,-2.2,-1.65,-0.82,-0.82,-0.82
2016-12-06,600508,10.89,10.82,10.94,10.8,48965,53201469.0,1.28,-0.82,-0.09,0.68,7.41,7.04,6.39,5.09,6.11,5.0,2.78,2.59,2.69,1.39,10.93,11.09,11.29,11.23,2.03,1.66,1.39,2.4,-1.39,-0.83,0.0,0.0,0.0,-0.18
2016-12-07,600508,10.85,11.03,11.04,10.73,90608,98612350.0,2.87,1.94,0.21,1.25,7.74,7.08,5.78,6.8,5.68,3.45,3.26,3.36,2.05,1.96,10.94,11.08,11.28,11.22,-0.27,-0.54,0.45,-3.26,-2.72,-1.9,-1.9,-1.9,-2.09,-1.81
2016-12-08,600508,10.98,10.89,11.0,10.87,63818,69696081.0,1.18,-1.27,-0.14,0.88,5.7,4.42,5.43,4.32,2.12,1.93,2.02,0.74,0.64,1.56,10.91,11.04,11.27,11.21,0.73,1.74,-2.02,-1.47,-0.64,-0.64,-0.64,-0.83,-0.55,-0.46
2016-12-09,600508,10.82,10.91,10.97,10.82,40290,43997018.0,1.38,0.18,0.02,0.56,4.9,5.91,4.81,2.59,2.4,2.5,1.2,1.11,2.03,1.66,10.91,11.01,11.24,11.19,1.56,-2.2,-1.65,-0.82,-0.82,-0.82,-1.01,-0.73,-0.64,-1.01
2016-12-12,600508,10.96,10.55,11.08,10.53,100043,107868074.0,5.04,-3.3,-0.36,1.38,8.83,7.69,5.41,5.22,5.32,3.99,3.89,4.84,4.46,4.18,10.84,10.92,11.17,11.18,1.14,1.71,2.56,2.56,2.56,2.37,2.65,2.75,2.37,2.56
2016-12-13,600508,10.54,10.66,10.67,10.44,59956,63216798.0,2.18,1.04,0.11,0.83,8.62,6.32,6.13,6.23,4.89,4.79,5.75,5.36,5.08,6.13,10.81,10.87,11.12,11.17,0.66,1.5,1.5,1.5,1.31,1.59,1.69,1.31,1.5,1.78
2016-12-14,600508,10.59,10.65,10.73,10.55,45505,48439498.0,1.69,-0.09,-0.01,0.63,5.21,5.02,5.12,3.79,3.7,4.64,4.27,3.98,5.02,1.14,10.73,10.84,11.07,11.16,1.6,1.6,1.6,1.41,1.69,1.78,1.41,1.6,1.88,2.25
2016-12-15,600508,10.61,10.73,10.82,10.58,53326,57116142.0,2.25,0.75,0.08,0.74,4.73,4.82,3.5,3.4,4.35,3.97,3.69,4.73,0.85,1.42,10.7,10.81,11.03,11.16,0.84,0.84,0.65,0.93,1.03,0.65,0.84,1.12,1.49,1.3
2016-12-16,600508,10.72,10.71,10.82,10.61,39387,42174255.0,1.96,-0.19,-0.02,0.54,4.52,3.2,3.11,4.05,3.68,3.39,4.43,0.57,1.13,1.98,10.66,10.79,11.0,11.15,1.03,0.84,1.12,1.21,0.84,1.03,1.31,1.68,1.49,1.49
2016-12-19,600508,10.73,10.8,10.82,10.64,47979,51667060.0,1.68,0.84,0.09,0.66,2.91,2.82,3.76,3.38,3.1,4.14,0.28,0.85,1.69,1.69,10.71,10.78,10.97,11.13,0.0,0.28,0.37,0.0,0.19,0.46,0.83,0.65,0.65,2.04
2016-12-20,600508,10.8,10.73,10.8,10.63,36634,39156209.0,1.57,-0.65,-0.07,0.51,2.92,3.86,3.48,3.2,4.23,0.38,0.94,1.79,1.79,1.79,10.72,10.77,10.93,11.12,0.93,1.03,0.65,0.84,1.12,1.49,1.3,1.3,2.7,2.52
2016-12-21,600508,10.73,10.81,10.83,10.73,32564,35116338.0,0.93,0.75,0.08,0.45,2.89,2.52,2.24,3.26,-0.56,0.0,0.84,0.84,0.84,0.65,10.76,10.74,10.91,11.1,0.28,-0.09,0.09,0.37,0.74,0.56,0.56,1.94,1.76,3.61
2016-12-22,600508,10.81,10.8,10.84,10.72,41798,45056990.0,1.11,-0.09,-0.01,0.58,2.61,2.33,3.36,-0.47,0.09,0.93,0.93,0.93,0.75,1.03,10.77,10.74,10.89,11.09,0.0,0.19,0.46,0.83,0.65,0.65,2.04,1.85,3.7,3.7
2016-12-23,600508,10.76,10.66,10.8,10.6,40164,42828840.0,1.85,-1.3,-0.14,0.56,3.49,4.53,0.66,1.23,2.08,2.08,2.08,1.89,2.17,2.26,10.76,10.71,10.86,11.06,1.5,1.78,2.16,1.97,1.97,3.38,3.19,5.07,5.07,4.88
2016-12-26,600508,10.57,10.79,10.82,10.46,52425,55675254.0,3.38,1.22,0.13,0.73,5.93,2.01,2.58,3.44,3.44,3.44,3.25,3.54,3.63,3.25,10.76,10.73,10.83,11.02,0.56,0.93,0.74,0.74,2.13,1.95,3.8,3.8,3.61,3.8
2016-12-27,600508,10.71,10.84,10.85,10.7,40385,43565147.0,1.39,0.46,0.05,0.56,-0.28,0.28,1.12,1.12,1.12,0.93,1.21,1.31,0.93,1.12,10.78,10.75,10.81,11.0,0.46,0.28,0.28,1.66,1.48,3.32,3.32,3.14,3.32,3.14
2016-12-28,600508,10.87,10.79,10.89,10.77,34025,36862561.0,1.11,-0.46,-0.05,0.47,-0.37,0.46,0.46,0.46,0.28,0.56,0.65,0.28,0.46,0.74,10.78,10.77,10.8,10.97,0.74,0.74,2.13,1.95,3.8,3.8,3.61,3.8,3.61,2.32
2016-12-29,600508,10.76,10.78,10.87,10.68,27390,29523001.0,1.76,-0.09,-0.01,0.38,1.31,1.31,1.31,1.12,1.4,1.5,1.12,1.31,1.59,1.97,10.77,10.77,10.79,10.95,0.83,2.23,2.04,3.9,3.9,3.71,3.9,3.71,2.41,1.3
2016-12-30,600508,10.8,10.86,10.87,10.77,31529,34173264.0,0.93,0.74,0.08,0.44,0.46,0.46,0.28,0.56,0.65,0.28,0.46,0.74,1.11,0.93,10.81,10.79,10.79,10.93,1.47,1.29,3.13,3.13,2.95,3.13,2.95,1.66,0.55,-0.74
2017-01-03,600508,10.87,10.95,11.02,10.87,64324,70600776.0,1.38,0.83,0.09,0.89,-0.46,-0.64,-0.37,-0.28,-0.64,-0.46,-0.18,0.18,0.0,0.0,10.84,10.8,10.79,10.91,0.46,2.28,2.28,2.1,2.28,2.1,0.82,-0.27,-1.55,-3.11
2017-01-04,600508,10.91,10.98,11.0,10.88,52990,58017296.0,1.1,0.27,0.03,0.73,-0.74,-0.46,-0.37,-0.74,-0.55,-0.28,0.09,-0.09,-0.09,1.29,10.87,10.83,10.8,10.9,2.0,2.0,1.82,2.0,1.82,0.55,-0.55,-1.82,-3.37,-3.01
2017-01-05,600508,11.04,11.12,11.2,10.99,80092,89150785.0,1.91,1.28,0.14,1.11,-1.46,-1.36,-1.73,-1.55,-1.27,-0.91,-1.09,-1.09,0.27,0.09,10.94,10.86,10.8,10.89,0.72,0.54,0.72,0.54,-0.72,-1.8,-3.06,-4.59,-4.23,-4.41
2017-01-06,600508,11.1,11.16,11.2,11.03,63655,70783829.0,1.53,0.36,0.04,0.88,-1.72,-2.09,-1.9,-1.63,-1.27,-1.45,-1.45,-0.09,-0.27,1.54,11.01,10.89,10.81,10.89,0.18,0.36,0.18,-1.08,-2.15,-3.41,-4.93,-4.57,-4.75,-4.12
2017-01-09,600508,11.18,11.18,11.18,11.08,52269,58198829.0,0.9,0.18,0.02,0.72,-2.53,-2.35,-2.08,-1.71,-1.9,-1.9,-0.54,-0.72,1.08,1.08,11.08,10.95,10.83,10.89,0.18,0.0,-1.25,-2.33,-3.58,-5.1,-4.74,-4.92,-4.29,-0.98
2017-01-10,600508,11.17,11.08,11.2,11.06,67653,75211612.0,1.25,-0.89,-0.1,0.94,-2.17,-1.9,-1.54,-1.72,-1.72,-0.36,-0.54,1.27,1.27,1.08,11.1,10.97,10.85,10.88,0.9,-0.36,-1.44,-2.71,-4.24,-3.88,-4.06,-3.43,-0.09,0.18
2017-01-11,600508,11.08,11.0,11.18,10.99,50200,55545919.0,1.71,-0.72,-0.08,0.69,-1.27,-0.91,-1.09,-1.09,0.27,0.09,1.91,1.91,1.73,1.91,11.11,10.99,10.87,10.87,0.36,-0.73,-2.0,-3.55,-3.18,-3.36,-2.73,0.64,0.91,1.09
2017-01-12,600508,10.96,10.88,11.04,10.86,39183,42821815.0,1.64,-1.09,-0.12,0.54,0.28,0.09,0.09,1.47,1.29,3.13,3.13,2.95,3.13,2.95,11.06,11.0,10.88,10.87,0.37,-0.92,-2.48,-2.11,-2.3,-1.65,1.75,2.02,2.21,2.57
2017-01-13,600508,10.88,10.74,10.92,10.72,35155,38052464.0,1.84,-1.29,-0.14,0.49,1.4,1.4,2.8,2.61,4.48,4.48,4.29,4.48,4.29,2.99,10.98,11.0,10.88,10.86,0.37,-1.21,-0.84,-1.02,-0.37,3.07,3.35,3.54,3.91,5.87
2017-01-16,600508,10.71,10.5,10.78,9.99,67903,71695321.0,7.36,-2.23,-0.24,0.94,8.81,10.31,10.11,12.11,12.11,11.91,12.11,11.91,10.51,9.31,10.84,10.96,10.87,10.84,1.05,1.43,1.24,1.9,5.43,5.71,5.9,6.29,8.29,6.95
2017-01-17,600508,10.42,10.59,10.61,10.35,34592,36282643.0,2.48,0.86,0.09,0.48,6.47,6.28,8.21,8.21,8.02,8.21,8.02,6.67,5.51,4.15,10.74,10.92,10.86,10.83,0.57,0.38,1.04,4.53,4.82,5.0,5.38,7.37,6.04,6.7
2017-01-18,600508,10.58,10.61,10.65,10.53,27116,28755387.0,1.13,0.19,0.02,0.38,4.46,6.36,6.36,6.17,6.36,6.17,4.84,3.7,2.37,0.76,10.66,10.89,10.86,10.83,0.19,0.85,4.34,4.62,4.81,5.18,7.16,5.84,6.5,6.31
2017-01-19,600508,10.59,10.54,10.63,10.48,26014,27475814.0,1.41,-0.66,-0.07,0.36,6.87,6.87,6.68,6.87,6.68,5.34,4.2,2.86,1.24,1.62,10.6,10.83,10.84,10.81,1.52,5.03,5.31,5.5,5.88,7.87,6.55,7.21,7.02,7.02
2017-01-20,600508,10.54,10.65,10.7,10.5,27525,29266485.0,1.9,1.04,0.11,0.38,6.67,6.48,6.67,6.48,5.14,4.0,2.67,1.05,1.43,1.24,10.58,10.78,10.83,10.8,3.94,4.23,4.41,4.79,6.76,5.45,6.1,5.92,5.92,8.17
2017-01-23,600508,10.63,11.0,11.07,10.63,81324,89033234.0,4.13,3.29,0.35,1.13,5.17,5.36,5.17,3.86,2.73,1.41,-0.19,0.19,0.0,0.66,10.68,10.76,10.85,10.8,0.91,1.09,1.45,3.36,2.09,2.73,2.55,2.55,4.73,7.18
2017-01-24,600508,10.95,11.09,11.1,10.89,72048,79248844.0,1.91,0.82,0.09,1.0,2.85,2.66,1.38,0.28,-1.01,-2.57,-2.2,-2.39,-1.74,1.65,10.78,10.76,10.87,10.82,0.27,0.63,2.52,1.26,1.89,1.71,1.71,3.88,6.31,3.79
2017-01-25,600508,11.06,11.02,11.12,10.99,47472,52485855.0,1.17,-0.63,-0.07,0.66,1.73,0.45,-0.64,-1.91,-3.46,-3.09,-3.28,-2.64,0.73,1.0,10.86,10.76,10.88,10.83,1.27,3.18,1.91,2.54,2.36,2.36,4.54,6.99,4.45,5.99
2017-01-26,600508,11.05,11.1,11.16,11.01,45779,50672475.0,1.36,0.73,0.08,0.63,0.27,-0.82,-2.09,-3.63,-3.27,-3.45,-2.82,0.54,0.82,1.0,10.97,10.78,10.89,10.85,2.43,1.17,1.8,1.62,1.62,3.78,6.22,3.69,5.23,7.66
2017-02-03,600508,11.1,11.21,11.37,11.09,103199,116066186.0,2.52,0.99,0.11,1.43,-1.53,-2.8,-4.33,-3.97,-4.15,-3.52,-0.18,0.09,0.27,0.63,11.08,10.83,10.91,10.87,0.18,0.8,0.62,0.62,2.77,5.17,2.68,4.19,6.6,6.07
2017-02-06,600508,11.2,11.23,11.23,11.05,66507,74160047.0,1.61,0.18,0.02,0.92,-2.44,-3.98,-3.62,-3.8,-3.17,0.18,0.45,0.63,1.0,2.9,11.13,10.9,10.93,10.88,0.62,0.45,0.45,2.58,4.99,2.49,4.01,6.41,5.88,5.52
2017-02-07,600508,11.22,11.25,11.3,11.15,59474,66704189.0,1.34,0.18,0.02,0.82,-4.84,-4.48,-4.66,-4.04,-0.72,-0.45,-0.27,0.09,1.97,0.72,11.16,10.97,10.95,10.9,0.27,0.27,2.4,4.8,2.31,3.82,6.22,5.69,5.33,5.78
2017-02-08,600508,11.27,11.24,11.28,11.09,55218,61703079.0,1.69,-0.09,-0.01,0.76,-3.97,-4.15,-3.52,-0.18,0.09,0.27,0.63,2.52,1.26,1.89,11.21,11.03,10.96,10.91,0.36,2.49,4.89,2.4,3.91,6.32,5.78,5.43,5.87,4.89
2017-02-09,600508,11.19,11.23,11.28,11.19,73261,82380148.0,0.8,-0.09,-0.01,1.01,-5.0,-4.38,-1.07,-0.8,-0.63,-0.27,1.61,0.36,0.98,0.8,11.23,11.1,10.96,10.93,2.58,4.99,2.49,4.01,6.41,5.88,5.52,5.97,4.99,4.36
2017-02-10,600508,11.21,11.42,11.52,11.2,125427,142488779.0,2.85,1.69,0.19,1.74,-4.46,-1.16,-0.89,-0.71,-0.36,1.52,0.27,0.89,0.71,0.71,11.27,11.18,10.98,10.95,3.24,0.79,2.28,4.64,4.12,3.77,4.2,3.24,2.63,1.84
2017-02-13,600508,11.48,11.49,11.79,11.36,133337,154475162.0,3.77,0.61,0.07,1.84,-2.55,-2.29,-2.11,-1.76,0.09,-1.14,-0.53,-0.7,-0.7,1.41,11.33,11.23,10.99,10.98,0.17,1.65,4.0,3.48,3.13,3.57,2.61,2.0,1.22,1.57
2017-02-14,600508,11.47,11.47,11.51,11.36,72575,82903058.0,1.31,-0.17,-0.02,1.0,-2.29,-2.11,-1.76,0.09,-1.14,-0.53,-0.7,-0.7,1.41,3.79,11.37,11.27,11.01,11.0,1.83,4.18,3.66,3.31,3.75,2.79,2.18,1.39,1.74,0.35
2017-02-15,600508,11.45,11.67,11.68,11.4,129751,149800373.0,2.44,1.74,0.2,1.8,-2.46,-2.11,-0.26,-1.49,-0.88,-1.05,-1.05,1.05,3.42,0.96,11.46,11.33,11.05,11.03,2.4,1.89,1.54,1.97,1.03,0.43,-0.34,0.0,-1.37,0.09
2017-02-16,600508,11.63,11.91,11.95,11.6,166924,197160709.0,3.0,2.06,0.24,2.31,-3.79,-1.98,-3.19,-2.59,-2.76,-2.76,-0.69,1.64,-0.78,0.69,11.59,11.41,11.1,11.06,-0.17,-0.5,-0.08,-1.01,-1.6,-2.35,-2.02,-3.36,-1.93,-2.43
2017-02-17,600508,11.89,11.48,11.89,11.47,133217,155001297.0,3.53,-3.61,-0.43,1.84,-0.87,-2.09,-1.48,-1.66,-1.66,0.44,2.79,0.35,1.83,4.18,11.6,11.44,11.13,11.09,3.22,3.66,2.7,2.09,1.31,1.66,0.26,1.74,1.22,-0.35
2017-02-20,600508,11.53,11.83,11.85,11.45,104533,121820972.0,3.48,3.05,0.35,1.45,-1.92,-1.31,-1.48,-1.48,0.61,2.97,0.52,2.01,4.37,3.84,11.67,11.5,11.2,11.12,0.59,-0.34,-0.93,-1.69,-1.35,-2.7,-1.27,-1.78,-3.3,-1.61
2017-02-21,600508,11.85,11.8,11.9,11.67,96729,114022653.0,1.94,-0.25,-0.03,1.34,-3.17,-3.34,-3.34,-1.29,1.03,-1.37,0.09,2.4,1.89,1.54,11.74,11.55,11.26,11.15,-0.08,-0.68,-1.44,-1.1,-2.46,-1.02,-1.53,-3.05,-1.36,-0.76
2017-02-22,600508,11.77,11.73,11.79,11.61,77499,90552857.0,1.53,-0.59,-0.07,1.07,-2.84,-2.84,-0.78,1.55,-0.86,0.6,2.93,2.41,2.07,2.5,11.75,11.6,11.32,11.17,-0.09,-0.85,-0.51,-1.88,-0.43,-0.94,-2.47,-0.77,-0.17,-0.51
2017-02-23,600508,11.72,11.57,11.72,11.52,67294,78147826.0,1.71,-1.36,-0.16,0.93,-2.08,0.0,2.34,-0.09,1.39,3.73,3.21,2.86,3.3,2.34,11.68,11.64,11.37,11.19,0.52,0.86,-0.52,0.95,0.43,-1.12,0.61,1.21,0.86,0.52
2017-02-24,600508,11.54,11.58,11.63,11.42,58850,67806264.0,1.82,0.09,0.01,0.81,0.88,3.24,0.79,2.28,4.64,4.12,3.77,4.2,3.24,2.63,11.7,11.65,11.42,11.2,0.78,-0.6,0.86,0.35,-1.21,0.52,1.12,0.78,0.43,-0.52
2017-02-27,600508,11.56,11.44,11.67,11.39,65574,75758876.0,2.42,-1.21,-0.14,0.91,3.51,1.05,2.55,4.92,4.39,4.04,4.48,3.51,2.9,2.11,11.62,11.65,11.44,11.21,0.61,2.1,1.57,0.0,1.75,2.36,2.01,1.66,0.7,1.14
2017-02-28,600508,11.48,11.47,11.51,11.37,43359,49651391.0,1.22,0.26,0.03,0.6,1.23,2.73,5.1,4.57,4.22,4.66,3.69,3.08,2.29,2.64,11.56,11.65,11.46,11.22,1.83,1.31,-0.26,1.48,2.09,1.74,1.39,0.44,0.87,1.05
2017-03-01,600508,11.47,11.55,11.68,11.42,80619,93385544.0,2.27,0.7,0.08,1.12,2.28,4.64,4.12,3.77,4.2,3.24,2.63,1.84,2.19,0.79,11.52,11.64,11.48,11.24,0.61,-0.95,0.78,1.39,1.04,0.69,-0.26,0.17,0.35,0.69
2017-03-02,600508,11.62,11.4,11.62,11.39,55480,63734755.0,1.99,-1.3,-0.15,0.77,4.92,4.39,4.04,4.48,3.51,2.9,2.11,2.46,1.05,2.55,11.49,11.59,11.5,11.26,0.35,2.11,2.72,2.37,2.02,1.05,1.49,1.67,2.02,2.37
2017-03-03,600508,11.38,11.4,11.44,11.26,51971,59008040.0,1.58,0.0,0.0,0.72,5.6,5.24,5.68,4.71,4.09,3.29,3.64,2.22,3.73,3.2,11.45,11.58,11.51,11.28,2.11,2.72,2.37,2.02,1.05,1.49,1.67,2.02,2.37,2.81
2017-03-06,600508,11.42,11.63,11.64,11.41,78071,90120588.0,2.02,2.02,0.23,1.08,3.86,4.29,3.33,2.72,1.93,2.28,0.88,2.37,1.84,0.26,11.49,11.56,11.53,11.32,0.69,0.34,0.0,-0.95,-0.52,-0.34,0.0,0.34,0.77,8.77
2017-03-07,600508,11.64,11.7,11.71,11.56,65732,76478123.0,1.29,0.6,0.07,0.91,2.94,1.99,1.38,0.61,0.95,-0.43,1.04,0.52,-1.04,0.69,11.54,11.55,11.55,11.36,-0.26,-0.6,-1.54,-1.11,-0.94,-0.6,-0.26,0.17,8.12,4.19
2017-03-08,600508,11.65,11.63,11.67,11.6,46133,53605193.0,0.6,-0.6,-0.07,0.64,1.64,1.03,0.26,0.6,-0.78,0.69,0.17,-1.38,0.34,0.95,11.55,11.54,11.57,11.39,0.0,-0.95,-0.52,-0.34,0.0,0.34,0.77,8.77,4.82,3.78
2017-03-09,600508,11.58,11.45,11.63,11.44,48357,55660592.0,1.63,-1.55,-0.18,0.67,2.45,1.66,2.01,0.61,2.1,1.57,0.0,1.75,2.36,2.01,11.56,11.53,11.58,11.42,0.61,1.05,1.22,1.57,1.92,2.36,10.48,6.46,5.41,3.93
2017-03-10,600508,11.44,11.41,11.52,11.4,27868,31921159.0,1.05,-0.35,-0.04,0.39,2.02,2.37,0.96,2.46,1.93,0.35,2.11,2.72,2.37,2.02,11.56,11.51,11.58,11.45,1.4,1.58,1.93,2.28,2.72,10.87,6.84,5.78,4.29,3.68
2017-03-13,600508,11.4,11.55,11.57,11.32,35967,41269204.0,2.19,1.23,0.14,0.5,3.09,1.68,3.18,2.65,1.06,2.83,3.45,3.09,2.74,1.77,11.55,11.52,11.58,11.46,0.35,0.69,1.04,1.47,9.52,5.54,4.5,3.03,2.42,2.51
2017-03-14,600508,11.55,11.55,11.59,11.51,28657,33094756.0,0.69,0.0,0.0,0.4,0.0,1.48,0.96,-0.61,1.13,1.74,1.39,1.04,0.09,0.52,11.52,11.53,11.59,11.48,0.69,1.04,1.47,9.52,5.54,4.5,3.03,2.42,2.51,1.3
2017-03-15,600508,11.55,11.5,11.63,11.41,51682,59673651.0,1.9,-0.43,-0.05,0.72,2.37,1.84,0.26,2.02,2.63,2.28,1.93,0.96,1.4,1.58,11.49,11.52,11.58,11.5,1.48,1.91,10.0,6.0,4.96,3.48,2.87,2.96,1.74,1.13
2017-03-16,600508,11.48,11.66,11.67,11.48,58710,68162986.0,1.65,1.39,0.16,0.81,1.22,-0.35,1.39,2.0,1.66,1.31,0.35,0.78,0.96,1.31,11.53,11.55,11.57,11.51,0.51,8.49,4.55,3.52,2.06,1.46,1.54,0.34,-0.26,-0.86
2017-03-17,600508,11.66,11.5,11.72,11.48,56320,65435882.0,2.06,-1.37,-0.16,0.78,-0.35,1.39,2.0,1.66,1.31,0.35,0.78,0.96,1.31,1.66,11.55,11.56,11.57,11.52,10.0,6.0,4.96,3.48,2.87,2.96,1.74,1.13,0.52,-0.35
2017-03-20,600508,12.64,12.19,12.65,11.98,350291,429852864.0,5.83,6.0,0.69,4.85,-2.84,-2.25,-2.59,-2.92,-3.84,-3.42,-3.26,-2.92,-2.59,-2.17,11.68,11.61,11.59,11.56,0.0,-0.98,-2.38,-2.95,-2.87,-4.02,-4.59,-5.17,-5.99,-4.35
2017-03-21,600508,12.15,11.99,12.19,11.8,202748,242359345.0,3.2,-1.64,-0.2,2.81,-0.76,-1.1,-1.44,-2.37,-1.95,-1.78,-1.44,-1.1,-0.68,7.2,11.77,11.64,11.59,11.58,0.67,-0.75,-1.33,-1.25,-2.42,-3.0,-3.59,-4.42,-2.75,-2.67
2017-03-22,600508,11.79,12.04,12.07,11.72,139212,165048968.0,2.92,0.42,0.05,1.93,-0.43,-0.77,-1.71,-1.28,-1.11,-0.77,-0.43,0.0,7.94,4.01,11.88,11.68,11.61,11.61,-1.16,-1.74,-1.66,-2.82,-3.41,-3.99,-4.82,-3.16,-3.07,-3.49
2017-03-23,600508,11.74,11.71,11.9,11.58,171805,201899948.0,2.66,-2.74,-0.33,2.38,0.43,-0.52,-0.09,0.09,0.43,0.78,1.21,9.24,5.27,4.23,11.89,11.71,11.62,11.62,1.02,1.11,-0.09,-0.68,-1.28,-2.13,-0.43,-0.34,-0.77,0.51
2017-03-24,600508,11.71,11.76,11.83,11.63,92764,108669147.0,1.71,0.43,0.05,1.28,-0.95,-0.52,-0.34,0.0,0.34,0.77,8.77,4.82,3.78,2.32,11.94,11.75,11.63,11.64,0.68,-0.51,-1.11,-1.7,-2.55,-0.85,-0.77,-1.19,0.09,-0.17
2017-03-27,600508,11.77,11.7,11.84,11.69,76396,89875730.0,1.28,-0.51,-0.06,1.06,-1.03,-0.86,-0.51,-0.17,0.26,8.21,4.28,3.25,1.8,1.2,11.84,11.76,11.64,11.64,0.0,-0.6,-1.2,-2.05,-0.34,-0.26,-0.68,0.6,0.34,-0.09
2017-03-28,600508,11.7,11.5,11.7,11.48,79458,91647137.0,1.88,-1.71,-0.2,1.1,0.96,1.31,1.66,2.09,10.19,6.18,5.14,3.66,3.05,3.14,11.74,11.76,11.64,11.64,1.13,0.52,-0.35,1.39,1.48,1.04,2.35,2.09,1.65,1.65
2017-03-29,600508,11.52,11.53,11.63,11.44,64643,74598392.0,1.65,0.26,0.03,0.89,1.66,2.01,2.45,10.58,6.56,5.51,4.02,3.41,3.5,2.27,11.64,11.76,11.64,11.64,0.26,-0.61,1.13,1.21,0.78,2.08,1.82,1.39,1.39,0.87
2017-03-30,600508,11.54,11.29,11.56,11.28,67821,77295936.0,2.43,-2.08,-0.24,0.94,3.46,3.9,12.15,8.07,7.0,5.5,4.88,4.96,3.72,3.1,11.56,11.72,11.63,11.62,1.51,3.28,3.37,2.92,4.25,3.99,3.54,3.54,3.01,1.95
2017-03-31,600508,11.3,11.42,11.46,11.3,48733,55509292.0,1.42,1.15,0.13,0.67,3.72,11.95,7.88,6.81,5.31,4.69,4.78,3.54,2.92,2.3,11.49,11.71,11.64,11.62,2.1,2.19,1.75,3.06,2.8,2.36,2.36,1.84,0.79,-1.05
2017-04-05,600508,11.42,11.62,11.66,11.42,79807,92629448.0,2.1,1.75,0.2,1.1,10.77,6.74,5.69,4.2,3.59,3.68,2.45,1.84,1.23,0.35,11.47,11.66,11.63,11.61,0.43,0.0,1.29,1.03,0.6,0.6,0.09,-0.95,-2.75,-4.91
2017-04-06,600508,11.65,11.61,11.67,11.55,50099,58137346.0,1.03,-0.09,-0.01,0.69,5.54,4.5,3.03,2.42,2.51,1.3,0.69,0.09,-0.78,0.95,11.49,11.62,11.63,11.6,0.09,1.38,1.12,0.69,0.69,0.17,-0.86,-2.67,-4.82,-5.68
2017-04-07,600508,11.61,11.53,11.62,11.49,52655,60724456.0,1.12,-0.69,-0.08,0.73,5.05,3.57,2.96,3.05,1.83,1.22,0.61,-0.26,1.48,1.57,11.49,11.57,11.63,11.6,2.08,1.82,1.39,1.39,0.87,-0.17,-1.99,-4.16,-5.03,-5.12
2017-04-10,600508,11.56,11.71,11.77,11.56,109694,128160274.0,1.82,1.56,0.18,1.52,2.94,2.34,2.42,1.21,0.61,0.0,-0.87,0.87,0.95,0.52,11.58,11.57,11.64,11.6,0.26,-0.17,-0.17,-0.68,-1.71,-3.5,-5.64,-6.49,-6.58,-7.0
2017-04-11,600508,11.74,11.71,11.74,11.55,81866,95204119.0,1.62,0.0,0.0,1.13,2.42,2.51,1.3,0.69,0.09,-0.78,0.95,1.04,0.61,1.9,11.64,11.56,11.65,11.6,-0.17,-0.17,-0.68,-1.71,-3.5,-5.64,-6.49,-6.58,-7.0,-8.03
2017-04-12,600508,11.63,11.57,11.69,11.51,63078,73138725.0,1.54,-1.2,-0.14,0.87,2.87,1.65,1.04,0.43,-0.43,1.3,1.39,0.96,2.26,2.0,11.63,11.55,11.65,11.61,1.04,0.52,-0.52,-2.33,-4.49,-5.36,-5.45,-5.88,-6.91,-6.57
2017-04-13,600508,11.52,11.63,11.69,11.52,54635,63531351.0,1.47,0.52,0.06,0.76,1.56,0.95,0.35,-0.52,1.22,1.3,0.87,2.17,1.91,1.48,11.63,11.56,11.66,11.61,0.0,-1.03,-2.84,-4.99,-5.85,-5.93,-6.36,-7.39,-7.05,-4.56
2017-04-14,600508,11.63,11.5,11.63,11.46,60413,69665424.0,1.46,-1.12,-0.13,0.84,1.48,0.87,0.0,1.75,1.83,1.4,2.71,2.44,2.01,2.01,11.62,11.56,11.66,11.61,0.09,-1.74,-3.91,-4.78,-4.87,-5.3,-6.35,-6.0,-3.48,-3.04
2017-04-17,600508,11.45,11.26,11.51,11.19,60304,68325467.0,2.78,-2.09,-0.24,0.83,3.31,2.41,4.2,4.29,3.84,5.18,4.92,4.47,4.47,3.93,11.53,11.56,11.64,11.61,0.36,-1.87,-2.75,-2.84,-3.29,-4.35,-4.0,-1.42,-0.98,-0.09
2017-04-18,600508,11.2,11.11,11.3,11.1,49616,55557170.0,1.78,-1.33,-0.15,0.69,3.24,5.05,5.14,4.68,6.04,5.77,5.32,5.32,4.77,3.69,11.41,11.53,11.62,11.6,-0.54,-1.44,-1.53,-1.98,-3.06,-2.7,-0.09,0.36,1.26,1.08
2017-04-19,600508,11.05,10.88,11.05,10.72,70808,76729387.0,2.97,-2.07,-0.23,0.98,8.77,8.86,8.4,9.79,9.51,9.05,9.05,8.49,7.37,5.41,11.28,11.45,11.55,11.57,0.64,0.55,0.09,-1.01,-0.64,2.02,2.48,3.4,3.22,2.57
2017-04-20,600508,10.89,10.86,10.95,10.8,40410,43917941.0,1.38,-0.18,-0.02,0.56,8.06,7.59,8.98,8.7,8.24,8.24,7.69,6.57,4.63,2.31,11.12,11.38,11.5,11.55,0.74,0.28,-0.83,-0.46,2.21,2.67,3.59,3.41,2.76,1.2
2017-04-21,600508,10.87,10.9,10.94,10.84,35454,38602016.0,0.92,0.37,0.04,0.49,7.2,8.58,8.3,7.84,7.84,7.29,6.18,4.24,1.94,1.01,11.0,11.31,11.44,11.52,-0.09,-1.19,-0.83,1.83,2.29,3.21,3.03,2.39,0.83,0.18
2017-04-24,600508,10.86,10.58,10.89,10.55,48541,51647344.0,3.12,-2.94,-0.32,0.67,11.56,11.28,10.81,10.81,10.24,9.1,7.11,4.74,3.79,3.7,10.87,11.2,11.38,11.49,1.8,2.17,4.91,5.39,6.33,6.14,5.48,3.88,3.21,3.21
2017-04-25,600508,10.61,10.71,10.77,10.58,36555,39082841.0,1.8,1.23,0.13,0.51,10.96,10.49,10.49,9.92,8.79,6.81,4.44,3.5,3.4,2.93,10.79,11.1,11.33,11.47,0.93,3.64,4.11,5.04,4.86,4.2,2.61,1.96,1.96,2.43
2017-04-26,600508,10.69,10.75,10.81,10.68,39390,42320407.0,1.21,0.37,0.04,0.55,9.46,9.46,8.9,7.77,5.81,3.46,2.53,2.43,1.97,0.84,10.76,11.02,11.28,11.44,3.26,3.72,4.65,4.47,3.81,2.23,1.58,1.58,2.05,-0.09
2017-04-27,600508,10.7,11.02,11.1,10.62,61589,66899618.0,4.47,2.51,0.27,0.85,10.08,9.51,8.38,6.4,4.05,3.11,3.01,2.54,1.41,1.79,10.79,10.96,11.26,11.42,1.18,2.09,1.91,1.27,-0.27,-0.91,-0.91,-0.45,-2.54,-2.99
2017-04-28,600508,11.06,11.12,11.15,10.96,46797,51868877.0,1.72,0.91,0.1,0.65,6.11,5.02,3.1,0.82,-0.09,-0.18,-0.64,-1.73,-1.37,1.28,10.84,10.92,11.24,11.41,1.17,0.99,0.36,-1.17,-1.8,-1.8,-1.35,-3.42,-3.87,-1.71
2017-05-02,600508,11.12,11.17,11.25,11.04,49245,54958012.0,1.89,0.45,0.05,0.68,4.26,2.36,0.09,-0.82,-0.91,-1.36,-2.45,-2.08,0.54,1.0,10.95,10.91,11.23,11.4,0.54,-0.09,-1.61,-2.24,-2.24,-1.79,-3.85,-4.3,-2.15,-1.7
2017-05-03,600508,11.13,11.16,11.23,11.11,32146,35880984.0,1.07,-0.09,-0.01,0.44,1.71,-0.54,-1.44,-1.53,-1.98,-3.06,-2.7,-0.09,0.36,1.26,11.04,10.92,11.22,11.38,0.0,-1.52,-2.15,-2.15,-1.7,-3.76,-4.21,-2.06,-1.61,0.18
2017-05-04,600508,11.11,11.03,11.16,10.98,28003,30988338.0,1.61,-1.16,-0.13,0.39,0.64,-0.27,-0.36,-0.82,-1.91,-1.55,1.09,1.55,2.46,2.28,11.1,10.93,11.19,11.35,-0.36,-1.0,-1.0,-0.54,-2.63,-3.08,-0.91,-0.45,1.36,-0.27
2017-05-05,600508,10.97,10.84,10.99,10.78,38069,41410941.0,1.9,-1.72,-0.19,0.53,1.58,1.48,1.02,-0.09,0.28,2.97,3.43,4.36,4.17,3.53,11.06,10.93,11.15,11.31,0.74,0.74,1.2,-0.92,-1.38,0.83,1.29,3.14,1.48,1.94
2017-05-08,600508,10.82,10.8,10.92,10.71,30504,33094135.0,1.94,-0.37,-0.04,0.42,2.15,1.68,0.56,0.93,3.64,4.11,5.04,4.86,4.2,2.61,11.0,10.92,11.12,11.27,1.11,1.57,-0.56,-1.02,1.2,1.67,3.52,1.85,2.31,2.22
2017-05-09,600508,10.81,10.88,10.92,10.77,25290,27436828.0,1.39,0.74,0.08,0.35,1.11,0.0,0.37,3.06,3.53,4.46,4.27,3.62,2.04,1.39,10.94,10.95,11.07,11.24,0.83,-1.29,-1.75,0.46,0.92,2.76,1.1,1.56,1.47,0.18
2017-05-10,600508,10.89,10.77,10.97,10.76,25452,27645848.0,1.93,-1.01,-0.11,0.35,0.09,0.46,3.16,3.62,4.55,4.37,3.72,2.14,1.49,1.49,10.86,10.95,11.03,11.21,-0.28,-0.74,1.49,1.95,3.81,2.14,2.6,2.51,1.21,-1.39
2017-05-11,600508,10.7,10.62,10.74,10.4,38432,40677309.0,3.16,-1.39,-0.15,0.53,3.94,6.73,7.21,8.17,7.98,7.31,5.67,5.0,5.0,5.48,10.78,10.94,10.98,11.17,0.66,2.92,3.39,5.27,3.58,4.05,3.95,2.64,0.0,2.17
2017-05-12,600508,10.63,10.64,10.69,10.52,25218,26723645.0,1.6,0.19,0.02,0.35,5.51,5.99,6.94,6.75,6.08,4.47,3.8,3.8,4.28,2.09,10.74,10.9,10.93,11.14,2.73,3.2,5.08,3.38,3.85,3.76,2.44,-0.19,1.97,2.91
2017-05-15,600508,10.65,10.85,10.93,10.63,40268,43561723.0,2.82,1.97,0.21,0.56,4.89,5.83,5.64,4.99,3.39,2.73,2.73,3.2,1.03,0.56,10.75,10.88,10.9,11.12,1.2,3.04,1.38,1.84,1.75,0.46,-2.12,0.0,0.92,1.11
2017-05-16,600508,10.81,10.97,10.98,10.58,49815,53737580.0,3.69,1.11,0.12,0.69,6.33,6.14,5.48,3.88,3.21,3.21,3.69,1.51,1.04,3.31,10.77,10.86,10.88,11.11,1.91,0.27,0.73,0.64,-0.64,-3.19,-1.09,-0.18,0.0,0.0
2017-05-17,600508,10.98,10.96,11.18,10.91,44580,49148381.0,2.46,-0.09,-0.01,0.62,2.93,2.29,0.73,0.09,0.09,0.55,-1.56,-2.02,0.18,0.64,10.81,10.84,10.88,11.09,0.36,0.82,0.73,-0.55,-3.1,-1.0,-0.09,0.09,0.09,1.37
2017-05-18,600508,10.87,10.89,11.0,10.81,24546,26736642.0,1.73,-0.64,-0.07,0.34,3.24,1.67,1.02,1.02,1.48,-0.65,-1.11,1.11,1.57,3.42,10.86,10.82,10.88,11.07,1.47,1.38,0.09,-2.48,-0.37,0.55,0.73,0.73,2.02,4.96
2017-05-19,600508,10.88,10.98,11.05,10.86,25546,28020169.0,1.74,0.83,0.09,0.35,1.2,0.55,0.55,1.01,-1.1,-1.57,0.64,1.1,2.95,1.29,10.93,10.84,10.88,11.05,0.55,-0.73,-3.28,-1.18,-0.27,-0.09,-0.09,1.18,4.1,3.01
2017-05-22,600508,10.99,10.93,11.04,10.87,26791,29351110.0,1.55,-0.46,-0.05,0.37,0.46,0.46,0.92,-1.2,-1.66,0.55,1.01,2.85,1.2,1.66,10.95,10.85,10.88,11.03,-0.27,-2.84,-0.73,0.18,0.37,0.37,1.65,4.57,3.48,3.84
2017-05-23,600508,10.86,10.63,10.9,10.59,34714,37284202.0,2.84,-2.74,-0.3,0.48,3.12,3.59,1.42,0.94,3.21,3.68,5.57,3.87,4.34,4.25,10.88,10.82,10.89,10.99,-0.09,2.07,3.01,3.2,3.2,4.52,7.53,6.4,6.77,6.96
2017-05-24,600508,10.62,10.56,10.62,10.44,40462,42573482.0,1.69,-0.66,-0.07,0.56,5.08,2.87,2.39,4.69,5.17,7.09,5.36,5.84,5.75,4.41,10.8,10.8,10.88,10.95,2.75,3.69,3.88,3.88,5.21,8.24,7.1,7.48,7.67,7.1
2017-05-25,600508,10.57,10.81,10.85,10.56,41062,44005156.0,2.75,2.37,0.25,0.57,1.7,1.23,3.5,3.98,5.87,4.17,4.64,4.55,3.22,0.57,10.78,10.82,10.88,10.93,1.3,1.48,1.48,2.78,5.74,4.63,5.0,5.18,4.63,4.44
2017-05-26,600508,10.84,10.82,10.95,10.81,36801,39973475.0,1.3,0.09,0.01,0.51,-1.11,1.11,1.57,3.42,1.76,2.22,2.13,0.83,-1.76,0.37,10.75,10.84,10.87,10.9,1.39,1.39,2.68,5.64,4.53,4.9,5.08,4.53,4.34,5.91
2017-05-31,600508,10.88,10.89,10.97,10.83,31671,34574433.0,1.29,0.65,0.07,0.44,0.92,1.39,3.23,1.57,2.03,1.94,0.65,-1.94,0.18,1.11,10.74,10.84,10.86,10.88,0.73,2.02,4.96,3.86,4.22,4.41,3.86,3.67,5.23,6.24
2017-06-01,600508,10.85,10.9,10.97,10.85,37145,40555761.0,1.1,0.09,0.01,0.51,1.2,3.04,1.38,1.84,1.75,0.46,-2.12,0.0,0.92,1.11,10.8,10.84,10.85,10.87,1.93,4.86,3.76,4.13,4.31,3.76,3.58,5.14,6.15,5.87
2017-06-02,600508,10.92,11.1,11.11,10.87,53450,58867540.0,2.2,1.83,0.2,0.74,2.85,1.2,1.66,1.56,0.28,-2.3,-0.18,0.74,0.92,0.92,10.9,10.85,10.84,10.87,2.97,1.89,2.25,2.43,1.89,1.71,3.24,4.23,3.96,3.33
2017-06-05,600508,11.12,11.21,11.43,11.12,73995,83554403.0,2.79,0.99,0.11,1.02,-1.08,-0.63,-0.72,-1.98,-4.5,-2.43,-1.53,-1.35,-1.35,-0.09,10.98,10.88,10.85,10.88,0.89,1.25,1.43,0.89,0.71,2.23,3.21,2.94,2.32,3.3
2017-06-06,600508,11.21,11.28,11.31,11.13,35316,39670891.0,1.61,0.62,0.07,0.49,-0.72,-0.81,-2.07,-4.58,-2.52,-1.62,-1.44,-1.44,-0.18,2.7,11.08,10.91,10.87,10.89,0.62,0.8,0.27,0.09,1.6,2.57,2.3,1.68,2.66,2.93
2017-06-07,600508,11.27,11.34,11.35,11.19,45567,51485167.0,1.42,0.53,0.06,0.63,-1.34,-2.59,-5.09,-3.04,-2.14,-1.97,-1.97,-0.71,2.14,1.07,11.17,10.95,10.9,10.91,0.26,-0.26,-0.44,1.06,2.03,1.76,1.15,2.12,2.38,1.85
2017-06-08,600508,11.34,11.31,11.37,11.24,50683,57349855.0,1.15,-0.26,-0.03,0.7,-3.02,-5.52,-3.47,-2.58,-2.4,-2.4,-1.16,1.69,0.62,0.98,11.25,11.02,10.92,10.93,0.0,-0.18,1.33,2.3,2.03,1.41,2.39,2.65,2.12,2.65
2017-06-09,600508,11.29,11.28,11.31,11.17,34919,39235430.0,1.24,-0.27,-0.03,0.48,-4.92,-2.86,-1.97,-1.79,-1.79,-0.54,2.33,1.25,1.61,1.79,11.28,11.09,10.95,10.95,0.09,1.6,2.57,2.3,1.68,2.66,2.93,2.39,2.93,-0.18
2017-06-12,600508,11.27,11.07,11.29,11.04,39875,44600218.0,2.22,-1.86,-0.21,0.55,-1.72,-0.82,-0.63,-0.63,0.63,3.53,2.45,2.81,2.99,2.45,11.26,11.12,10.97,10.96,3.52,4.52,4.25,3.61,4.61,4.88,4.34,4.88,1.72,3.07
2017-06-13,600508,10.98,11.45,11.46,10.98,94040,106761133.0,4.34,3.43,0.38,1.3,-0.27,-0.09,-0.09,1.18,4.1,3.01,3.37,3.55,3.01,2.82,11.29,11.18,11.01,10.98,1.05,0.79,0.17,1.14,1.4,0.87,1.4,-1.66,-0.35,0.87
2017-06-14,600508,11.44,11.4,11.57,11.33,50673,57847094.0,2.1,-0.44,-0.05,0.7,-3.18,-3.18,-1.94,0.88,-0.18,0.18,0.35,-0.18,-0.35,1.15,11.3,11.23,11.04,10.98,1.23,0.61,1.58,1.84,1.32,1.84,-1.23,0.09,1.32,1.75
2017-06-15,600508,11.36,11.44,11.54,11.33,42987,49154051.0,1.84,0.35,0.04,0.59,-3.18,-1.94,0.88,-0.18,0.18,0.35,-0.18,-0.35,1.15,2.12,11.33,11.29,11.06,10.99,0.26,1.22,1.49,0.96,1.49,-1.57,-0.26,0.96,1.4,2.88
2017-06-16,600508,11.45,11.43,11.47,11.24,40607,46182830.0,2.01,-0.09,-0.01,0.56,-1.16,1.69,0.62,0.98,1.16,0.62,0.44,1.96,2.94,2.67,11.36,11.32,11.09,11.0,1.31,1.57,1.05,1.57,-1.49,-0.17,1.05,1.49,2.97,2.19
2017-06-19,600508,11.39,11.54,11.58,11.37,52138,60031384.0,1.84,0.96,0.11,0.72,0.53,-0.53,-0.18,0.0,-0.53,-0.7,0.79,1.76,1.5,0.88,11.45,11.35,11.12,11.02,0.61,0.09,0.61,-2.43,-1.13,0.09,0.52,1.99,1.21,2.86
2017-06-20,600508,11.52,11.48,11.61,11.47,53234,61456828.0,1.21,-0.52,-0.06,0.74,-1.39,-1.05,-0.87,-1.39,-1.57,-0.09,0.87,0.61,0.0,0.96,11.46,11.37,11.14,11.04,0.61,1.13,-1.92,-0.61,0.61,1.05,2.53,1.74,3.4,2.87
2017-06-21,600508,11.48,11.51,11.55,11.4,30083,34527415.0,1.31,0.26,0.03,0.42,-0.44,-0.26,-0.79,-0.96,0.53,1.49,1.23,0.61,1.58,1.84,11.48,11.39,11.17,11.06,0.87,-2.17,-0.87,0.35,0.78,2.26,1.48,3.13,2.61,2.95
2017-06-22,600508,11.5,11.28,11.61,11.2,65789,75198956.0,3.56,-2.0,-0.23,0.91,1.52,0.98,0.8,2.32,3.3,3.04,2.41,3.39,3.66,3.13,11.45,11.39,11.2,11.08,-0.18,1.15,2.39,2.84,4.34,3.55,5.23,4.7,5.05,6.38
2017-06-23,600508,11.2,11.15,11.26,11.0,41940,46732605.0,2.3,-1.15,-0.13,0.58,2.82,2.64,4.18,5.18,4.91,4.27,5.27,5.55,5.0,5.55,11.39,11.38,11.23,11.09,2.33,3.59,4.04,5.56,4.75,6.46,5.92,6.28,7.62,7.71
2017-06-26,600508,11.15,11.4,11.41,11.1,52031,58840601.0,2.78,2.24,0.25,0.72,1.71,3.24,4.23,3.96,3.33,4.32,4.59,4.05,4.59,1.44,11.36,11.41,11.26,11.12,1.32,1.75,3.25,2.46,4.12,3.6,3.95,5.26,5.35,6.75
2017-06-27,600508,11.41,11.47,11.55,11.32,57537,65804200.0,2.02,0.61,0.07,0.8,1.24,2.21,1.94,1.33,2.3,2.56,2.03,2.56,-0.53,0.8,11.36,11.41,11.3,11.14,1.13,2.62,1.83,3.49,2.96,3.31,4.62,4.71,6.1,5.14
2017-06-28,600508,11.43,11.49,11.6,11.42,67423,77694277.0,1.57,0.17,0.02,0.93,1.31,1.05,0.44,1.4,1.66,1.14,1.66,-1.4,-0.09,1.14,11.36,11.42,11.33,11.17,2.44,1.65,3.31,2.79,3.13,4.44,4.53,5.92,4.96,4.44
2017-06-29,600508,11.55,11.62,11.77,11.53,84736,98854362.0,2.09,1.13,0.13,1.17,0.09,-0.52,0.43,0.69,0.17,0.69,-2.34,-1.04,0.17,0.61,11.43,11.44,11.36,11.19,0.52,2.15,1.64,1.98,3.27,3.36,4.73,3.79,3.27,4.99
2017-06-30,600508,11.59,11.67,11.68,11.51,50054,58046420.0,1.46,0.43,0.05,0.69,-0.35,0.61,0.87,0.35,0.87,-2.17,-0.87,0.35,0.78,2.26,11.53,11.46,11.39,11.21,1.71,1.2,1.54,2.83,2.91,4.28,3.34,2.83,4.54,3.94
2017-07-03,600508,11.67,11.83,11.87,11.57,85434,100501703.0,2.57,1.37,0.16,1.18,0.09,0.35,-0.17,0.35,-2.68,-1.38,-0.17,0.26,1.73,0.95,11.62,11.49,11.42,11.24,-0.17,0.17,1.44,1.52,2.87,1.94,1.44,3.13,2.54,2.96
2017-07-04,600508,11.77,11.63,11.81,11.62,55080,64483168.0,1.61,-1.69,-0.2,0.76,-0.09,-0.6,-0.09,-3.1,-1.81,-0.6,-0.17,1.29,0.52,2.15,11.65,11.51,11.44,11.26,1.89,3.18,3.27,4.64,3.7,3.18,4.9,4.3,4.73,6.88
2017-07-05,600508,11.65,11.77,11.85,11.64,94636,111494851.0,1.81,1.2,0.14,1.31,-0.77,-0.26,-3.26,-1.98,-0.77,-0.34,1.12,0.34,1.98,1.46,11.7,11.53,11.46,11.29,1.95,2.04,3.4,2.46,1.95,3.65,3.06,3.48,5.61,12.91
2017-07-06,600508,11.75,11.91,12.0,11.75,106157,126097942.0,2.12,1.19,0.14,1.47,-1.19,-4.17,-2.89,-1.7,-1.28,0.17,-0.6,1.02,0.51,0.85,11.76,11.59,11.49,11.33,0.84,2.18,1.26,0.76,2.43,1.85,2.27,4.37,11.59,9.57
2017-07-07,600508,11.85,12.0,12.01,11.78,85442,101570378.0,1.93,0.76,0.09,1.18,-4.41,-3.14,-1.95,-1.53,-0.08,-0.85,0.76,0.25,0.59,1.87,11.83,11.68,11.53,11.38,1.42,0.5,0.0,1.67,1.08,1.5,3.58,10.75,8.75,13.33
2017-07-10,600508,11.98,12.06,12.17,11.9,122838,148052039.0,2.25,0.5,0.06,1.7,-4.12,-2.94,-2.52,-1.09,-1.85,-0.25,-0.76,-0.42,0.84,0.92,11.87,11.75,11.58,11.42,0.0,-0.5,1.16,0.58,1.0,3.07,10.2,8.21,12.77,14.01
2017-07-11,600508,12.02,11.76,12.06,11.71,86366,102752681.0,2.9,-2.49,-0.3,1.2,-1.37,-0.94,0.51,-0.26,1.37,0.85,1.2,2.48,2.56,3.93,11.9,11.77,11.59,11.46,2.04,3.74,3.15,3.57,5.7,13.01,10.97,15.65,16.92,12.59
2017-07-12,600508,11.72,11.99,12.0,11.65,97070,114837852.0,2.98,1.96,0.23,1.34,-0.43,1.03,0.26,1.89,1.37,1.72,3.0,3.09,4.46,3.52,11.94,11.82,11.62,11.49,1.75,1.17,1.58,3.67,10.84,8.84,13.43,14.68,10.43,9.84
2017-07-13,600508,12.01,12.13,12.2,11.95,101397,122632579.0,2.09,1.17,0.14,1.4,-1.51,-2.26,-0.67,-1.17,-0.84,0.42,0.5,1.84,0.92,0.42,11.99,11.88,11.66,11.53,0.0,0.41,2.47,9.56,7.58,12.12,13.36,9.15,8.57,7.58
2017-07-14,600508,12.05,11.98,12.13,11.89,65815,78824707.0,1.98,-1.24,-0.15,0.91,-1.77,-0.17,-0.67,-0.34,0.93,1.01,2.35,1.43,0.93,2.61,11.98,11.91,11.68,11.56,1.67,3.76,10.93,8.93,13.52,14.77,10.52,9.93,8.93,8.1
2017-07-17,600508,11.9,11.71,12.18,11.4,136194,161664947.0,6.51,-2.25,-0.27,1.88,4.12,3.6,3.95,5.26,5.35,6.75,5.79,5.26,7.02,6.4,11.91,11.89,11.69,11.58,6.15,13.49,11.44,16.14,17.42,13.07,12.47,11.44,10.59,13.66
2017-07-18,600508,11.66,12.42,12.43,11.65,191689,231471227.0,6.66,6.06,0.71,2.65,1.37,1.72,3.0,3.09,4.46,3.52,3.0,4.72,4.12,4.55,12.05,11.97,11.74,11.62,7.0,5.07,9.5,10.71,6.6,6.04,5.07,4.27,7.17,6.92
2017-07-19,600508,12.35,13.01,13.29,12.31,293562,376656176.0,7.89,4.75,0.59,4.06,-3.74,-2.52,-2.44,-1.14,-2.03,-2.52,-0.89,-1.46,-1.06,0.97,12.25,12.1,11.81,11.67,0.31,4.53,5.69,1.77,1.23,0.31,-0.46,2.31,2.08,8.15
2017-07-20,600508,12.87,12.9,13.05,12.73,162455,209296771.0,2.46,-0.85,-0.11,2.25,-5.73,-5.66,-4.4,-5.26,-5.73,-4.16,-4.71,-4.32,-2.36,4.4,12.4,12.2,11.89,11.73,5.43,6.59,2.64,2.09,1.16,0.39,3.18,2.95,9.07,7.21
2017-07-21,600508,12.85,13.32,13.6,12.81,216377,288111712.0,6.12,3.26,0.42,2.99,-6.25,-5.0,-5.85,-6.32,-4.76,-5.31,-4.92,-2.97,3.75,1.87,12.67,12.33,12.0,11.79,3.23,-0.6,-1.13,-2.03,-2.78,-0.08,-0.3,5.63,3.83,7.81
2017-07-24,600508,13.33,13.3,13.75,13.06,188887,252100179.0,5.18,-0.15,-0.02,2.61,-6.81,-7.66,-8.12,-6.58,-7.12,-6.74,-4.82,1.76,-0.08,4.13,12.99,12.45,12.1,11.87,-0.45,-0.98,-1.88,-2.63,0.08,-0.15,5.79,3.98,7.97,4.14
2017-07-25,600508,13.19,13.01,13.24,12.82,148225,191981336.0,3.16,-2.18,-0.29,2.05,-5.93,-6.4,-4.84,-5.38,-4.99,-3.04,3.67,1.79,6.08,7.25,13.11,12.58,12.18,11.92,1.23,0.31,-0.46,2.31,2.08,8.15,6.3,10.38,6.46,7.07
2017-07-26,600508,13.04,13.1,13.17,12.87,125805,163582903.0,2.31,0.69,0.09,1.74,-6.76,-5.21,-5.75,-5.36,-3.42,3.26,1.4,5.67,6.84,2.87,13.13,12.69,12.26,11.98,-0.38,-1.15,1.6,1.37,7.4,5.57,9.62,5.73,6.34,8.09
2017-07-27,600508,13.0,12.69,13.05,12.48,149587,190629985.0,4.35,-3.13,-0.41,2.07,-2.24,-2.8,-2.4,-0.4,6.49,4.57,8.97,10.18,6.09,5.53,13.08,12.74,12.31,12.02,2.05,4.89,4.65,10.87,8.98,13.16,9.14,9.77,11.58,9.77
2017-07-28,600508,12.69,12.85,12.95,12.59,110612,141532792.0,2.84,1.26,0.16,1.53,-3.65,-3.26,-1.27,5.56,3.65,8.02,9.21,5.16,4.61,3.65,12.99,12.83,12.37,12.07,3.58,3.35,9.49,7.63,11.75,7.78,8.4,10.19,8.4,7.0
2017-07-31,600508,12.86,13.29,13.31,12.81,166215,217424717.0,3.89,3.42,0.44,2.3,-4.92,-2.97,3.75,1.87,6.17,7.34,3.36,2.81,1.87,1.09,12.99,12.99,12.44,12.12,-0.08,5.87,4.06,8.05,4.21,4.82,6.55,4.82,3.46,-2.86
2017-08-01,600508,13.28,12.79,13.28,12.69,144923,187093444.0,4.44,-3.76,-0.5,2.01,-2.05,4.73,2.84,7.17,8.35,4.33,3.78,2.84,2.05,4.89,12.94,13.03,12.5,12.17,10.01,8.13,12.28,8.29,8.91,10.71,8.91,7.51,0.94,0.47
2017-08-02,600508,12.8,13.81,14.07,12.74,457070,628366560.0,10.4,7.97,1.02,6.32,4.32,2.43,6.75,7.93,3.92,3.38,2.43,1.65,4.47,4.24,13.09,13.11,12.6,12.24,0.14,3.98,0.29,0.87,2.53,0.87,-0.43,-6.52,-6.95,-7.24
2017-08-03,600508,13.69,13.73,13.83,13.39,248210,337607792.0,3.19,-0.58,-0.08,3.43,-2.54,1.57,2.69,-1.12,-1.64,-2.54,-3.29,-0.6,-0.82,5.08,13.29,13.19,12.69,12.33,4.59,0.87,1.46,3.13,1.46,0.15,-5.97,-6.41,-6.7,-3.86
2017-08-04,600508,13.76,13.31,14.36,13.28,333275,462813872.0,7.87,-3.06,-0.42,4.61,2.41,3.54,-0.3,-0.83,-1.73,-2.48,0.23,0.0,5.95,4.14,13.39,13.19,12.76,12.4,4.06,4.66,6.39,4.66,3.31,-3.01,-3.46,-3.76,-0.83,-0.38
2017-08-07,600508,13.25,13.82,13.85,12.88,216204,288334224.0,7.29,3.83,0.51,2.99,6.75,2.8,2.25,1.32,0.54,3.34,3.11,9.24,7.38,11.49,13.49,13.24,12.85,12.48,0.8,2.46,0.8,-0.51,-6.58,-7.02,-7.31,-4.49,-4.05,-1.95
2017-08-08,600508,13.68,13.59,13.93,13.43,180228,246715664.0,3.62,-1.66,-0.23,2.49,-1.41,-1.94,-2.83,-3.57,-0.89,-1.12,4.77,2.98,6.92,3.13,13.65,13.3,12.94,12.55,4.19,2.5,1.18,-5.0,-5.45,-5.74,-2.87,-2.43,-0.29,0.88
2017-08-09,600508,13.61,14.03,14.16,13.36,243191,335602672.0,5.89,3.24,0.44,3.36,-1.42,-2.32,-3.07,-0.37,-0.6,5.31,3.52,7.49,3.67,4.27,13.7,13.39,13.04,12.63,-0.71,-2.0,-7.98,-8.41,-8.7,-5.92,-5.49,-3.42,-2.28,-4.13
2017-08-10,600508,13.85,13.78,13.93,13.61,175086,240600498.0,2.28,-1.78,-0.25,2.42,-4.11,-4.85,-2.2,-2.42,3.38,1.62,5.51,1.76,2.35,4.04,13.71,13.5,13.12,12.71,-0.22,-6.31,-6.75,-7.04,-4.21,-3.77,-1.67,-0.51,-2.39,-3.19
2017-08-11,600508,13.55,12.8,13.75,12.58,197581,260177152.0,8.49,-7.11,-0.98,2.73,2.94,5.8,5.56,11.84,9.94,14.15,10.1,10.73,12.56,10.73,13.6,13.5,13.16,12.74,0.86,0.39,0.08,3.12,3.59,5.86,7.11,5.08,4.22,7.34
2017-08-14,600508,12.67,12.78,12.91,12.64,97225,124342369.0,2.11,-0.16,-0.02,1.35,5.3,5.06,11.31,9.41,13.61,9.57,10.21,12.03,10.21,8.78,13.4,13.44,13.22,12.78,0.55,0.23,3.29,3.76,6.03,7.28,5.24,4.38,7.51,7.04
2017-08-15,600508,12.77,12.72,12.85,12.5,90592,114664210.0,2.74,-0.47,-0.06,1.25,6.24,12.56,10.64,14.88,10.8,11.44,13.28,11.44,10.0,3.28,13.22,13.44,13.23,12.81,0.71,3.77,4.25,6.53,7.78,5.74,4.87,8.02,7.55,8.1
2017-08-16,600508,12.72,12.63,12.81,12.47,87365,110151457.0,2.67,-0.71,-0.09,1.21,12.83,10.91,15.16,11.07,11.71,13.55,11.71,10.26,3.53,3.05,12.94,13.32,13.21,12.84,4.51,4.99,7.28,8.55,6.49,5.62,8.79,8.31,8.87,9.82
2017-08-17,600508,13.08,13.1,13.2,12.9,170786,223043264.0,2.38,3.72,0.47,2.36,7.21,11.32,7.36,7.98,9.77,7.98,6.59,0.08,-0.39,-0.7,12.81,13.26,13.22,12.88,1.22,3.44,4.66,2.67,1.83,4.89,4.43,4.96,5.88,7.79
2017-08-18,600508,13.01,13.15,13.26,12.9,88688,116172634.0,2.75,0.38,0.05,1.23,11.32,7.36,7.98,9.77,7.98,6.59,0.08,-0.39,-0.7,2.33,12.88,13.24,13.21,12.92,3.04,4.26,2.28,1.44,4.49,4.03,4.56,5.48,7.38,11.63
2017-08-21,600508,13.09,13.46,13.55,13.01,98015,130559792.0,4.11,2.36,0.31,1.36,6.46,7.07,8.84,7.07,5.69,-0.77,-1.23,-1.54,1.46,1.92,13.01,13.2,13.22,12.97,1.86,-0.07,-0.89,2.08,1.63,2.15,3.05,4.9,9.06,6.98
2017-08-22,600508,13.44,13.44,13.71,13.3,101957,137535892.0,3.05,-0.15,-0.02,1.41,4.74,6.47,4.74,3.38,-2.93,-3.38,-3.68,-0.75,-0.3,1.88,13.16,13.19,13.24,13.02,0.07,-0.74,2.23,1.79,2.31,3.2,5.06,9.23,7.14,4.76
2017-08-23,600508,13.35,13.15,13.45,12.98,75298,99053316.0,3.5,-2.16,-0.29,1.04,9.09,7.32,5.93,-0.54,-1.0,-1.31,1.69,2.16,4.39,5.62,13.26,13.1,13.25,13.06,1.44,4.49,4.03,4.56,5.48,7.38,11.63,9.51,7.07,6.46
2017-08-24,600508,13.11,13.08,13.34,13.05,84009,110700942.0,2.21,-0.53,-0.07,1.16,6.74,5.36,-1.07,-1.53,-1.84,1.15,1.61,3.83,5.06,3.07,13.26,13.03,13.27,13.09,5.05,4.59,5.12,6.04,7.95,12.23,10.09,7.65,7.03,6.19
2017-08-25,600508,13.19,13.48,13.74,13.09,162388,218723968.0,4.97,3.06,0.4,2.25,5.04,-1.38,-1.83,-2.14,0.84,1.3,3.51,4.74,2.75,1.91,13.32,13.1,13.3,13.14,1.48,2.0,2.89,4.75,8.9,6.82,4.45,3.86,3.04,2.08
2017-08-28,600508,13.42,13.57,13.68,13.36,119321,161381913.0,2.37,0.67,0.09,1.65,-3.37,-3.82,-4.12,-1.2,-0.75,1.42,2.62,0.67,-0.15,2.84,13.34,13.18,13.31,13.2,1.33,2.21,4.05,8.18,6.12,3.76,3.17,2.36,1.4,2.73
2017-08-29,600508,13.53,13.33,13.75,13.25,113652,153239138.0,3.68,-1.77,-0.24,1.57,-3.02,-3.32,-0.38,0.08,2.26,3.47,1.51,0.68,3.7,3.25,13.32,13.24,13.34,13.23,4.05,5.93,10.13,8.03,5.63,5.03,4.2,3.23,4.58,6.23
2017-08-30,600508,13.19,13.7,13.87,13.19,159521,217633447.0,5.1,2.78,0.37,2.21,-2.88,0.08,0.53,2.73,3.94,1.97,1.14,4.17,3.71,4.25,13.43,13.35,13.33,13.26,3.07,7.15,5.11,2.77,2.19,1.39,0.44,1.75,3.36,2.77
2017-08-31,600508,13.6,13.99,14.12,13.58,175333,244466627.0,3.94,2.12,0.29,2.43,-2.8,-2.36,-0.22,0.96,-0.96,-1.77,1.18,0.74,1.25,2.14,13.61,13.44,13.35,13.29,4.93,2.93,0.64,0.07,-0.71,-1.64,-0.36,1.22,0.64,-0.07
2017-09-01,600508,14.15,14.2,14.68,14.04,259638,372400416.0,4.57,1.5,0.21,3.59,-5.56,-3.49,-2.35,-4.2,-4.99,-2.14,-2.56,-2.07,-1.21,0.57,13.76,13.54,13.39,13.32,1.41,-0.85,-1.41,-2.18,-3.1,-1.83,-0.28,-0.85,-1.55,-4.15
2017-09-04,600508,14.24,13.99,14.4,13.93,150243,211936027.0,3.31,-1.48,-0.21,2.08,-2.73,-1.58,-3.45,-4.24,-1.36,-1.79,-1.29,-0.43,1.36,5.38,13.84,13.59,13.4,13.35,0.64,0.07,-0.71,-1.64,-0.36,1.22,0.64,-0.07,-2.72,-5.08
2017-09-05,600508,13.99,13.84,14.08,13.68,100711,139627259.0,2.86,-1.07,-0.15,1.39,0.22,-1.68,-2.49,0.44,0.0,0.51,1.39,3.22,7.31,5.26,13.94,13.63,13.41,13.37,1.16,0.36,-0.58,0.72,2.31,1.73,1.01,-1.66,-4.05,-3.32
2017-09-06,600508,13.77,13.85,14.0,13.73,82187,114045634.0,1.95,0.07,0.01,1.14,-2.04,-2.84,0.07,-0.36,0.15,1.02,2.84,6.92,4.88,2.55,13.97,13.7,13.4,13.4,0.29,-0.65,0.65,2.24,1.66,0.94,-1.73,-4.12,-3.39,-3.03
2017-09-07,600508,13.89,13.54,13.89,13.5,92580,126588552.0,2.82,-2.24,-0.31,1.28,-1.19,1.78,1.33,1.85,2.74,4.59,8.74,6.67,4.3,3.7,13.88,13.75,13.39,13.43,1.62,2.95,4.58,3.99,3.25,0.52,-1.92,-1.18,-0.81,-0.74
2017-09-08,600508,13.57,13.6,13.76,13.46,79497,108361445.0,2.22,0.44,0.06,1.1,2.08,1.63,2.15,3.05,4.9,9.06,6.98,4.61,4.01,3.19,13.76,13.76,13.43,13.45,2.5,4.12,3.53,2.79,0.07,-2.35,-1.62,-1.25,-1.18,-2.57
2017-09-11,600508,13.55,13.9,13.94,13.42,78365,107348297.0,3.82,2.21,0.3,1.08,1.94,2.46,3.35,5.22,9.39,7.3,4.92,4.32,3.5,2.53,13.75,13.79,13.49,13.47,1.87,1.29,0.58,-2.09,-4.46,-3.74,-3.38,-3.31,-4.68,-5.25
2017-09-12,600508,14.0,13.88,14.16,13.81,107238,150203737.0,2.52,-0.14,-0.02,1.48,-0.43,0.43,2.24,6.3,4.27,1.96,1.38,0.58,-0.36,0.94,13.75,13.85,13.54,13.51,1.44,0.72,-1.95,-4.32,-3.6,-3.24,-3.17,-4.54,-5.12,-5.69
2017-09-13,600508,13.75,13.89,14.08,13.72,75754,105399147.0,2.59,0.07,0.01,1.05,1.09,2.92,7.0,4.96,2.62,2.04,1.24,0.29,1.6,3.21,13.76,13.87,13.61,13.51,0.65,-2.02,-4.39,-3.67,-3.31,-3.24,-4.61,-5.18,-5.76,-4.75
2017-09-14,600508,13.93,13.6,13.98,13.54,91276,125113140.0,3.17,-2.09,-0.29,1.26,4.28,8.42,6.35,3.99,3.4,2.58,1.62,2.95,4.58,3.99,13.77,13.83,13.63,13.51,0.07,-2.35,-1.62,-1.25,-1.18,-2.57,-3.16,-3.75,-2.72,-3.24
2017-09-15,600508,13.55,13.19,13.61,13.1,116413,154242089.0,3.75,-3.01,-0.41,1.61,12.06,9.92,7.48,6.87,6.03,5.04,6.41,8.09,7.48,6.72,13.69,13.73,13.63,13.5,0.68,1.44,1.82,1.9,0.45,-0.15,-0.76,0.3,-0.23,-1.29
2017-09-18,600508,13.11,13.28,13.28,12.98,47133,62152959.0,2.27,0.68,0.09,0.65,10.94,8.47,7.86,7.01,6.01,7.4,9.09,8.47,7.7,4.85,13.57,13.66,13.62,13.48,0.75,1.13,1.2,-0.23,-0.83,-1.43,-0.38,-0.9,-1.96,-1.13
2017-09-19,600508,13.38,13.28,13.38,13.23,40475,53778172.0,1.13,0.0,0.0,0.56,6.42,5.82,4.99,4.01,5.37,7.03,6.42,5.67,2.87,0.38,13.45,13.6,13.62,13.47,1.13,1.2,-0.23,-0.83,-1.43,-0.38,-0.9,-1.96,-1.13,-1.13
2017-09-20,600508,13.31,13.42,13.43,13.13,41454,55225248.0,2.26,1.05,0.14,0.57,6.63,5.79,4.8,6.17,7.84,7.24,6.47,3.66,1.14,1.9,13.35,13.56,13.63,13.45,0.15,-1.27,-1.86,-2.46,-1.42,-1.94,-2.98,-2.16,-2.16,-2.16
2017-09-21,600508,13.44,13.23,13.44,13.17,42560,56475340.0,2.01,-1.42,-0.19,0.59,5.47,4.48,5.85,7.52,6.91,6.15,3.34,0.84,1.59,1.97,13.28,13.53,13.64,13.44,0.15,-0.45,-1.06,0.0,-0.53,-1.59,-0.76,-0.76,-0.76,-1.28
2017-09-22,600508,13.23,13.17,13.25,13.01,38449,50517944.0,1.81,-0.45,-0.06,0.53,5.76,7.15,8.84,8.22,7.46,4.61,2.08,2.84,3.23,3.31,13.28,13.48,13.62,13.45,0.0,-0.61,0.46,-0.08,-1.14,-0.3,-0.3,-0.3,-0.84,-1.29
2017-09-25,600508,13.16,12.85,13.17,12.81,48118,62329845.0,2.73,-2.43,-0.32,0.67,8.82,10.54,9.91,9.13,6.25,3.67,4.45,4.84,4.92,3.43,13.19,13.38,13.59,13.45,1.87,2.96,2.41,1.32,2.18,2.18,2.18,1.63,1.17,1.71
2017-09-26,600508,12.91,13.08,13.09,12.9,33377,43412509.0,1.48,1.79,0.23,0.46,9.77,9.15,8.37,5.5,2.95,3.72,4.11,4.19,2.71,2.09,13.15,13.3,13.57,13.46,1.15,0.61,-0.46,0.38,0.38,0.38,-0.15,-0.61,-0.08,-1.15
2017-09-27,600508,13.09,13.14,13.23,13.01,30106,39622388.0,1.68,0.46,0.06,0.42,8.22,7.46,4.61,2.08,2.84,3.23,3.31,1.84,1.23,0.61,13.09,13.22,13.55,13.48,0.15,-0.91,-0.08,-0.08,-0.08,-0.61,-1.07,-0.53,-1.6,-0.61
2017-09-28,600508,13.14,12.89,13.16,12.86,39578,51231959.0,2.28,-1.9,-0.25,0.55,8.71,5.83,3.27,4.04,4.43,4.51,3.03,2.41,1.79,2.88,13.03,13.15,13.49,13.47,1.01,1.86,1.86,1.86,1.32,0.85,1.4,0.31,1.32,-0.78
2017-09-29,600508,12.9,12.94,13.02,12.9,22972,29715788.0,0.93,0.39,0.05,0.32,5.5,2.95,3.72,4.11,4.19,2.71,2.09,1.47,2.56,2.02,12.98,13.13,13.43,13.47,1.47,1.47,1.47,0.93,0.46,1.0,-0.08,0.93,-1.16,-1.78
2017-10-09,600508,12.98,13.06,13.13,12.98,34099,44491436.0,1.16,0.93,0.12,0.47,2.31,3.08,3.47,3.54,2.08,1.46,0.85,1.93,1.39,0.31,13.02,13.11,13.38,13.45,0.54,0.54,0.0,-0.46,0.08,-1.0,0.0,-2.07,-2.68,-2.14
2017-10-10,600508,13.13,13.09,13.13,12.91,41009,53396064.0,1.68,0.23,0.03,0.57,3.64,4.03,4.11,2.63,2.01,1.39,2.48,1.94,0.85,1.7,13.02,13.09,13.34,13.44,0.31,-0.23,-0.69,-0.15,-1.22,-0.23,-2.29,-2.9,-2.37,-1.91
2017-10-11,600508,13.07,13.05,13.13,12.99,35964,46939361.0,1.07,-0.31,-0.04,0.5,3.39,3.46,2.0,1.39,0.77,1.85,1.31,0.23,1.08,1.08,13.01,13.05,13.3,13.44,0.08,-0.38,0.15,-0.92,0.08,-1.99,-2.61,-2.07,-1.61,-0.08
2017-10-12,600508,13.01,12.85,13.06,12.73,64385,82940017.0,2.53,-1.53,-0.2,0.89,5.58,4.08,3.46,2.83,3.93,3.38,2.28,3.14,3.14,3.14,13.0,13.01,13.27,13.43,1.17,1.71,0.62,1.63,-0.47,-1.09,-0.54,-0.08,1.48,2.1
2017-10-13,600508,12.85,12.98,13.0,12.8,33524,43383040.0,1.56,1.01,0.13,0.46,3.52,2.89,2.27,3.36,2.81,1.72,2.58,2.58,2.58,2.03,13.01,12.99,13.24,13.41,0.69,-0.39,0.62,-1.46,-2.08,-1.54,-1.08,0.46,1.08,1.23
2017-10-16,600508,12.98,12.92,13.07,12.87,33957,44049812.0,1.54,-0.46,-0.06,0.47,2.33,1.71,2.8,2.25,1.17,2.02,2.02,2.02,1.48,1.01,12.98,13.0,13.19,13.39,0.08,1.08,-1.01,-1.63,-1.08,-0.62,0.93,1.55,1.7,0.54
2017-10-17,600508,12.93,12.78,12.93,12.75,29443,37743125.0,1.39,-1.08,-0.14,0.41,2.67,3.76,3.22,2.12,2.98,2.98,2.98,2.43,1.96,2.51,12.92,12.97,13.13,13.37,2.19,0.08,-0.55,0.0,0.47,2.03,2.66,2.82,1.64,2.74
2017-10-18,600508,12.88,12.75,13.06,12.73,45985,59390126.0,2.58,-0.23,-0.03,0.64,3.93,3.38,2.28,3.14,3.14,3.14,2.59,2.12,2.67,1.57,12.86,12.93,13.08,13.34,0.31,-0.31,0.24,0.71,2.27,2.9,3.06,1.88,2.98,3.06
2017-10-19,600508,12.7,12.56,12.79,12.52,45759,57648561.0,2.12,-1.49,-0.19,0.63,5.11,3.99,4.87,4.87,4.87,4.31,3.83,4.39,3.27,4.31,12.8,12.9,13.03,13.29,1.19,1.75,2.23,3.82,4.46,4.62,3.42,4.54,4.62,5.18
2017-10-20,600508,12.55,12.7,12.71,12.53,30975,39133280.0,1.43,1.11,0.14,0.43,3.91,4.79,4.79,4.79,4.23,3.75,4.31,3.19,4.23,2.08,12.74,12.87,13.0,13.24,0.63,1.1,2.68,3.31,3.46,2.28,3.39,3.46,4.02,2.91
2017-10-23,600508,12.68,12.77,12.78,12.63,29164,37072343.0,1.18,0.55,0.07,0.4,3.96,3.96,3.96,3.4,2.93,3.48,2.38,3.4,1.27,0.63,12.71,12.85,12.98,13.2,0.55,2.11,2.74,2.9,1.72,2.82,2.9,3.45,2.35,0.31
2017-10-24,600508,12.78,12.79,12.84,12.67,25128,32073048.0,1.33,0.16,0.02,0.35,3.63,3.63,3.08,2.6,3.16,2.05,3.08,0.95,0.32,0.87,12.71,12.82,12.95,13.17,1.95,2.58,2.74,1.56,2.66,2.74,3.28,2.19,0.16,0.94
2017-10-25,600508,12.8,13.02,13.04,12.73,43794,56637910.0,2.42,1.8,0.23,0.61,3.14,2.59,2.12,2.67,1.57,2.59,0.47,-0.16,0.39,0.86,12.77,12.81,12.93,13.14,0.77,0.92,-0.23,0.84,0.92,1.46,0.38,-1.61,-0.84,-1.0
2017-10-26,600508,13.02,13.08,13.12,12.9,39561,51628163.0,1.69,0.46,0.06,0.55,1.24,0.78,1.32,0.23,1.24,-0.85,-1.47,-0.93,-0.47,1.09,12.87,12.84,12.92,13.12,0.46,-0.69,0.38,0.46,0.99,-0.08,-2.06,-1.3,-1.45,0.46
2017-10-27,600508,13.08,12.97,13.14,12.93,33683,43743355.0,1.61,-0.84,-0.11,0.47,0.54,1.08,0.0,1.01,-1.08,-1.7,-1.16,-0.7,0.85,1.47,12.93,12.83,12.91,13.1,0.15,1.23,1.31,1.85,0.77,-1.23,-0.46,-0.62,1.31,-0.23
2017-10-30,600508,12.97,12.68,12.99,12.66,42157,53803966.0,2.54,-2.24,-0.29,0.58,3.24,2.13,3.16,1.03,0.39,0.95,1.42,3.0,3.63,3.79,12.91,12.81,12.9,13.06,3.55,3.63,4.18,3.08,1.03,1.81,1.66,3.63,2.05,2.84
2017-10-31,600508,12.7,13.1,13.13,12.7,54756,70973957.0,3.39,3.31,0.42,0.76,1.81,2.83,0.71,0.08,0.63,1.1,2.68,3.31,3.46,2.28,12.97,12.84,12.91,13.04,0.31,0.84,-0.23,-2.21,-1.45,-1.6,0.31,-1.22,-0.46,2.29
2017-11-01,600508,13.1,13.04,13.14,12.97,41760,54421953.0,1.3,-0.46,-0.06,0.58,0.69,-1.39,-2.0,-1.46,-1.0,0.54,1.16,1.31,0.15,1.23,12.97,12.87,12.9,13.01,1.3,0.23,-1.76,-1.0,-1.15,0.77,-0.77,0.0,2.76,2.53
2017-11-02,600508,13.05,13.06,13.21,13.0,59439,77843732.0,1.61,0.15,0.02,0.82,-1.62,-2.23,-1.69,-1.23,0.31,0.92,1.08,-0.08,1.0,1.08,12.97,12.92,12.91,12.99,0.08,-1.91,-1.15,-1.3,0.61,-0.92,-0.15,2.6,2.37,1.91
2017-11-03,600508,13.01,12.69,13.07,12.55,59691,76210726.0,3.98,-2.83,-0.37,0.83,1.27,1.83,2.31,3.9,4.54,4.7,3.51,4.62,4.7,5.26,12.91,12.92,12.9,12.97,0.95,1.73,1.58,3.55,1.97,2.76,5.59,5.36,4.89,3.62
2017-11-06,600508,12.69,12.73,12.81,12.54,46133,58517533.0,2.13,0.32,0.04,0.64,1.91,2.39,3.99,4.63,4.78,3.59,4.7,4.78,5.34,4.23,12.92,12.92,12.88,12.96,1.41,1.26,3.22,1.65,2.44,5.26,5.03,4.56,3.3,-1.89
2017-11-07,600508,12.79,12.84,12.91,12.63,46449,59458299.0,2.2,0.86,0.11,0.64,1.66,3.25,3.88,4.04,2.85,3.96,4.04,4.59,3.48,1.43,12.87,12.92,12.87,12.94,0.39,2.34,0.78,1.56,4.36,4.13,3.66,2.41,-2.73,-2.88
2017-11-08,600508,12.75,12.81,12.89,12.75,36879,47287329.0,1.09,-0.23,-0.03,0.51,2.27,2.9,3.06,1.88,2.98,3.06,3.61,2.51,0.47,1.25,12.83,12.9,12.86,12.92,2.58,1.01,1.8,4.61,4.37,3.9,2.65,-2.5,-2.65,-2.73
2017-11-09,600508,12.86,12.95,13.14,12.86,62835,81690656.0,2.19,1.09,0.14,0.87,2.02,2.18,1.01,2.1,2.18,2.72,1.63,-0.39,0.39,0.23,12.8,12.89,12.86,12.91,-0.08,0.69,3.47,3.24,2.78,1.54,-3.55,-3.71,-3.78,-3.71
2017-11-10,600508,12.86,12.78,12.94,12.77,49059,62877668.0,1.31,-1.31,-0.17,0.68,2.9,1.72,2.82,2.9,3.45,2.35,0.31,1.1,0.94,2.9,12.82,12.87,12.85,12.9,2.03,4.85,4.62,4.15,2.9,-2.27,-2.43,-2.5,-2.43,-4.07
2017-11-13,600508,12.8,13.03,13.04,12.69,66128,85327009.0,2.74,1.96,0.25,0.91,2.36,3.47,3.55,4.1,2.99,0.95,1.73,1.58,3.55,1.97,12.88,12.9,12.86,12.9,2.84,2.61,2.15,0.92,-4.14,-4.3,-4.37,-4.3,-5.91,-4.99
2017-11-14,600508,13.05,13.36,13.4,13.0,135343,179055317.0,3.07,2.53,0.33,1.87,1.0,1.08,1.62,0.54,-1.46,-0.69,-0.85,1.08,-0.46,0.31,12.99,12.93,12.89,12.91,0.07,-0.37,-1.57,-6.51,-6.66,-6.74,-6.66,-8.23,-7.34,-7.04
2017-11-15,600508,13.2,13.26,13.37,13.15,80975,107204964.0,1.65,-0.75,-0.1,1.12,-0.08,0.46,-0.61,-2.59,-1.83,-1.98,-0.08,-1.6,-0.84,1.9,13.08,12.95,12.91,12.92,0.38,-0.83,-5.81,-5.96,-6.03,-5.96,-7.54,-6.64,-6.33,-4.45
2017-11-16,600508,13.26,13.1,13.31,13.0,60584,79496397.0,2.34,-1.21,-0.16,0.84,1.62,0.54,-1.46,-0.69,-0.85,1.08,-0.46,0.31,3.08,2.85,13.11,12.96,12.94,12.92,0.38,-4.66,-4.81,-4.89,-4.81,-6.41,-5.5,-5.19,-3.28,-2.06
2017-11-17,600508,13.13,12.61,13.15,12.53,79575,101912254.0,4.73,-3.74,-0.49,1.1,4.31,2.23,3.03,2.87,4.87,3.27,4.07,6.94,6.7,6.23,13.07,12.95,12.93,12.91,-0.95,-1.11,-1.19,-1.11,-2.78,-1.82,-1.51,0.48,1.74,-0.24
2017-11-20,600508,12.49,12.4,12.49,11.46,81343,98943595.0,8.17,-1.67,-0.21,1.13,11.78,12.65,12.48,14.66,12.91,13.79,16.93,16.67,16.14,14.75,12.95,12.91,12.91,12.89,0.56,0.48,0.56,-1.13,-0.16,0.16,2.18,3.47,1.45,2.98
2017-11-21,600508,12.35,12.29,12.47,12.24,58345,71897184.0,1.85,-0.89,-0.11,0.81,5.47,5.31,7.35,5.72,6.54,9.48,9.23,8.74,7.43,2.04,12.73,12.86,12.89,12.86,1.38,1.46,-0.24,0.73,1.06,3.09,4.39,2.36,3.91,2.12
2017-11-22,600508,12.34,12.31,12.46,12.13,45402,55861891.0,2.69,0.16,0.02,0.63,6.27,8.33,6.68,7.5,10.47,10.22,9.73,8.41,2.97,2.8,12.54,12.81,12.85,12.84,1.3,-0.41,0.57,0.89,2.92,4.22,2.19,3.74,1.95,-0.81
2017-11-23,600508,12.33,12.18,12.47,12.15,45935,56671017.0,2.6,-1.06,-0.13,0.64,8.15,6.5,7.33,10.29,10.04,9.55,8.23,2.8,2.63,2.55,12.36,12.73,12.81,12.82,0.66,1.64,1.97,4.02,5.34,3.28,4.84,3.04,0.25,0.0
2017-11-24,600508,12.18,12.2,12.26,12.03,38028,46232907.0,1.89,0.16,0.02,0.53,7.56,8.4,11.39,11.14,10.64,9.31,3.82,3.66,3.57,3.66,12.28,12.67,12.77,12.79,1.48,1.8,3.85,5.16,3.11,4.67,2.87,0.08,-0.16,-0.49
2017-11-27,600508,12.23,12.17,12.38,12.14,32205,39568922.0,1.97,-0.25,-0.03,0.45,7.41,10.38,10.13,9.64,8.32,2.88,2.72,2.64,2.72,0.99,12.23,12.59,12.75,12.77,2.05,4.11,5.42,3.37,4.93,3.12,0.33,0.08,-0.25,0.16
2017-11-28,600508,12.17,12.36,12.42,12.15,29516,36290488.0,2.22,1.56,0.19,0.41,10.29,10.04,9.55,8.23,2.8,2.63,2.55,2.63,0.91,1.89,12.24,12.49,12.71,12.75,2.51,3.8,1.78,3.32,1.54,-1.21,-1.46,-1.78,-1.38,-1.54
2017-11-29,600508,12.4,12.66,12.67,12.31,64998,81312442.0,2.91,2.43,0.3,0.9,8.61,8.12,6.82,1.46,1.3,1.22,1.3,-0.41,0.57,0.89,12.31,12.43,12.69,12.75,1.34,-0.63,0.87,-0.87,-3.55,-3.79,-4.11,-3.71,-3.87,-4.98
2017-11-30,600508,12.66,12.5,12.83,12.47,53743,67987049.0,2.84,-1.26,-0.16,0.74,6.74,5.45,0.16,0.0,-0.08,0.0,-1.68,-0.72,-0.4,1.6,12.38,12.37,12.66,12.75,0.64,2.16,0.4,-2.32,-2.56,-2.88,-2.48,-2.64,-3.76,-3.6
2017-12-01,600508,12.45,12.54,12.58,12.45,29283,36631091.0,1.04,0.32,0.04,0.41,5.62,0.32,0.16,0.08,0.16,-1.53,-0.56,-0.24,1.77,3.05,12.45,12.36,12.65,12.74,1.83,0.08,-2.63,-2.87,-3.19,-2.79,-2.95,-4.07,-3.91,-4.63
2017-12-04,600508,12.6,12.48,12.77,12.44,34301,43283010.0,2.63,-0.48,-0.06,0.47,0.4,0.24,0.16,0.24,-1.45,-0.48,-0.16,1.85,3.14,1.13,12.51,12.37,12.64,12.73,0.56,-2.16,-2.4,-2.72,-2.32,-2.48,-3.61,-3.45,-4.17,-2.64
2017-12-05,600508,12.48,12.09,12.55,12.07,51380,62857431.0,3.85,-3.13,-0.39,0.71,3.31,3.23,3.31,1.57,2.57,2.9,4.97,6.3,4.23,5.8,12.45,12.35,12.6,12.71,0.99,0.74,0.41,0.83,0.66,-0.5,-0.33,-1.08,0.5,0.08
2017-12-06,600508,12.1,12.19,12.21,11.98,38184,46118741.0,1.9,0.83,0.1,0.53,4.01,4.09,2.34,3.34,3.67,5.76,7.1,5.01,6.59,4.76,12.36,12.34,12.57,12.68,-0.08,-0.41,0.0,-0.16,-1.31,-1.15,-1.89,-0.33,-0.74,-0.57
2017-12-07,600508,12.13,11.99,12.18,11.96,34191,41168209.0,1.8,-1.64,-0.2,0.47,4.26,2.51,3.51,3.85,5.94,7.27,5.18,6.77,4.93,2.09,12.26,12.32,12.52,12.65,1.25,1.67,1.5,0.33,0.5,-0.25,1.33,0.92,1.08,0.42
2017-12-08,600508,11.97,12.11,12.14,11.96,29742,35898225.0,1.5,1.0,0.12,0.41,2.51,3.51,3.85,5.94,7.27,5.18,6.77,4.93,2.09,1.84,12.17,12.31,12.49,12.62,0.66,0.5,-0.66,-0.5,-1.24,0.33,-0.08,0.08,-0.58,0.5
2017-12-11,600508,12.16,12.17,12.19,12.1,34886,42349363.0,0.74,0.5,0.06,0.48,2.31,2.64,4.71,6.03,3.97,5.54,3.72,0.91,0.66,0.33,12.11,12.31,12.45,12.6,0.0,-1.15,-0.99,-1.73,-0.16,-0.58,-0.41,-1.07,0.0,0.66
2017-12-12,600508,12.15,12.01,12.17,11.98,37836,45576603.0,1.56,-1.31,-0.16,0.52,3.67,5.76,7.1,5.01,6.59,4.76,1.92,1.67,1.34,1.75,12.09,12.27,12.38,12.56,0.17,0.33,-0.42,1.17,0.75,0.92,0.25,1.33,2.0,-0.42
2017-12-13,600508,11.93,12.0,12.03,11.91,30176,36107809.0,1.0,-0.08,-0.01,0.42,6.38,7.72,5.63,7.22,5.37,2.52,2.27,1.93,2.35,2.18,12.06,12.21,12.32,12.53,0.42,-0.33,1.25,0.83,1.0,0.33,1.42,2.08,-0.33,1.58
2017-12-14,600508,11.99,11.93,12.05,11.89,25908,30970403.0,1.33,-0.58,-0.07,0.36,7.91,5.8,7.4,5.55,2.69,2.44,2.1,2.52,2.35,1.18,12.04,12.15,12.26,12.49,0.25,1.84,1.42,1.59,0.92,2.01,2.68,0.25,2.18,3.52
2017-12-15,600508,11.92,11.69,11.96,11.67,40061,47172254.0,2.43,-2.01,-0.24,0.55,7.8,9.43,7.54,4.63,4.37,4.03,4.46,4.28,3.08,3.26,11.96,12.07,12.21,12.46,3.93,3.51,3.68,2.99,4.11,4.79,2.31,4.28,5.65,4.62
2017-12-18,600508,11.71,12.09,12.15,11.71,57731,68903616.0,3.76,3.42,0.4,0.8,9.05,7.17,4.27,4.01,3.67,4.1,3.93,2.73,2.9,2.13,11.94,12.03,12.2,12.44,0.08,0.25,-0.41,0.66,1.32,-1.08,0.83,2.15,1.16,3.47
2017-12-19,600508,12.1,12.04,12.1,11.95,40350,48521871.0,1.24,-0.41,-0.05,0.56,5.02,2.18,1.92,1.59,2.01,1.84,0.67,0.84,0.08,1.67,11.95,12.02,12.19,12.41,0.66,0.0,1.08,1.74,-0.66,1.25,2.57,1.58,3.9,4.9
2017-12-20,600508,12.08,12.01,12.12,11.97,31606,38073704.0,1.25,-0.25,-0.03,0.44,2.01,1.75,1.42,1.84,1.67,0.5,0.67,-0.08,1.5,1.09,11.95,12.0,12.17,12.38,0.25,1.33,2.0,-0.42,1.5,2.83,1.83,4.16,5.16,5.33
2017-12-21,600508,12.0,11.97,12.04,11.83,27477,32845074.0,1.75,-0.33,-0.04,0.38,2.96,2.62,3.04,2.87,1.69,1.86,1.1,2.7,2.28,2.45,11.96,12.0,12.16,12.35,1.67,2.34,-0.08,1.84,3.17,2.17,4.51,5.51,5.68,6.68
2017-12-22,600508,11.96,12.15,12.17,11.92,44839,54206276.0,2.09,1.5,0.18,0.62,1.85,2.27,2.1,0.92,1.09,0.34,1.93,1.51,1.68,1.01,12.05,12.01,12.16,12.33,0.82,-1.56,0.33,1.65,0.66,2.96,3.95,4.12,5.1,9.14
2017-12-25,600508,12.12,11.92,12.25,11.9,38181,46039167.0,2.88,-1.89,-0.23,0.53,2.44,2.27,1.09,1.26,0.5,2.1,1.68,1.85,1.18,2.27,12.02,11.98,12.14,12.29,0.34,2.27,3.61,2.6,4.95,5.96,6.12,7.13,11.24,10.15
2017-12-26,600508,11.9,11.88,11.96,11.74,38755,45907097.0,1.85,-0.34,-0.04,0.54,3.66,2.47,2.64,1.87,3.49,3.07,3.24,2.56,3.66,4.34,11.99,11.97,12.12,12.24,2.61,3.96,2.95,5.3,6.31,6.48,7.49,11.62,10.52,11.28
2017-12-27,600508,11.88,12.18,12.19,11.83,76296,92156925.0,3.03,2.53,0.3,1.06,1.69,1.86,1.1,2.7,2.28,2.45,1.78,2.87,3.55,1.1,12.02,11.99,12.1,12.21,1.4,0.41,2.71,3.69,3.86,4.84,8.87,7.8,8.54,6.57
2017-12-28,600508,12.1,12.23,12.35,12.03,79733,97404315.0,2.63,0.41,0.05,1.1,0.17,-0.58,1.0,0.58,0.75,0.08,1.16,1.83,-0.58,1.33,12.07,12.02,12.08,12.18,0.0,2.29,3.27,3.43,4.42,8.42,7.36,8.09,6.13,5.48
2017-12-29,600508,12.21,12.13,12.23,12.08,67599,82140721.0,1.23,-0.82,-0.1,0.94,-0.99,0.58,0.17,0.33,-0.33,0.75,1.41,-0.99,0.91,2.24,12.07,12.06,12.06,12.16,3.13,4.12,4.29,5.28,9.32,8.24,8.99,7.01,6.35,5.19
2018-01-02,600508,12.1,12.5,12.51,12.1,98235,121404417.0,3.38,3.05,0.37,1.36,0.41,0.0,0.17,-0.5,0.58,1.24,-1.16,0.74,2.07,1.07,12.18,12.1,12.06,12.17,1.04,1.2,2.16,6.08,5.04,5.76,3.84,3.2,2.08,1.2
2018-01-03,600508,12.45,12.46,12.63,12.42,80178,100332162.0,1.68,-0.32,-0.04,1.11,-2.58,-2.42,-3.06,-2.01,-1.37,-3.7,-1.85,-0.56,-1.53,0.72,12.3,12.14,12.08,12.17,1.52,2.49,6.42,5.38,6.1,4.17,3.53,2.41,1.52,4.25
2018-01-04,600508,12.49,12.64,12.65,12.47,65029,81702077.0,1.44,1.44,0.18,0.9,-2.81,-3.45,-2.41,-1.76,-4.09,-2.25,-0.96,-1.92,0.32,1.28,12.39,12.21,12.1,12.18,1.03,4.91,3.88,4.59,2.69,2.06,0.95,0.08,2.77,3.72
2018-01-05,600508,12.64,12.67,12.77,12.52,66818,84241863.0,1.98,0.24,0.03,0.92,-3.83,-2.8,-2.16,-4.47,-2.64,-1.36,-2.32,-0.08,0.88,1.04,12.48,12.28,12.14,12.2,4.66,3.63,4.34,2.45,1.82,0.71,-0.16,2.53,3.47,3.55
2018-01-08,600508,12.68,12.95,13.26,12.68,136661,177792915.0,4.58,2.21,0.28,1.89,-4.02,-3.39,-5.68,-3.86,-2.6,-3.55,-1.34,-0.39,-0.24,0.71,12.64,12.36,12.18,12.22,1.39,2.08,0.23,-0.39,-1.47,-2.32,0.31,1.24,1.31,1.54
2018-01-09,600508,12.89,13.08,13.13,12.85,71327,92308930.0,2.16,1.0,0.13,0.99,-4.67,-6.93,-5.14,-3.89,-4.82,-2.65,-1.71,-1.56,-0.62,3.19,12.76,12.47,12.23,12.25,1.07,-0.76,-1.38,-2.45,-3.29,-0.69,0.23,0.31,0.54,0.38
2018-01-10,600508,13.01,12.97,13.22,12.83,79390,103578284.0,2.98,-0.84,-0.11,1.1,-6.78,-4.99,-3.74,-4.68,-2.49,-1.56,-1.4,-0.47,3.35,2.34,12.86,12.58,12.27,12.27,0.08,-0.54,-1.62,-2.47,0.15,1.08,1.16,1.39,1.23,1.62
2018-01-11,600508,12.88,12.79,12.98,12.67,51309,65571071.0,2.39,-1.39,-0.18,0.71,-3.79,-2.53,-3.47,-1.26,-0.32,-0.16,0.79,4.66,3.63,4.34,12.89,12.64,12.31,12.28,0.86,-0.23,-1.09,1.56,2.5,2.58,2.81,2.66,3.05,4.07
2018-01-12,600508,12.78,12.74,12.9,12.63,47593,60659812.0,2.11,-0.39,-0.05,0.66,-2.22,-3.17,-0.95,0.0,0.16,1.11,4.99,3.96,4.67,2.77,12.91,12.69,12.35,12.29,0.16,-0.71,1.96,2.9,2.98,3.22,3.06,3.45,4.47,3.3
2018-01-15,600508,12.72,12.42,12.76,12.35,58582,73341881.0,3.22,-2.51,-0.32,0.81,-0.97,1.3,2.27,2.43,3.4,7.37,6.32,7.04,5.1,4.45,12.8,12.72,12.39,12.28,1.85,4.59,5.56,5.64,5.88,5.72,6.12,7.17,5.96,7.57
2018-01-16,600508,12.43,12.57,12.65,12.43,51379,64417256.0,1.77,1.21,0.15,0.71,0.64,1.61,1.77,2.74,6.68,5.63,6.36,4.42,3.78,2.65,12.7,12.73,12.41,12.29,3.34,4.3,4.38,4.61,4.46,4.85,5.89,4.69,6.28,7.56
2018-01-17,600508,12.55,12.88,12.99,12.45,90166,115425732.0,4.3,2.47,0.31,1.25,1.45,1.61,2.57,6.51,5.46,6.18,4.26,3.61,2.49,1.61,12.68,12.77,12.46,12.31,1.79,1.86,2.1,1.94,2.33,3.34,2.17,3.73,4.97,2.33
2018-01-18,600508,12.87,13.03,13.11,12.85,64195,83457794.0,2.02,1.16,0.15,0.89,-1.56,-0.62,3.19,2.18,2.88,1.01,0.39,-0.7,-1.56,1.09,12.73,12.81,12.51,12.34,0.69,0.92,0.77,1.15,2.15,1.0,2.53,3.76,1.15,0.61
2018-01-19,600508,13.03,12.9,13.12,12.84,73695,95548883.0,2.15,-1.0,-0.13,1.02,-0.55,3.27,2.26,2.96,1.09,0.47,-0.62,-1.48,1.17,2.1,12.76,12.83,12.55,12.37,1.94,1.78,2.17,3.18,2.02,3.57,4.81,2.17,1.63,2.33
2018-01-22,600508,12.89,13.06,13.15,12.89,75686,98888198.0,2.02,1.24,0.16,1.05,2.87,1.86,2.56,0.7,0.08,-1.01,-1.86,0.78,1.71,1.78,12.89,12.84,12.6,12.4,0.54,0.92,1.91,0.77,2.3,3.52,0.92,0.38,1.07,3.98
2018-01-23,600508,13.07,13.11,13.13,12.9,68492,89279373.0,1.76,0.38,0.05,0.95,1.78,2.48,0.62,0.0,-1.09,-1.94,0.7,1.63,1.71,1.94,13.0,12.85,12.66,12.43,0.53,1.53,0.38,1.91,3.13,0.53,0.0,0.69,3.59,1.83
2018-01-24,600508,13.13,13.04,13.18,12.94,64695,84221641.0,1.83,-0.53,-0.07,0.9,2.16,0.31,-0.31,-1.39,-2.24,0.39,1.31,1.39,1.62,1.47,13.03,12.85,12.72,12.47,2.07,0.92,2.45,3.68,1.07,0.54,1.23,4.14,2.38,3.07
2018-01-25,600508,13.09,13.15,13.31,13.05,81795,107963030.0,1.99,0.84,0.11,1.13,-0.54,-1.15,-2.22,-3.07,-0.46,0.46,0.54,0.77,0.61,1.0,13.05,12.89,12.77,12.51,0.08,1.6,2.81,0.23,-0.3,0.38,3.27,1.52,2.21,-1.98
2018-01-26,600508,13.1,12.99,13.16,12.9,56211,73079564.0,1.98,-1.22,-0.16,0.78,0.0,-1.09,-1.94,0.7,1.63,1.71,1.94,1.78,2.17,3.18,13.07,12.92,12.8,12.54,2.85,4.08,1.46,0.92,1.62,4.54,2.77,3.46,-0.77,-5.54
2018-01-29,600508,13.05,13.22,13.36,13.03,116074,153653907.0,2.54,1.77,0.23,1.61,-2.07,-2.92,-0.31,0.61,0.69,0.92,0.77,1.15,2.15,1.0,13.1,13.0,12.86,12.59,2.27,-0.3,-0.83,-0.15,2.72,0.98,1.66,-2.5,-7.19,-10.44
2018-01-30,600508,13.23,13.3,13.52,13.11,108421,144578973.0,3.1,0.61,0.08,1.5,-3.51,-0.92,0.0,0.08,0.31,0.15,0.53,1.53,0.38,1.91,13.14,13.07,12.9,12.63,-0.9,-1.43,-0.75,2.11,0.38,1.05,-3.08,-7.74,-10.98,-9.92
2018-01-31,600508,13.18,12.93,13.18,12.84,92006,119400426.0,2.56,-2.78,-0.37,1.27,1.17,2.1,2.18,2.41,2.26,2.65,3.66,2.49,4.05,5.3,13.12,13.07,12.92,12.66,1.39,2.09,5.03,3.25,3.94,-0.31,-5.1,-8.43,-7.35,-7.58
2018-02-01,600508,12.86,12.39,13.11,12.31,97013,123534045.0,6.19,-4.18,-0.54,1.34,6.5,6.58,6.82,6.66,7.07,8.12,6.9,8.53,9.83,7.07,12.97,13.01,12.91,12.67,6.54,9.6,7.75,8.47,4.04,-0.97,-4.44,-3.31,-3.55,-2.42
2018-02-02,600508,12.32,13.18,13.2,12.25,113918,145678071.0,7.67,6.38,0.79,1.58,7.1,7.35,7.18,7.59,8.65,7.43,9.06,10.37,7.59,7.02,13.0,13.04,12.93,12.72,3.03,1.29,1.97,-2.2,-6.9,-10.17,-9.1,-9.33,-8.27,-6.98
2018-02-05,600508,13.13,13.52,13.58,12.92,177005,236026038.0,5.01,2.58,0.34,2.45,1.78,1.63,2.01,3.02,1.86,3.41,4.64,2.01,1.47,2.17,13.06,13.08,12.96,12.76,-1.26,-0.59,-4.66,-9.25,-12.43,-11.39,-11.61,-10.58,-9.32,-8.14
2018-02-06,600508,13.21,12.74,13.35,12.72,133598,174392740.0,4.66,-5.77,-0.78,1.85,3.22,3.62,4.64,3.46,5.03,6.29,3.62,3.07,3.77,6.76,12.95,13.05,12.95,12.79,5.49,1.18,-3.69,-7.06,-5.97,-6.2,-5.1,-3.77,-2.51,-2.51
2018-02-07,600508,12.99,12.92,13.44,12.85,136469,178907829.0,4.63,1.41,0.18,1.89,2.57,3.58,2.41,3.97,5.21,2.57,2.02,2.72,5.68,3.89,12.95,13.03,12.94,12.82,-0.23,-5.03,-8.36,-7.28,-7.51,-6.42,-5.11,-3.87,-3.87,-4.41
2018-02-08,600508,12.7,12.6,12.89,12.5,91119,115453403.0,3.02,-2.48,-0.32,1.26,6.48,5.28,6.88,8.16,5.44,4.88,5.6,8.64,6.8,7.52,12.99,12.98,12.93,12.84,-2.62,-6.03,-4.92,-5.16,-4.05,-2.7,-1.43,-1.43,-1.98,-2.46
2018-02-09,600508,12.2,11.68,12.27,11.45,134326,159002750.0,6.51,-7.3,-0.92,1.86,14.93,16.68,18.08,15.11,14.5,15.28,18.6,16.59,17.38,12.58,12.69,12.85,12.88,12.82,1.37,2.57,2.31,3.51,4.97,6.34,6.34,5.74,5.22,3.94
2018-02-12,600508,11.72,11.75,11.84,11.61,52217,61296841.0,1.97,0.6,0.07,0.72,15.07,16.45,13.52,12.92,13.7,16.97,14.99,15.76,11.02,5.68,12.34,12.7,12.85,12.81,1.96,1.7,2.89,4.34,5.7,5.7,5.11,4.6,3.32,2.72
2018-02-13,600508,11.83,11.8,11.98,11.73,44675,52992435.0,2.13,0.43,0.05,0.62,15.26,12.36,11.76,12.53,15.77,13.81,14.58,9.89,4.6,0.94,12.15,12.55,12.81,12.78,1.27,2.46,3.9,5.25,5.25,4.66,4.15,2.88,2.29,3.81
2018-02-14,600508,11.87,11.92,11.95,11.76,32232,38217460.0,1.61,1.02,0.12,0.45,12.07,11.48,12.24,15.48,13.52,14.29,9.61,4.34,0.68,1.87,11.95,12.45,12.76,12.76,1.43,2.85,4.19,4.19,3.61,3.1,1.85,1.26,2.77,2.85
2018-02-22,600508,11.99,12.05,12.09,11.94,43231,52030400.0,1.26,1.09,0.13,0.6,9.8,10.55,13.74,11.81,12.56,7.96,2.76,-0.84,0.34,0.08,11.84,12.42,12.71,12.74,1.74,3.07,3.07,2.49,1.99,0.75,0.17,1.66,1.74,0.75
2018-02-23,600508,12.04,12.19,12.26,11.99,48996,59376645.0,2.24,1.16,0.14,0.68,10.09,13.26,11.34,12.09,7.51,2.34,-1.25,-0.08,-0.33,0.83,11.94,12.32,12.68,12.73,1.89,1.89,1.31,0.82,-0.41,-0.98,0.49,0.57,-0.41,-0.08
2018-02-26,600508,12.24,12.42,12.42,12.12,58069,71420964.0,2.46,1.89,0.23,0.8,12.05,10.15,10.89,6.35,1.24,-2.31,-1.16,-1.4,-0.25,1.16,12.08,12.21,12.64,12.71,0.0,-0.56,-1.05,-2.25,-2.82,-1.37,-1.29,-2.25,-1.93,-0.24
2018-02-27,600508,12.42,12.19,12.42,12.15,51847,63518415.0,2.17,-1.85,-0.23,0.72,9.88,10.62,6.09,0.99,-2.55,-1.4,-1.65,-0.49,0.91,2.22,12.15,12.15,12.6,12.68,1.31,0.82,-0.41,-0.98,0.49,0.57,-0.41,-0.08,1.64,1.23
2018-02-28,600508,12.14,12.29,12.35,12.03,34889,42578717.0,2.63,0.82,0.1,0.48,11.72,7.15,2.0,-1.58,-0.42,-0.67,0.5,1.91,3.24,3.24,12.23,12.09,12.56,12.66,0.0,-1.22,-1.79,-0.33,-0.24,-1.22,-0.9,0.81,0.41,0.49
2018-03-01,600508,12.18,12.14,12.29,12.1,39758,48443007.0,1.55,-1.22,-0.15,0.55,6.53,1.4,-2.15,-0.99,-1.24,-0.08,1.32,2.64,2.64,2.07,12.25,12.04,12.51,12.64,0.0,-0.58,0.91,0.99,0.0,0.33,2.06,1.65,1.73,2.22
2018-03-02,600508,12.01,12.0,12.14,11.95,42353,50941836.0,1.57,-1.15,-0.14,0.59,2.68,-0.92,0.25,0.0,1.17,2.59,3.93,3.93,3.35,2.85,12.21,12.08,12.46,12.61,0.58,2.08,2.17,1.17,1.5,3.25,2.83,2.92,3.42,3.42
2018-03-05,600508,12.05,11.97,12.07,11.92,25528,30540743.0,1.25,-0.25,-0.03,0.35,-0.67,0.5,0.25,1.43,2.85,4.19,4.19,3.61,3.1,1.85,12.12,12.1,12.4,12.6,2.34,2.42,1.42,1.75,3.51,3.09,3.17,3.68,3.68,1.75
2018-03-06,600508,11.94,12.25,12.25,11.94,41231,49929832.0,2.59,2.34,0.28,0.57,0.34,0.08,1.26,2.68,4.02,4.02,3.43,2.93,1.68,1.09,12.13,12.14,12.35,12.59,0.08,-0.9,-0.57,1.14,0.73,0.82,1.31,1.31,-0.57,1.31
2018-03-07,600508,12.25,12.08,12.26,12.04,34488,41933374.0,1.8,-1.39,-0.17,0.48,-0.75,0.42,1.83,3.16,3.16,2.57,2.08,0.83,0.25,1.74,12.09,12.16,12.3,12.56,0.5,0.83,2.57,2.15,2.24,2.73,2.73,0.83,2.73,-0.41
2018-03-08,600508,12.08,12.11,12.14,12.01,30641,36968359.0,1.08,0.25,0.03,0.42,0.67,2.08,3.41,3.41,2.83,2.33,1.08,0.5,2.0,2.08,12.08,12.16,12.29,12.53,0.58,2.31,1.9,1.98,2.48,2.48,0.58,2.48,-0.66,-2.73
2018-03-09,600508,12.11,12.17,12.18,11.98,43719,52799246.0,1.65,0.5,0.06,0.6,2.34,3.67,3.67,3.09,2.59,1.34,0.75,2.25,2.34,1.34,12.12,12.16,12.24,12.51,1.81,1.4,1.48,1.97,1.97,0.08,1.97,-1.15,-3.2,-7.31
2018-03-12,600508,12.16,12.35,12.39,12.16,53819,66291269.0,1.89,1.48,0.18,0.74,2.14,2.14,1.56,1.07,-0.16,-0.74,0.74,0.82,-0.16,0.16,12.19,12.16,12.18,12.48,-0.08,0.0,0.49,0.49,-1.38,0.49,-2.59,-4.62,-8.66,-12.96
2018-03-13,600508,12.3,12.25,12.34,12.2,28217,34598769.0,1.13,-0.81,-0.1,0.39,1.8,1.23,0.74,-0.49,-1.07,0.41,0.49,-0.49,-0.16,1.56,12.19,12.16,12.16,12.45,0.82,1.31,1.31,-0.57,1.31,-1.8,-3.84,-7.92,-12.24,-11.1
2018-03-14,600508,12.17,12.28,12.35,12.17,34043,41738455.0,1.47,0.24,0.03,0.47,1.48,0.99,-0.25,-0.82,0.66,0.74,-0.25,0.08,1.81,1.4,12.23,12.16,12.12,12.43,1.06,1.06,-0.81,1.06,-2.04,-4.07,-8.14,-12.46,-11.32,-11.73
2018-03-15,600508,12.25,12.39,12.41,12.2,54053,66690543.0,1.71,0.9,0.11,0.75,0.74,-0.49,-1.07,0.41,0.49,-0.49,-0.16,1.56,1.15,1.23,12.29,12.19,12.11,12.4,0.16,-1.69,0.16,-2.91,-4.92,-8.96,-13.24,-12.11,-12.51,-12.35
2018-03-16,600508,12.38,12.23,12.41,12.22,35418,43574301.0,1.53,-1.29,-0.16,0.49,-0.65,-1.23,0.25,0.33,-0.65,-0.33,1.39,0.98,1.06,1.55,12.3,12.21,12.14,12.38,-0.41,1.47,-1.64,-3.68,-7.77,-12.1,-10.96,-11.37,-11.2,-11.12
2018-03-19,600508,12.18,12.02,12.18,12.0,39281,47474276.0,1.47,-1.72,-0.21,0.54,0.58,2.08,2.17,1.17,1.5,3.25,2.83,2.92,3.42,3.42,12.23,12.21,12.15,12.34,3.24,0.08,-2.0,-6.16,-10.57,-9.4,-9.82,-9.65,-9.57,-9.07
2018-03-20,600508,11.94,12.38,12.41,11.9,48760,59439613.0,4.24,3.0,0.36,0.67,2.94,3.03,2.02,2.35,4.12,3.7,3.78,4.29,4.29,2.35,12.26,12.23,12.18,12.31,-2.83,-4.85,-8.89,-13.17,-12.04,-12.44,-12.28,-12.2,-11.71,-13.89
2018-03-21,600508,11.98,11.79,12.03,11.71,142233,169244844.0,2.58,-4.77,-0.59,1.97,4.7,3.67,4.01,5.81,5.38,5.47,5.98,5.98,4.01,5.98,12.16,12.2,12.18,12.27,-0.08,-4.33,-8.82,-7.63,-8.06,-7.89,-7.8,-7.29,-9.58,-9.16
2018-03-22,600508,11.66,11.55,11.78,11.52,67453,78290057.0,2.21,-2.04,-0.24,0.93,5.38,5.73,7.55,7.12,7.2,7.73,7.73,5.73,7.73,4.43,11.99,12.14,12.15,12.24,-2.34,-6.93,-5.71,-6.15,-5.97,-5.89,-5.37,-7.71,-7.27,-8.23
2018-03-23,600508,11.28,10.7,11.28,10.62,92813,102138352.0,5.71,-7.36,-0.85,1.28,14.69,16.67,16.2,16.29,16.85,16.85,14.69,16.85,13.28,10.92,11.69,11.99,12.08,12.16,0.47,1.78,1.31,1.5,1.59,2.15,-0.37,0.09,-0.93,0.56
2018-03-26,600508,10.75,10.71,10.75,10.46,49377,52206723.0,2.71,0.09,0.01,0.68,18.45,17.97,18.07,18.64,18.64,16.44,18.64,15.01,12.62,7.84,11.43,11.83,11.99,12.06,1.68,1.21,1.4,1.49,2.05,-0.47,0.0,-1.03,0.47,1.12
2018-03-27,600508,10.73,10.84,10.89,10.73,47047,50883239.0,1.49,1.21,0.13,0.65,15.0,15.1,15.66,15.66,13.51,15.66,12.12,9.79,5.13,0.19,11.12,11.69,11.92,12.0,0.0,0.18,0.28,0.83,-1.66,-1.2,-2.21,-0.74,-0.09,-0.55
2018-03-28,600508,10.8,10.69,10.84,10.63,46890,50391526.0,1.94,-1.38,-0.15,0.65,16.18,16.75,16.75,14.58,16.75,13.17,10.82,6.11,1.13,2.45,10.9,11.53,11.84,11.93,1.59,1.68,2.25,-0.28,0.19,-0.84,0.65,1.31,0.84,0.56
2018-03-29,600508,10.75,10.81,10.86,10.6,42799,46001820.0,2.43,1.12,0.12,0.59,17.08,17.08,14.91,17.08,13.49,11.13,6.42,1.42,2.74,2.26,10.75,11.37,11.78,11.87,0.56,1.11,-1.39,-0.93,-1.94,-0.46,0.19,-0.28,-0.56,-1.39
2018-03-30,600508,10.82,10.84,10.87,10.75,30573,33032483.0,1.11,0.28,0.03,0.42,15.44,13.3,15.44,11.91,9.58,4.93,0.0,1.3,0.84,1.02,10.78,11.23,11.72,11.84,0.83,-1.66,-1.2,-2.21,-0.74,-0.09,-0.55,-0.83,-1.66,-0.46
2018-04-02,600508,10.9,10.77,10.93,10.73,38677,41962673.0,1.85,-0.65,-0.07,0.54,13.51,15.66,12.12,9.79,5.13,0.19,1.49,1.03,1.21,1.3,10.79,11.11,11.66,11.81,-1.02,-0.56,-1.58,-0.09,0.56,0.09,-0.19,-1.02,0.19,-0.37
2018-04-03,600508,10.64,10.61,10.66,10.55,31119,33010294.0,1.02,-1.49,-0.16,0.43,17.63,14.03,11.66,6.92,1.9,3.22,2.75,2.94,3.03,3.6,10.74,10.93,11.58,11.77,0.94,-0.09,1.41,2.07,1.6,1.32,0.47,1.7,1.13,0.94
2018-04-04,600508,10.65,10.58,10.71,10.57,22601,24043797.0,1.32,-0.28,-0.03,0.31,13.81,11.45,6.72,1.7,3.03,2.55,2.74,2.84,3.41,0.85,10.72,10.81,11.5,11.72,0.19,1.7,2.36,1.89,1.61,0.76,1.98,1.42,1.23,0.57
2018-04-09,600508,10.5,10.58,10.6,10.47,21119,22238552.0,1.23,0.0,0.0,0.29,12.51,7.74,2.67,4.01,3.53,3.72,3.82,4.39,1.81,2.29,10.68,10.71,11.43,11.67,1.7,2.36,1.89,1.61,0.76,1.98,1.42,1.23,0.57,-0.57
2018-04-10,600508,10.57,10.75,10.76,10.57,29815,31878475.0,1.8,1.61,0.17,0.41,6.72,1.7,3.03,2.55,2.74,2.84,3.41,0.85,1.32,0.28,10.66,10.72,11.36,11.62,0.74,0.28,0.0,-0.84,0.37,-0.19,-0.37,-1.02,-2.14,-0.65
2018-04-11,600508,10.83,10.78,10.83,10.75,23924,25787476.0,0.74,0.28,0.03,0.33,0.0,1.3,0.84,1.02,1.12,1.67,-0.84,-0.37,-1.4,0.09,10.66,10.73,11.28,11.57,0.0,-0.28,-1.11,0.09,-0.46,-0.65,-1.3,-2.41,-0.93,-0.65
2018-04-12,600508,10.78,10.65,10.78,10.65,22210,23728377.0,1.21,-1.21,-0.13,0.31,2.25,1.78,1.97,2.07,2.63,0.09,0.56,-0.47,1.03,1.69,10.67,10.71,11.2,11.52,0.94,0.09,1.31,0.75,0.56,-0.09,-1.22,0.28,0.56,0.56
2018-04-13,600508,10.67,10.69,10.75,10.63,20815,22256121.0,1.13,0.38,0.04,0.29,1.98,2.16,2.26,2.82,0.28,0.75,-0.28,1.22,1.88,1.41,10.69,10.71,11.12,11.47,-0.28,0.94,0.37,0.19,-0.47,-1.59,-0.09,0.19,0.19,0.19
2018-04-16,600508,10.66,10.52,10.66,10.5,21506,22724211.0,1.5,-1.59,-0.17,0.3,3.43,3.52,4.1,1.52,2.0,0.95,2.48,3.14,2.67,2.38,10.68,10.68,11.02,11.41,2.57,2.0,1.81,1.14,0.0,1.52,1.81,1.81,1.81,4.56
2018-04-17,600508,10.56,10.57,10.79,10.51,37087,39484772.0,2.66,0.48,0.05,0.51,3.43,4.0,1.43,1.9,0.86,2.38,3.04,2.57,2.28,1.43,10.64,10.65,10.94,11.36,1.51,1.32,0.66,-0.47,1.04,1.32,1.32,1.32,4.07,5.2
2018-04-18,600508,10.65,10.62,10.73,10.51,20473,21694143.0,2.08,0.47,0.05,0.28,4.0,1.43,1.9,0.86,2.38,3.04,2.57,2.28,1.43,2.66,10.61,10.64,10.87,11.32,0.85,0.19,-0.94,0.56,0.85,0.85,0.85,3.58,4.71,7.53
2018-04-19,600508,10.63,10.66,10.71,10.58,25110,26769137.0,1.22,0.38,0.04,0.35,0.76,1.23,0.19,1.7,2.36,1.89,1.61,0.76,1.98,1.42,10.61,10.64,10.79,11.27,-0.19,-1.31,0.19,0.47,0.47,0.47,3.19,4.32,7.13,8.44
2018-04-20,600508,10.64,10.44,10.64,10.43,30219,31792462.0,1.97,-2.06,-0.22,0.42,2.68,1.63,3.16,3.84,3.36,3.07,2.21,3.45,2.88,2.68,10.56,10.63,10.72,11.21,0.77,2.3,2.59,2.59,2.59,5.36,6.51,9.39,10.73,9.48
2018-04-23,600508,10.5,10.46,10.52,10.35,14662,15293369.0,1.63,0.19,0.02,0.2,2.42,3.96,4.64,4.15,3.86,3.0,4.25,3.67,3.48,2.8,10.55,10.61,10.66,11.16,2.1,2.39,2.39,2.39,5.16,6.31,9.18,10.52,9.27,9.37
2018-04-24,600508,10.45,10.65,10.68,10.45,45513,48346142.0,2.2,1.82,0.19,0.63,2.97,3.64,3.16,2.87,2.01,3.25,2.68,2.49,1.82,0.67,10.57,10.6,10.66,11.11,0.56,0.56,0.56,3.29,4.41,7.23,8.54,7.32,7.42,7.32
2018-04-25,600508,10.62,10.7,10.71,10.57,30164,32083454.0,1.31,0.47,0.05,0.42,2.46,1.99,1.7,0.85,2.08,1.51,1.32,0.66,-0.47,1.04,10.58,10.6,10.66,11.05,0.09,0.09,2.8,3.93,6.73,8.04,6.82,6.92,6.82,7.85
2018-04-26,600508,10.65,10.6,10.71,10.57,23015,24452655.0,1.31,-0.93,-0.1,0.32,1.99,1.7,0.85,2.08,1.51,1.32,0.66,-0.47,1.04,1.32,10.57,10.59,10.65,11.0,1.04,3.77,4.91,7.74,9.06,7.83,7.92,7.83,8.87,8.68
2018-04-27,600508,10.67,10.7,10.71,10.58,20472,21789661.0,1.23,0.94,0.1,0.28,1.61,0.76,1.98,1.42,1.23,0.57,-0.57,0.95,1.23,1.23,10.62,10.59,10.65,10.94,2.8,3.93,6.73,8.04,6.82,6.92,6.82,7.85,7.66,7.1
2018-05-02,600508,10.93,10.89,11.0,10.8,69337,75504087.0,1.87,1.78,0.19,0.96,-1.3,-0.09,-0.65,-0.83,-1.48,-2.59,-1.11,-0.83,-0.83,-0.83,10.71,10.63,10.65,10.89,2.11,4.87,6.15,4.96,5.05,4.96,5.97,5.79,5.23,3.95
2018-05-03,600508,10.85,11.11,11.12,10.83,56491,62069422.0,2.66,2.02,0.22,0.78,-0.37,-0.92,-1.11,-1.75,-2.86,-1.39,-1.11,-1.11,-1.11,1.57,10.8,10.68,10.67,10.86,2.79,4.05,2.88,2.97,2.88,3.87,3.69,3.15,1.89,1.53
2018-05-04,600508,11.09,11.33,11.42,11.0,67865,76370879.0,3.78,1.98,0.22,0.94,-2.45,-2.64,-3.27,-4.36,-2.91,-2.64,-2.64,-2.64,0.0,1.09,10.93,10.75,10.69,10.83,2.03,0.88,0.97,0.88,1.85,1.68,1.15,-0.09,-0.44,1.32
2018-05-07,600508,11.3,11.4,11.56,11.28,62641,71748791.0,2.47,0.62,0.07,0.87,-5.05,-5.67,-6.74,-5.32,-5.05,-5.05,-5.05,-2.48,-1.42,1.24,11.09,10.83,10.73,10.8,0.26,0.35,0.26,1.23,1.05,0.53,-0.7,-1.05,0.7,2.37
2018-05-08,600508,11.4,11.39,11.43,11.31,33151,37641654.0,1.05,-0.09,-0.01,0.46,-5.92,-6.98,-5.57,-5.31,-5.31,-5.31,-2.74,-1.68,0.97,2.21,11.22,10.92,10.77,10.79,0.44,0.35,1.32,1.14,0.61,-0.61,-0.97,0.79,2.46,3.42
2018-05-09,600508,11.37,11.28,11.44,11.26,30981,35107370.0,1.58,-0.97,-0.11,0.43,-6.57,-5.15,-4.88,-4.88,-4.88,-2.31,-1.24,1.42,2.66,1.51,11.3,11.01,10.81,10.78,1.33,2.3,2.13,1.6,0.35,0.0,1.77,3.46,4.43,2.3
2018-05-10,600508,11.34,11.37,11.43,11.32,39259,44678318.0,0.98,0.8,0.09,0.54,-5.65,-5.39,-5.39,-5.39,-2.83,-1.77,0.88,2.12,0.97,1.06,11.35,11.08,10.84,10.8,1.5,1.32,0.79,-0.44,-0.79,0.97,2.64,3.61,1.5,-0.18
2018-05-11,600508,11.42,11.4,11.54,11.32,31794,36353257.0,1.93,0.26,0.03,0.44,-5.39,-5.39,-5.39,-2.83,-1.77,0.88,2.12,0.97,1.06,0.97,11.37,11.15,10.87,10.82,1.05,0.53,-0.7,-1.05,0.7,2.37,3.33,1.23,-0.44,-1.58
2018-05-14,600508,11.5,11.43,11.52,11.37,35168,40202762.0,1.32,0.26,0.03,0.49,-5.8,-5.8,-3.25,-2.2,0.44,1.67,0.53,0.62,0.53,1.5,11.37,11.23,10.91,10.84,0.26,-0.96,-1.31,0.44,2.1,3.06,0.96,-0.7,-1.84,-1.4
2018-05-15,600508,11.38,11.33,11.46,11.17,39049,44019607.0,2.54,-0.87,-0.1,0.54,-4.12,-1.52,-0.45,2.24,3.49,2.33,2.42,2.33,3.31,3.13,11.36,11.29,10.94,10.86,-0.09,-0.44,1.32,3.0,3.97,1.85,0.18,-0.97,-0.53,-0.71
2018-05-16,600508,11.27,11.18,11.32,11.17,30230,33942498.0,1.32,-1.32,-0.15,0.42,-1.52,-0.45,2.24,3.49,2.33,2.42,2.33,3.31,3.13,2.6,11.34,11.32,10.98,10.88,0.89,2.68,4.38,5.37,3.22,1.52,0.36,0.81,0.63,-1.16
2018-05-17,600508,11.17,11.2,11.28,11.17,29731,33358037.0,0.98,0.18,0.02,0.41,-0.45,2.24,3.49,2.33,2.42,2.33,3.31,3.13,2.6,1.34,11.31,11.33,11.01,10.89,2.5,4.2,5.18,3.04,1.34,0.18,0.63,0.45,-1.34,-2.32
2018-05-18,600508,11.21,11.46,11.48,11.2,50945,58045743.0,2.5,2.32,0.26,0.7,1.96,3.21,2.05,2.14,2.05,3.04,2.86,2.32,1.07,0.71,11.32,11.34,11.05,10.91,1.83,2.79,0.7,-0.96,-2.09,-1.66,-1.83,-3.58,-4.54,-2.71
2018-05-21,600508,11.5,11.66,11.67,11.49,55564,64575350.0,1.57,1.75,0.2,0.77,0.61,-0.52,-0.44,-0.52,0.44,0.26,-0.26,-1.48,-1.83,-0.09,11.37,11.37,11.1,10.95,1.03,-1.03,-2.66,-3.77,-3.34,-3.52,-5.23,-6.17,-4.37,-4.12
2018-05-22,600508,11.66,11.65,11.78,11.53,34550,40224740.0,2.14,-0.09,-0.01,0.48,-0.87,-0.78,-0.87,0.09,-0.09,-0.61,-1.82,-2.17,-0.43,1.21,11.43,11.4,11.16,10.98,-0.94,-2.58,-3.69,-3.26,-3.43,-5.15,-6.09,-4.29,-4.03,-3.86
2018-05-23,600508,11.54,11.25,11.54,11.25,48751,55429126.0,2.49,-3.43,-0.4,0.67,1.69,1.6,2.58,2.4,1.87,0.62,0.27,2.04,3.73,4.71,11.44,11.39,11.2,11.0,0.89,-0.27,0.18,0.0,-1.78,-2.76,-0.89,-0.62,-0.44,1.07
2018-05-24,600508,11.24,11.14,11.35,11.12,31747,35609889.0,2.04,-0.98,-0.11,0.44,2.79,3.78,3.6,3.06,1.8,1.44,3.24,4.95,5.94,3.78,11.43,11.37,11.22,11.02,0.72,1.17,0.99,-0.81,-1.8,0.09,0.36,0.54,2.06,2.78
2018-05-25,600508,11.13,11.16,11.22,11.11,22203,24789788.0,0.99,0.18,0.02,0.31,3.87,3.69,3.15,1.89,1.53,3.33,5.04,6.03,3.87,2.16,11.37,11.35,11.25,11.03,0.99,0.81,-0.99,-1.97,-0.09,0.18,0.36,1.88,2.6,1.16
2018-05-28,600508,11.15,11.16,11.27,11.11,23613,26430864.0,1.43,0.0,0.0,0.33,3.69,3.15,1.89,1.53,3.33,5.04,6.03,3.87,2.16,0.99,11.27,11.32,11.27,11.05,0.81,-0.99,-1.97,-0.09,0.18,0.36,1.88,2.6,1.16,0.63
2018-05-29,600508,11.17,11.19,11.25,11.08,20211,22580648.0,1.52,0.27,0.03,0.28,3.43,2.17,1.81,3.61,5.32,6.32,4.15,2.44,1.26,1.71,11.18,11.31,11.3,11.06,-1.25,-2.23,-0.36,-0.09,0.09,1.61,2.32,0.89,0.36,0.8
2018-05-30,600508,10.91,10.71,11.05,10.7,29926,32572134.0,3.13,-4.29,-0.48,0.41,5.79,5.42,7.29,9.07,10.09,7.85,6.07,4.86,5.33,5.14,11.07,11.26,11.29,11.07,2.15,4.11,4.39,4.58,6.16,6.91,5.42,4.86,5.32,5.23
2018-05-31,600508,10.88,10.9,10.94,10.77,19569,21287742.0,1.59,1.77,0.19,0.27,4.74,6.59,8.36,9.38,7.15,5.39,4.18,4.64,4.46,2.6,11.02,11.23,11.28,11.08,2.29,2.57,2.75,4.31,5.05,3.58,3.03,3.49,3.39,3.03
2018-06-01,600508,10.83,11.09,11.15,10.83,34658,38350140.0,2.94,1.74,0.19,0.48,6.0,7.76,8.77,6.56,4.8,3.6,4.06,3.88,2.03,1.02,11.01,11.19,11.27,11.1,0.81,0.99,2.52,3.25,1.8,1.26,1.71,1.62,1.26,4.06
2018-06-04,600508,11.1,11.07,11.18,11.05,21496,23879657.0,1.17,-0.18,-0.02,0.3,5.61,6.61,4.43,2.71,1.54,1.99,1.81,0.0,-1.0,0.9,10.99,11.13,11.25,11.11,1.17,2.71,3.43,1.99,1.45,1.9,1.81,1.45,4.25,3.25
2018-06-05,600508,11.01,11.19,11.2,11.01,25823,28778563.0,1.72,1.08,0.12,0.36,6.99,4.81,3.09,1.91,2.36,2.18,0.36,-0.64,1.27,1.54,10.99,11.09,11.24,11.13,1.61,2.32,0.89,0.36,0.8,0.71,0.36,3.13,2.14,0.45
2018-06-06,600508,11.15,11.36,11.37,11.15,31448,35369917.0,1.97,1.52,0.17,0.44,3.5,1.79,0.63,1.08,0.9,-0.9,-1.88,0.0,0.27,0.45,11.12,11.1,11.24,11.16,0.79,-0.62,-1.14,-0.7,-0.79,-1.14,1.58,0.62,-1.06,1.23
2018-06-07,600508,11.36,11.3,11.45,11.29,33929,38583295.0,1.41,-0.53,-0.06,0.47,0.53,-0.62,-0.18,-0.35,-2.13,-3.1,-1.24,-0.97,-0.8,0.71,11.2,11.11,11.24,11.19,-0.09,-0.62,-0.18,-0.27,-0.62,2.12,1.15,-0.53,1.77,-1.33
2018-06-08,600508,11.29,11.09,11.29,10.99,27371,30368495.0,2.65,-1.86,-0.21,0.38,2.09,2.55,2.37,0.55,-0.45,1.46,1.73,1.91,3.46,4.19,11.2,11.11,11.23,11.2,1.26,1.71,1.62,1.26,4.06,3.07,1.35,3.7,0.54,1.08
2018-06-11,600508,11.07,11.14,11.23,11.0,21192,23579882.0,2.07,0.45,0.05,0.29,2.45,2.27,0.45,-0.55,1.36,1.64,1.82,3.36,4.09,2.64,11.22,11.1,11.21,11.22,1.26,1.17,0.81,3.59,2.6,0.9,3.23,0.09,0.63,-2.6
2018-06-12,600508,11.12,11.28,11.28,11.01,35525,39644935.0,2.42,1.26,0.14,0.49,2.18,0.36,-0.64,1.27,1.54,1.73,3.27,4.0,2.54,2.0,11.23,11.11,11.21,11.24,-0.09,-0.44,2.3,1.33,-0.35,1.95,-1.15,-0.62,-3.81,-4.08
2018-06-13,600508,11.27,11.12,11.27,11.1,24834,27725080.0,1.51,-1.42,-0.16,0.34,-0.45,-1.44,0.45,0.72,0.9,2.43,3.15,1.71,1.17,1.62,11.19,11.15,11.21,11.24,0.99,3.78,2.79,1.08,3.42,0.27,0.81,-2.43,-2.7,-3.87
2018-06-14,600508,11.09,11.22,11.23,11.03,34155,38019357.0,1.8,0.9,0.1,0.47,-0.82,1.09,1.36,1.54,3.08,3.81,2.36,1.81,2.27,2.18,11.17,11.19,11.21,11.25,2.85,1.87,0.18,2.5,-0.62,-0.09,-3.3,-3.57,-4.72,-4.28
2018-06-15,600508,11.2,11.49,11.54,11.17,84236,95899360.0,3.3,2.41,0.27,1.17,-0.18,0.09,0.27,1.79,2.51,1.07,0.54,0.98,0.9,0.54,11.25,11.23,11.21,11.25,-0.52,-2.18,0.09,-2.96,-2.44,-5.57,-5.83,-6.96,-6.53,-6.88
2018-06-19,600508,11.34,11.09,11.43,10.71,78391,87554810.0,6.27,-3.48,-0.4,1.08,4.39,4.58,6.16,6.91,5.42,4.86,5.32,5.23,4.86,7.75,11.24,11.23,11.18,11.24,1.35,3.7,0.54,1.08,-2.16,-2.43,-3.61,-3.16,-3.52,-4.78
2018-06-20,600508,11.03,11.21,11.24,10.9,59073,65564988.0,3.07,1.08,0.12,0.82,2.75,4.31,5.05,3.58,3.03,3.49,3.39,3.03,5.87,4.86,11.23,11.23,11.16,11.24,2.59,-0.54,0.0,-3.21,-3.48,-4.64,-4.19,-4.55,-5.8,-5.17
2018-06-21,600508,11.21,11.33,11.5,11.18,85385,97350979.0,2.85,1.07,0.12,1.18,1.7,2.42,0.98,0.45,0.89,0.81,0.45,3.22,2.24,0.54,11.27,11.23,11.16,11.24,-1.59,-1.06,-4.24,-4.5,-5.65,-5.21,-5.56,-6.8,-6.18,-6.62
2018-06-22,600508,10.95,11.13,11.15,10.45,57875,62879828.0,6.18,-1.77,-0.2,0.8,9.57,8.04,7.46,7.94,7.85,7.46,10.43,9.38,7.56,10.05,11.25,11.21,11.16,11.23,0.72,-2.52,-2.79,-3.95,-3.5,-3.86,-5.12,-4.49,-4.94,-7.82
2018-06-25,600508,11.1,10.88,11.21,10.87,42217,46539746.0,3.05,-2.25,-0.25,0.58,3.86,3.31,3.77,3.68,3.31,6.16,5.15,3.4,5.8,2.58,11.13,11.19,11.15,11.21,-0.28,-0.55,-1.75,-1.29,-1.65,-2.94,-2.3,-2.76,-5.7,-4.23
2018-06-26,600508,10.7,10.71,10.85,10.47,44246,47200525.0,3.49,-1.56,-0.17,0.61,7.26,7.74,7.64,7.26,10.22,9.17,7.35,9.84,6.49,7.07,11.05,11.15,11.12,11.19,1.03,-0.19,0.28,-0.09,-1.4,-0.75,-1.21,-4.2,-2.71,-1.77
2018-06-27,600508,10.7,10.57,10.82,10.54,39883,42530022.0,2.61,-1.31,-0.14,0.55,7.02,6.93,6.55,9.49,8.44,6.64,9.11,5.79,6.36,2.94,10.92,11.08,11.09,11.16,1.14,1.61,1.23,-0.09,0.57,0.09,-2.93,-1.42,-0.47,-2.55
2018-06-28,600508,10.48,10.5,10.69,10.48,21728,22976368.0,1.99,-0.66,-0.07,0.3,7.54,7.16,10.11,9.06,7.25,9.73,6.39,6.97,3.53,3.24,10.76,11.01,11.08,11.14,2.29,1.9,0.57,1.24,0.76,-2.29,-0.76,0.19,-1.9,-0.76
2018-06-29,600508,10.49,10.68,10.74,10.43,41541,44075669.0,2.95,1.71,0.18,0.57,7.67,10.64,9.59,7.77,10.26,6.9,7.48,4.03,3.74,2.49,10.67,10.96,11.07,11.12,0.19,-1.12,-0.47,-0.94,-3.93,-2.43,-1.5,-3.56,-2.43,-2.53
2018-07-02,600508,10.61,10.47,10.7,10.41,42156,44458464.0,2.72,-1.97,-0.21,0.58,10.85,9.8,7.97,10.47,7.11,7.68,4.23,3.94,2.69,3.17,10.59,10.86,11.04,11.09,0.86,1.53,1.05,-2.01,-0.48,0.48,-1.62,-0.48,-0.57,0.1
2018-07-03,600508,10.5,10.54,10.56,10.38,29025,30394837.0,1.72,0.67,0.07,0.4,10.12,8.29,10.79,7.42,8.0,4.53,4.24,2.99,3.47,3.08,10.55,10.8,11.01,11.05,0.85,0.38,-2.66,-1.14,-0.19,-2.28,-1.14,-1.23,-0.57,-1.33
2018-07-04,600508,10.49,10.58,10.63,10.48,33302,35166000.0,1.42,0.38,0.04,0.46,7.25,9.73,6.39,6.97,3.53,3.24,2.0,2.48,2.1,0.76,10.55,10.74,10.98,11.02,0.0,-3.02,-1.51,-0.57,-2.65,-1.51,-1.61,-0.95,-1.7,-1.89
2018-07-05,600508,10.54,10.22,10.58,10.18,42792,44270989.0,3.78,-3.4,-0.36,0.59,12.97,9.53,10.12,6.58,6.29,5.01,5.5,5.11,3.73,4.42,10.5,10.63,10.93,10.98,0.39,1.96,2.94,0.78,1.96,1.86,2.54,1.76,1.57,1.37
2018-07-06,600508,10.2,10.2,10.26,9.95,34648,35102463.0,3.03,-0.2,-0.02,0.48,12.06,12.66,9.05,8.74,7.44,7.94,7.54,6.13,6.83,6.33,10.4,10.54,10.87,10.95,2.16,3.14,0.98,2.16,2.06,2.75,1.96,1.76,1.57,1.76
2018-07-09,600508,10.18,10.39,10.42,10.14,28574,29480037.0,2.75,1.86,0.19,0.4,10.55,7.0,6.71,5.42,5.92,5.52,4.14,4.83,4.34,1.18,10.39,10.49,10.84,10.93,1.25,-0.87,0.29,0.19,0.87,0.1,-0.1,-0.29,-0.1,2.12
2018-07-10,600508,10.35,10.42,10.52,10.33,28956,30184343.0,1.83,0.29,0.03,0.4,5.03,4.74,3.48,3.97,3.58,2.23,2.9,2.42,-0.68,0.87,10.36,10.46,10.8,10.9,-1.15,0.0,-0.1,0.58,-0.19,-0.38,-0.58,-0.38,1.82,3.45
2018-07-11,600508,10.3,10.22,10.3,9.99,30716,31253345.0,2.98,-1.92,-0.2,0.43,8.31,7.01,7.51,7.11,5.71,6.41,5.91,2.7,4.3,5.31,10.29,10.42,10.75,10.87,1.96,1.86,2.54,1.76,1.57,1.37,1.57,3.82,5.48,5.97
2018-07-12,600508,10.17,10.39,10.42,10.17,32540,33667579.0,2.45,1.66,0.17,0.45,5.11,5.6,5.21,3.83,4.52,4.03,0.88,2.46,3.44,1.28,10.32,10.41,10.71,10.86,0.19,0.87,0.1,-0.1,-0.29,-0.1,2.12,3.75,4.23,3.75
2018-07-13,600508,10.36,10.36,10.41,10.28,26770,27676882.0,1.25,-0.29,-0.03,0.37,4.47,4.09,2.72,3.4,2.92,-0.19,1.36,2.33,0.19,1.36,10.36,10.38,10.67,10.84,1.16,0.39,0.19,0.0,0.19,2.41,4.05,4.54,4.05,6.08
2018-07-16,600508,10.39,10.45,10.48,10.32,39723,41307548.0,1.54,0.87,0.09,0.55,3.68,2.33,3.0,2.52,-0.58,0.97,1.94,-0.19,0.97,0.87,10.37,10.38,10.62,10.82,-0.48,-0.67,-0.86,-0.67,1.53,3.16,3.64,3.16,5.17,4.88
2018-07-17,600508,10.4,10.29,10.4,10.2,31935,32777997.0,1.91,-1.53,-0.16,0.44,3.53,4.22,3.73,0.59,2.16,3.14,0.98,2.16,2.06,2.75,10.34,10.35,10.58,10.79,0.87,0.68,0.87,3.11,4.76,5.25,4.76,6.8,6.51,6.41
2018-07-18,600508,10.25,10.29,10.38,10.25,29579,30509403.0,1.26,0.0,0.0,0.41,3.71,3.22,0.1,1.66,2.63,0.49,1.66,1.56,2.24,1.46,10.36,10.32,10.53,10.76,0.68,0.87,3.11,4.76,5.25,4.76,6.8,6.51,6.41,6.41
2018-07-19,600508,10.27,10.27,10.36,10.24,19231,19785020.0,1.17,-0.19,-0.02,0.27,3.32,0.2,1.76,2.73,0.59,1.76,1.66,2.34,1.56,1.37,10.33,10.33,10.48,10.73,1.07,3.31,4.97,5.45,4.97,7.01,6.72,6.62,6.62,4.77
2018-07-20,600508,10.26,10.36,10.38,10.13,29672,30501626.0,2.43,0.88,0.09,0.41,1.28,2.86,3.85,1.68,2.86,2.76,3.46,2.67,2.47,2.27,10.33,10.34,10.44,10.7,2.41,4.05,4.54,4.05,6.08,5.79,5.69,5.69,3.86,7.24
2018-07-23,600508,10.3,10.57,10.61,10.26,50896,53340068.0,3.38,2.03,0.21,0.7,1.56,2.53,0.39,1.56,1.46,2.14,1.36,1.17,0.97,1.17,10.36,10.36,10.42,10.68,1.99,2.46,1.99,3.97,3.69,3.6,3.6,1.8,5.11,5.11
2018-07-24,600508,10.57,10.7,10.78,10.53,63586,67984026.0,2.37,1.23,0.13,0.88,-0.09,-2.18,-1.04,-1.14,-0.47,-1.23,-1.42,-1.61,-1.42,0.76,10.44,10.39,10.42,10.66,1.21,0.75,2.71,2.43,2.34,2.34,0.56,3.83,3.83,5.33
2018-07-25,600508,10.71,10.68,10.83,10.65,44442,47612454.0,1.68,-0.19,-0.02,0.61,-3.29,-2.16,-2.25,-1.6,-2.35,-2.54,-2.72,-2.54,-0.38,1.22,10.52,10.44,10.43,10.64,0.94,2.9,2.62,2.53,2.53,0.75,4.03,4.03,5.52,5.24
2018-07-26,600508,10.68,10.75,10.78,10.62,43930,46993160.0,1.5,0.66,0.07,0.61,-1.88,-1.98,-1.32,-2.07,-2.26,-2.45,-2.26,-0.09,1.51,1.98,10.61,10.47,10.44,10.63,2.23,1.95,1.86,1.86,0.09,3.35,3.35,4.84,4.56,4.37
2018-07-27,600508,10.95,10.85,10.99,10.82,72180,78639758.0,1.58,0.93,0.1,1.0,-3.79,-3.14,-3.88,-4.07,-4.25,-4.07,-1.94,-0.37,0.09,-0.37,10.71,10.52,10.45,10.62,1.01,0.92,0.92,-0.83,2.4,2.4,3.87,3.59,3.41,2.58
2018-07-30,600508,10.86,10.94,10.96,10.81,55786,60819336.0,1.38,0.83,0.09,0.77,-3.05,-3.79,-3.98,-4.16,-3.98,-1.85,-0.28,0.19,-0.28,1.67,10.78,10.57,10.47,10.6,0.09,0.09,-1.65,1.55,1.55,3.02,2.74,2.56,1.74,1.1
2018-07-31,600508,10.92,10.85,10.95,10.78,35672,38734089.0,1.55,-0.82,-0.09,0.49,-3.53,-3.71,-3.9,-3.71,-1.58,0.0,0.46,0.0,1.95,1.67,10.81,10.63,10.49,10.59,0.92,-0.83,2.4,2.4,3.87,3.59,3.41,2.58,1.94,2.95
2018-08-01,600508,10.87,10.74,10.95,10.72,48795,52923744.0,2.12,-1.01,-0.11,0.68,-3.17,-3.36,-3.17,-1.03,0.56,1.03,0.56,2.52,2.24,2.15,10.83,10.67,10.5,10.58,0.19,3.45,3.45,4.93,4.66,4.47,3.63,2.98,4.0,3.07
2018-08-02,600508,10.7,10.61,10.76,10.39,43894,46406706.0,3.45,-1.21,-0.13,0.61,-0.29,-0.1,2.12,3.75,4.23,3.75,5.77,5.49,5.39,5.39,10.8,10.71,10.52,10.55,4.71,4.71,6.22,5.94,5.75,4.9,4.24,5.28,4.34,1.98
2018-08-03,600508,10.6,10.86,11.11,10.58,85955,93821449.0,5.0,2.36,0.25,1.19,-1.89,0.28,1.89,2.36,1.89,3.88,3.59,3.5,3.5,1.7,10.8,10.76,10.55,10.54,2.3,3.78,3.5,3.31,2.49,1.84,2.85,1.93,-0.37,0.37
2018-08-06,600508,10.85,10.98,11.11,10.82,72666,79632782.0,2.67,1.1,0.12,1.01,-1.94,-0.37,0.09,-0.37,1.57,1.29,1.2,1.2,-0.55,2.68,10.81,10.8,10.58,10.55,2.64,2.37,2.19,1.37,0.73,1.73,0.82,-1.46,-0.73,0.46
2018-08-07,600508,11.0,11.26,11.27,10.9,78463,87054350.0,3.37,2.55,0.28,1.09,-1.1,-0.64,-1.1,0.83,0.55,0.46,0.46,-1.28,1.93,1.93,10.89,10.85,10.62,10.57,-0.18,-0.36,-1.15,-1.78,-0.8,-1.69,-3.91,-3.2,-2.04,-1.24
2018-08-08,600508,11.14,11.09,11.24,10.98,56863,63146367.0,2.31,-1.51,-0.17,0.79,-1.37,-1.82,0.09,-0.18,-0.27,-0.27,-2.0,1.18,1.18,2.64,10.96,10.89,10.66,10.58,1.17,0.36,-0.27,0.72,-0.18,-2.43,-1.71,-0.54,0.27,0.9
2018-08-09,600508,11.01,11.14,11.22,10.98,51208,57041679.0,2.16,0.45,0.05,0.71,-1.82,0.09,-0.18,-0.27,-0.27,-2.0,1.18,1.18,2.64,2.37,11.07,10.93,10.7,10.6,-0.09,-0.72,0.27,-0.63,-2.87,-2.15,-0.99,-0.18,0.45,-0.09
2018-08-10,600508,11.13,11.03,11.13,10.96,37981,41956617.0,1.53,-0.99,-0.11,0.53,0.27,0.0,-0.09,-0.09,-1.82,1.37,1.37,2.83,2.55,2.37,11.1,10.95,10.74,10.62,0.27,1.27,0.36,-1.9,-1.18,0.0,0.82,1.45,0.91,0.82
2018-08-13,600508,10.9,11.02,11.06,10.84,31377,34318048.0,1.99,-0.09,-0.01,0.43,1.11,1.01,1.01,-0.74,2.49,2.49,3.97,3.69,3.51,2.68,11.11,10.96,10.76,10.63,1.36,0.45,-1.81,-1.09,0.09,0.91,1.54,1.0,0.91,1.81
2018-08-14,600508,11.02,11.06,11.17,10.97,44344,49087180.0,1.81,0.36,0.04,0.61,-0.18,-0.18,-1.91,1.28,1.28,2.73,2.46,2.28,1.46,0.82,11.07,10.98,10.8,10.65,0.09,-2.17,-1.45,-0.27,0.54,1.18,0.63,0.54,1.45,1.54
2018-08-15,600508,11.05,10.79,11.07,10.72,42634,46449339.0,3.16,-2.44,-0.27,0.59,2.15,0.37,3.64,3.64,5.13,4.85,4.66,3.82,3.17,4.2,11.01,10.98,10.83,10.66,0.28,1.02,2.22,3.06,3.71,3.15,3.06,3.99,4.08,3.89
2018-08-16,600508,10.68,10.69,10.82,10.55,37553,40145234.0,2.5,-0.93,-0.1,0.52,1.99,5.31,5.31,6.82,6.54,6.35,5.5,4.83,5.88,4.93,10.92,10.99,10.85,10.67,1.96,3.18,4.02,4.68,4.12,4.02,4.96,5.05,4.86,4.86
2018-08-17,600508,10.82,10.74,10.9,10.68,41047,44270944.0,2.06,0.47,0.05,0.57,4.03,4.03,5.52,5.24,5.06,4.21,3.56,4.59,3.65,1.31,10.86,10.98,10.87,10.69,2.7,3.54,4.19,3.63,3.54,4.47,4.56,4.38,4.38,2.79
2018-08-20,600508,10.74,11.03,11.03,10.67,47986,52158573.0,3.35,2.7,0.29,0.66,4.12,5.62,5.34,5.15,4.31,3.66,4.69,3.75,1.41,2.16,10.86,10.99,10.89,10.71,0.82,1.45,0.91,0.82,1.72,1.81,1.63,1.63,0.09,-0.27
2018-08-21,600508,11.04,11.09,11.12,10.93,49957,55171868.0,1.72,0.54,0.06,0.69,3.11,2.84,2.65,1.83,1.19,2.2,1.28,-1.01,-0.27,0.91,10.87,10.97,10.91,10.74,0.9,0.36,0.27,1.17,1.26,1.08,1.08,-0.45,-0.81,-0.36
2018-08-22,600508,11.03,11.04,11.19,10.98,51640,57308912.0,1.89,-0.45,-0.05,0.71,2.37,2.19,1.37,0.73,1.73,0.82,-1.46,-0.73,0.46,1.28,10.92,10.96,10.93,10.76,0.82,0.72,1.63,1.72,1.54,1.54,0.0,-0.36,0.09,-0.54
2018-08-23,600508,10.99,11.06,11.13,10.91,45983,50654045.0,1.99,0.18,0.02,0.64,2.84,2.02,1.37,2.38,1.47,-0.82,-0.09,1.1,1.92,2.57,10.99,10.96,10.94,10.79,0.54,1.45,1.54,1.36,1.36,-0.18,-0.54,-0.09,-0.72,-2.35
2018-08-24,600508,11.03,11.1,11.12,10.89,36408,40126054.0,2.08,0.36,0.04,0.5,2.2,1.56,2.57,1.65,-0.64,0.09,1.29,2.11,2.75,2.2,11.06,10.96,10.96,10.81,1.08,1.17,0.99,0.99,-0.54,-0.9,-0.45,-1.08,-2.7,-2.34
2018-08-27,600508,11.08,11.2,11.22,11.05,52089,58204202.0,1.53,0.9,0.1,0.72,0.09,1.09,0.18,-2.08,-1.36,-0.18,0.63,1.27,0.72,0.63,11.1,10.98,10.97,10.84,0.27,0.09,0.09,-1.43,-1.79,-1.34,-1.96,-3.57,-3.21,-3.75
2018-08-28,600508,11.2,11.18,11.23,11.11,41932,46860851.0,1.07,-0.18,-0.02,0.58,0.54,-0.36,-2.61,-1.89,-0.72,0.09,0.72,0.18,0.09,0.99,11.12,10.99,10.99,10.87,0.27,0.27,-1.25,-1.61,-1.16,-1.79,-3.4,-3.04,-3.58,-4.11
2018-08-29,600508,11.13,11.12,11.21,11.08,31552,35121762.0,1.16,-0.54,-0.06,0.44,-0.09,-2.35,-1.62,-0.45,0.36,0.99,0.45,0.36,1.26,1.35,11.13,11.03,11.0,10.89,0.81,-0.72,-1.08,-0.63,-1.26,-2.88,-2.52,-3.06,-3.6,-4.5
2018-08-30,600508,11.09,10.97,11.21,10.96,31705,35077288.0,2.25,-1.35,-0.15,0.44,-1.28,-0.55,0.64,1.46,2.1,1.55,1.46,2.37,2.46,2.28,11.11,11.05,11.02,10.92,0.64,0.27,0.73,0.09,-1.55,-1.19,-1.73,-2.28,-3.19,-2.46
2018-08-31,600508,10.93,11.0,11.04,10.84,29776,32581673.0,1.82,0.27,0.03,0.41,0.55,1.75,2.58,3.23,2.68,2.58,3.51,3.6,3.41,3.41,11.09,11.08,11.03,10.94,0.0,0.45,-0.18,-1.82,-1.45,-2.0,-2.55,-3.45,-2.73,-2.55
2018-09-03,600508,10.98,11.0,11.0,10.82,30588,33337612.0,1.64,0.0,0.0,0.42,1.94,2.77,3.42,2.87,2.77,3.7,3.79,3.6,3.6,2.03,11.05,11.08,11.03,10.95,0.45,-0.18,-1.82,-1.45,-2.0,-2.55,-3.45,-2.73,-2.55,-4.0
2018-09-04,600508,11.0,11.02,11.05,10.88,31583,34641751.0,1.55,0.18,0.02,0.44,2.21,2.85,2.3,2.21,3.12,3.22,3.03,3.03,1.47,1.1,11.02,11.07,11.02,10.96,-0.36,-2.0,-1.63,-2.18,-2.72,-3.63,-2.9,-2.72,-4.17,-4.26
2018-09-05,600508,10.96,10.72,10.98,10.7,40361,43746811.0,2.54,-2.72,-0.3,0.56,4.58,4.02,3.93,4.86,4.95,4.77,4.77,3.18,2.8,3.27,10.94,11.04,11.0,10.96,0.75,1.12,0.56,0.0,-0.93,-0.19,0.0,-1.49,-1.59,-0.28
2018-09-06,600508,10.7,10.6,10.8,10.59,32258,34482611.0,1.96,-1.12,-0.12,0.45,5.1,5.0,5.95,6.04,5.85,5.85,4.25,3.87,4.34,3.68,10.87,10.99,10.97,10.96,2.26,1.7,1.13,0.19,0.94,1.13,-0.38,-0.47,0.85,0.94
2018-09-07,600508,10.7,10.7,10.84,10.67,30492,32800672.0,1.6,0.94,0.1,0.42,4.22,5.15,5.25,5.06,5.06,3.47,3.09,3.56,2.91,1.22,10.81,10.95,10.96,10.95,0.75,0.19,-0.75,0.0,0.19,-1.31,-1.4,-0.09,0.0,1.5
2018-09-10,600508,10.66,10.67,10.78,10.65,19285,20630559.0,1.21,-0.28,-0.03,0.27,5.35,5.45,5.26,5.26,3.66,3.29,3.76,3.1,1.41,1.78,10.74,10.9,10.94,10.95,0.47,-0.47,0.28,0.47,-1.03,-1.12,0.19,0.28,1.78,1.78
2018-09-11,600508,10.67,10.53,10.72,10.48,23923,25256374.0,2.25,-1.31,-0.14,0.33,7.16,6.97,6.97,5.34,4.96,5.44,4.77,3.05,3.44,2.86,10.64,10.83,10.91,10.93,0.85,1.61,1.8,0.28,0.19,1.52,1.61,3.13,3.13,3.99
2018-09-12,600508,10.53,10.54,10.62,10.49,17696,18698370.0,1.23,0.09,0.01,0.24,6.86,6.86,5.24,4.86,5.34,4.67,2.96,3.34,2.76,2.19,10.61,10.78,10.9,10.93,1.52,1.71,0.19,0.09,1.42,1.52,3.04,3.04,3.89,4.65
2018-09-13,600508,10.63,10.67,10.7,10.58,21363,22731107.0,1.14,1.23,0.13,0.3,5.95,4.35,3.97,4.44,3.78,2.08,2.46,1.89,1.32,0.38,10.62,10.75,10.9,10.93,0.47,-1.03,-1.12,0.19,0.28,1.78,1.78,2.62,3.37,3.66
2018-09-14,600508,10.68,10.57,10.72,10.57,15504,16494033.0,1.41,-0.94,-0.1,0.21,4.45,4.07,4.54,3.88,2.18,2.55,1.99,1.42,0.47,1.23,10.6,10.7,10.89,10.92,-0.09,-0.19,1.14,1.23,2.74,2.74,3.6,4.35,4.64,3.97
2018-09-17,600508,10.56,10.34,10.56,10.32,25555,26610679.0,2.27,-2.18,-0.23,0.35,6.59,7.07,6.4,4.65,5.04,4.46,3.88,2.91,3.68,3.88,10.53,10.64,10.86,10.9,2.03,3.38,3.48,5.03,5.03,5.9,6.67,6.96,6.29,7.93
2018-09-18,600508,10.38,10.52,10.55,10.29,23280,24282626.0,2.51,1.74,0.18,0.32,7.39,6.71,4.96,5.34,4.76,4.18,3.21,3.98,4.18,2.62,10.53,10.59,10.83,10.87,1.62,1.71,3.23,3.23,4.09,4.85,5.13,4.47,6.08,6.08
2018-09-19,600508,10.5,10.64,10.69,10.47,25957,27572245.0,2.09,1.14,0.12,0.36,4.87,3.15,3.53,2.96,2.39,1.43,2.2,2.39,0.86,0.76,10.55,10.58,10.81,10.86,0.56,2.07,2.07,2.91,3.67,3.95,3.29,4.89,4.89,2.63
2018-09-20,600508,10.65,10.64,10.7,10.57,18603,19778896.0,1.22,0.0,0.0,0.26,2.18,2.55,1.99,1.42,0.47,1.23,1.42,-0.09,-0.19,1.14,10.54,10.58,10.79,10.84,2.07,2.07,2.91,3.67,3.95,3.29,4.89,4.89,2.63,0.66
2018-09-21,600508,10.61,10.86,10.86,10.6,32965,35486407.0,2.44,2.07,0.22,0.46,2.26,1.7,1.13,0.19,0.94,1.13,-0.38,-0.47,0.85,0.94,10.6,10.6,10.77,10.84,0.0,0.83,1.57,1.84,1.2,2.76,2.76,0.55,-1.38,-0.92
2018-09-25,600508,10.8,10.78,10.86,10.73,22852,24650211.0,1.2,-0.74,-0.08,0.32,0.47,-0.09,-1.03,-0.28,-0.09,-1.58,-1.68,-0.37,-0.28,1.21,10.69,10.61,10.75,10.83,1.58,2.32,2.6,1.95,3.53,3.53,1.3,-0.65,-0.19,-2.69
2018-09-26,600508,10.79,10.83,10.95,10.75,35353,38402179.0,1.86,0.46,0.05,0.49,-0.28,-1.21,-0.47,-0.28,-1.77,-1.86,-0.56,-0.47,1.02,1.02,10.75,10.64,10.74,10.82,1.85,2.12,1.48,3.05,3.05,0.83,-1.11,-0.65,-3.14,-4.62
2018-09-27,600508,10.82,10.94,11.03,10.77,52495,57257139.0,2.4,1.02,0.11,0.73,-1.39,-0.65,-0.46,-1.95,-2.04,-0.74,-0.65,0.84,0.84,1.67,10.81,10.68,10.73,10.83,1.1,0.46,2.01,2.01,-0.18,-2.1,-1.65,-4.11,-5.58,-6.86
2018-09-28,600508,10.91,11.02,11.06,10.88,35176,38635032.0,1.65,0.73,0.08,0.49,-1.65,-1.47,-2.94,-3.03,-1.75,-1.65,-0.18,-0.18,0.64,1.38,10.89,10.71,10.73,10.84,-0.27,1.27,1.27,-0.91,-2.81,-2.36,-4.81,-6.26,-7.53,-8.26
2018-10-08,600508,10.85,10.88,10.99,10.8,40335,43964764.0,1.72,-1.27,-0.14,0.56,-0.74,-2.22,-2.31,-1.02,-0.93,0.56,0.56,1.39,2.13,2.41,10.89,10.75,10.72,10.84,2.57,2.57,0.37,-1.56,-1.1,-3.58,-5.06,-6.34,-7.08,-2.94
2018-10-09,600508,10.96,11.06,11.16,10.9,62327,68832570.0,2.39,1.65,0.18,0.86,-3.12,-3.21,-1.93,-1.83,-0.37,-0.37,0.46,1.19,1.47,0.83,10.95,10.82,10.73,10.84,0.9,-1.27,-3.16,-2.71,-5.15,-6.6,-7.87,-8.59,-4.52,-4.97
2018-10-10,600508,11.08,11.06,11.16,10.99,41025,45362781.0,1.54,0.0,0.0,0.57,-4.0,-2.73,-2.64,-1.18,-1.18,-0.36,0.36,0.64,0.0,1.55,10.99,10.87,10.73,10.84,-1.27,-3.16,-2.71,-5.15,-6.6,-7.87,-8.59,-4.52,-4.97,-5.24
2018-10-11,600508,10.83,10.57,10.92,10.5,58895,63068716.0,3.8,-4.43,-0.49,0.81,1.81,1.9,3.43,3.43,4.29,5.05,5.33,4.67,6.29,6.29,10.92,10.86,10.72,10.83,1.32,1.8,-0.76,-2.27,-3.6,-4.35,-0.09,-0.57,-0.85,-2.18
2018-10-12,600508,10.55,10.7,10.71,10.3,46663,49213670.0,3.88,1.23,0.13,0.65,3.88,5.44,5.44,6.31,7.09,7.38,6.7,8.35,8.35,6.02,10.85,10.87,10.73,10.81,0.56,-1.96,-3.46,-4.77,-5.51,-1.31,-1.78,-2.06,-3.36,-0.75
2018-10-15,600508,10.73,10.31,10.76,10.27,32681,34384215.0,4.58,-3.64,-0.39,0.45,5.74,5.74,6.62,7.4,7.69,7.01,8.67,8.67,6.33,4.28,10.74,10.82,10.71,10.79,1.75,0.19,-1.16,-1.94,2.42,1.94,1.65,0.29,3.01,1.16
2018-10-16,600508,10.33,10.16,10.49,10.08,32058,33010032.0,3.98,-1.45,-0.15,0.44,7.74,8.63,9.42,9.72,9.03,10.71,10.71,8.33,6.25,6.75,10.56,10.75,10.68,10.75,1.67,0.3,-0.49,3.94,3.44,3.15,1.77,4.53,2.66,2.36
2018-10-17,600508,10.28,10.3,10.33,10.04,30975,31646533.0,2.85,1.38,0.14,0.43,9.06,9.86,10.16,9.46,11.16,11.16,8.76,6.67,7.17,4.48,10.41,10.7,10.67,10.72,-1.07,-1.84,2.52,2.04,1.75,0.39,3.11,1.26,0.97,1.94
2018-10-18,600508,10.18,9.95,10.19,9.93,41714,41689942.0,2.52,-3.4,-0.35,0.58,11.08,11.38,10.67,12.39,12.39,9.97,7.85,8.36,5.64,4.03,10.28,10.6,10.64,10.68,1.61,6.13,5.63,5.33,3.92,6.73,4.82,4.52,5.53,5.33
2018-10-19,600508,9.88,10.06,10.11,9.81,31977,31929547.0,3.02,1.11,0.11,0.44,12.74,12.03,13.76,13.76,11.31,9.17,9.68,6.93,5.3,3.87,10.16,10.51,10.61,10.65,4.97,4.47,4.17,2.78,5.57,3.68,3.38,4.37,4.17,4.57
2018-10-22,600508,10.11,10.5,10.56,10.07,50124,51967189.0,4.87,4.37,0.44,0.69,9.14,10.82,10.82,8.44,6.36,6.85,4.17,2.58,1.19,0.4,10.19,10.47,10.61,10.64,0.1,-0.19,-1.52,1.14,-0.67,-0.95,0.0,-0.19,0.19,0.48
2018-10-23,600508,10.48,10.35,10.51,10.27,32478,33714867.0,2.29,-1.43,-0.15,0.45,8.67,8.67,6.33,4.28,4.77,2.14,0.58,-0.78,-1.56,2.82,10.23,10.4,10.61,10.62,1.26,-0.1,2.61,0.77,0.48,1.45,1.26,1.64,1.93,1.84
2018-10-24,600508,10.27,10.32,10.48,10.21,36071,37303098.0,2.61,-0.29,-0.03,0.5,9.3,6.95,4.9,5.39,2.74,1.18,-0.2,-0.98,3.43,2.94,10.24,10.32,10.6,10.59,0.19,2.91,1.07,0.78,1.74,1.55,1.94,2.23,2.13,2.03
2018-10-25,600508,10.07,10.32,10.34,10.04,28051,28483154.0,2.91,0.0,0.0,0.39,8.76,6.67,7.17,4.48,2.89,1.49,0.7,5.18,4.68,4.38,10.31,10.3,10.58,10.58,2.91,1.07,0.78,1.74,1.55,1.94,2.23,2.13,2.03,1.45
2018-10-26,600508,10.34,10.46,10.62,10.28,37663,39315097.0,3.29,1.36,0.14,0.52,4.18,4.67,2.04,0.49,-0.88,-1.65,2.72,2.24,1.95,0.58,10.39,10.27,10.57,10.57,-0.29,-0.57,0.38,0.19,0.57,0.86,0.76,0.67,0.1,-1.24
2018-10-29,600508,10.43,10.23,10.43,10.19,25770,26587740.0,2.29,-2.2,-0.23,0.36,5.59,2.94,1.37,0.0,-0.79,3.63,3.14,2.85,1.47,4.22,10.34,10.27,10.54,10.56,1.66,2.64,2.44,2.83,3.13,3.03,2.93,2.35,0.98,1.47
2018-10-30,600508,10.23,10.34,10.4,10.17,27303,28167353.0,2.25,1.08,0.11,0.38,3.15,1.57,0.2,-0.59,3.83,3.34,3.05,1.67,4.42,2.56,10.33,10.28,10.52,10.55,1.55,1.35,1.74,2.03,1.93,1.84,1.26,-0.1,0.39,1.64
2018-10-31,600508,10.41,10.41,10.5,10.33,30555,31860043.0,1.64,0.68,0.07,0.42,0.0,-1.36,-2.13,2.23,1.74,1.45,0.1,2.81,0.97,0.68,10.35,10.29,10.5,10.54,0.67,1.06,1.34,1.25,1.15,0.58,-0.77,-0.29,0.96,2.11
2018-11-01,600508,10.42,10.35,10.48,10.32,40333,42006323.0,1.54,-0.58,-0.06,0.56,-1.26,-2.03,2.33,1.84,1.55,0.19,2.91,1.07,0.78,1.74,10.36,10.33,10.47,10.54,1.64,1.93,1.84,1.74,1.16,-0.19,0.29,1.55,2.71,2.42
2018-11-02,600508,10.4,10.51,10.52,10.37,48035,50177626.0,1.45,1.55,0.16,0.66,-2.51,1.83,1.35,1.06,-0.29,2.41,0.58,0.29,1.25,1.06,10.37,10.38,10.44,10.53,0.38,0.29,0.19,-0.38,-1.71,-1.24,0.0,1.14,0.86,1.52
2018-11-05,600508,10.46,10.54,10.55,10.41,35119,36775364.0,1.33,0.29,0.03,0.49,1.44,0.96,0.67,-0.67,2.02,0.19,-0.1,0.86,0.67,1.06,10.43,10.38,10.42,10.53,0.0,-0.09,-0.66,-1.99,-1.52,-0.28,0.85,0.57,1.23,1.23
2018-11-06,600508,10.5,10.46,10.54,10.37,22652,23661688.0,1.61,-0.76,-0.08,0.31,1.35,1.06,-0.29,2.41,0.58,0.29,1.25,1.06,1.45,1.74,10.45,10.39,10.39,10.54,0.67,0.1,-1.24,-0.76,0.48,1.63,1.34,2.01,2.01,1.63
2018-11-07,600508,10.48,10.38,10.53,10.38,28881,30198170.0,1.43,-0.76,-0.08,0.4,0.96,-0.39,2.31,0.48,0.19,1.16,0.96,1.35,1.64,1.54,10.45,10.4,10.36,10.53,0.87,-0.48,0.0,1.25,2.41,2.12,2.79,2.79,2.41,0.67
2018-11-08,600508,10.42,10.35,10.47,10.34,22597,23519079.0,1.25,-0.29,-0.03,0.31,0.0,2.71,0.87,0.58,1.55,1.35,1.74,2.03,1.93,1.84,10.45,10.4,10.35,10.52,-0.19,0.29,1.55,2.71,2.42,3.09,3.09,2.71,0.97,0.77
2018-11-09,600508,10.3,10.19,10.33,10.19,26289,26970352.0,1.35,-1.55,-0.16,0.36,4.22,2.36,2.06,3.04,2.85,3.24,3.53,3.43,3.34,2.75,10.38,10.38,10.32,10.51,1.86,3.14,4.32,4.02,4.71,4.71,4.32,2.55,2.36,2.06
2018-11-12,600508,10.22,10.37,10.38,10.18,24632,25363263.0,1.96,1.77,0.18,0.34,2.46,2.16,3.14,2.95,3.34,3.63,3.54,3.44,2.85,1.47,10.35,10.39,10.33,10.49,1.35,2.51,2.22,2.89,2.89,2.51,0.77,0.58,0.29,-1.64
2018-11-13,600508,10.27,10.49,10.51,10.23,42346,44105433.0,2.7,1.16,0.12,0.59,1.66,2.64,2.44,2.83,3.13,3.03,2.93,2.35,0.98,1.47,10.36,10.41,10.34,10.48,1.33,1.05,1.72,1.72,1.33,-0.38,-0.57,-0.86,-2.76,-2.76
2018-11-14,600508,10.43,10.49,10.63,10.41,38564,40501607.0,2.1,0.0,0.0,0.53,0.86,0.67,1.06,1.34,1.25,1.15,0.58,-0.77,-0.29,0.96,10.38,10.41,10.35,10.47,1.05,1.72,1.72,1.33,-0.38,-0.57,-0.86,-2.76,-2.76,-2.29
2018-11-15,600508,10.47,10.6,10.6,10.42,44139,46347744.0,1.72,1.05,0.11,0.61,0.58,0.96,1.25,1.15,1.06,0.48,-0.86,-0.38,0.86,2.02,10.43,10.44,10.39,10.46,0.66,0.66,0.28,-1.42,-1.6,-1.89,-3.77,-3.77,-3.3,-3.02
2018-11-16,600508,10.56,10.64,10.67,10.54,44487,47197438.0,1.23,0.38,0.04,0.62,-0.19,0.09,0.0,-0.09,-0.66,-1.99,-1.52,-0.28,0.85,0.57,10.52,10.45,10.41,10.44,0.28,-0.09,-1.79,-1.97,-2.26,-4.14,-4.14,-3.67,-3.38,-4.51
2018-11-19,600508,10.63,10.66,10.67,10.53,40595,43044252.0,1.32,0.19,0.02,0.56,0.19,0.09,0.0,-0.57,-1.9,-1.42,-0.19,0.95,0.66,1.33,10.58,10.46,10.42,10.44,-0.28,-1.97,-2.16,-2.44,-4.32,-4.32,-3.85,-3.56,-4.69,-2.53
2018-11-20,600508,10.56,10.43,10.63,10.43,35291,37144482.0,1.88,-2.16,-0.23,0.49,1.05,0.96,0.38,-0.96,-0.48,0.77,1.92,1.63,2.3,2.3,10.56,10.46,10.43,10.42,0.19,0.0,-0.29,-2.21,-2.21,-1.73,-1.44,-2.59,-0.38,-0.96
2018-11-21,600508,10.38,10.41,10.45,10.31,24162,25073628.0,1.34,-0.19,-0.02,0.33,2.13,1.55,0.19,0.68,1.94,3.1,2.81,3.49,3.49,3.1,10.55,10.46,10.43,10.39,0.19,-0.1,-2.02,-2.02,-1.54,-1.25,-2.4,-0.19,-0.77,-0.96
2018-11-22,600508,10.42,10.39,10.43,10.34,24719,25653346.0,0.86,-0.19,-0.02,0.34,1.26,-0.1,0.39,1.64,2.8,2.51,3.19,3.19,2.8,1.06,10.51,10.47,10.43,10.39,0.1,-1.83,-1.83,-1.35,-1.06,-2.21,0.0,-0.58,-0.77,-1.64
2018-11-23,600508,10.4,10.13,10.4,10.12,36437,37252154.0,2.69,-2.5,-0.26,0.5,2.08,2.57,3.85,5.04,4.74,5.43,5.43,5.04,3.26,3.06,10.4,10.46,10.42,10.37,0.69,0.69,1.18,1.48,0.3,2.57,1.97,1.78,0.89,1.09
2018-11-26,600508,10.1,10.12,10.2,10.09,16031,16250368.0,1.09,-0.1,-0.01,0.22,2.87,4.16,5.35,5.05,5.75,5.75,5.35,3.57,3.37,3.07,10.3,10.44,10.41,10.36,0.79,1.28,1.58,0.4,2.67,2.08,1.88,0.99,1.19,0.4
2018-11-27,600508,10.18,10.15,10.2,10.12,12344,12535242.0,0.79,0.3,0.03,0.17,3.85,5.04,4.74,5.43,5.43,5.04,3.26,3.06,2.77,0.79,10.24,10.4,10.4,10.36,0.99,1.28,0.1,2.36,1.77,1.58,0.69,0.89,0.1,0.1
2018-11-28,600508,10.13,10.22,10.25,10.08,17383,17677420.0,1.67,0.69,0.07,0.24,5.46,5.16,5.85,5.85,5.46,3.67,3.47,3.17,1.19,1.19,10.2,10.38,10.39,10.36,0.59,-0.59,1.66,1.08,0.88,0.0,0.2,-0.59,-0.59,-0.29
2018-11-29,600508,10.24,10.06,10.28,10.04,24335,24717812.0,2.35,-1.57,-0.16,0.34,5.58,6.27,6.27,5.88,4.08,3.88,3.59,1.59,1.59,2.09,10.14,10.32,10.38,10.36,0.99,3.28,2.68,2.49,1.59,1.79,0.99,0.99,1.29,1.69
2018-11-30,600508,10.06,10.11,10.16,10.0,16287,16443742.0,1.59,0.5,0.05,0.23,6.7,6.7,6.3,4.5,4.3,4.0,2.0,2.0,2.5,2.8,10.13,10.27,10.36,10.37,2.77,2.18,1.98,1.09,1.29,0.49,0.49,0.79,1.19,0.59
2018-12-03,600508,10.27,10.31,10.39,10.23,32209,33198742.0,1.58,1.98,0.2,0.45,4.3,3.91,2.15,1.96,1.66,-0.29,-0.29,0.2,0.49,-0.68,10.17,10.23,10.35,10.36,0.19,0.0,-0.87,-0.68,-1.45,-1.45,-1.16,-0.78,-1.36,-2.42
2018-12-04,600508,10.29,10.32,10.33,10.26,16865,17379011.0,0.68,0.1,0.01,0.23,3.61,1.85,1.66,1.36,-0.58,-0.58,-0.1,0.19,-0.97,1.27,10.2,10.22,10.34,10.36,-0.1,-0.97,-0.78,-1.55,-1.55,-1.26,-0.87,-1.45,-2.52,-2.71
2018-12-05,600508,10.23,10.24,10.31,10.11,19623,20065208.0,1.94,-0.78,-0.08,0.27,3.36,3.17,2.87,0.89,0.89,1.38,1.68,0.49,2.77,2.18,10.21,10.21,10.33,10.36,-0.2,0.0,-0.78,-0.78,-0.49,-0.1,-0.68,-1.76,-1.95,-1.95
2018-12-06,600508,10.17,10.12,10.22,10.12,20188,20495113.0,0.98,-1.17,-0.12,0.28,3.06,2.77,0.79,0.79,1.28,1.58,0.4,2.67,2.08,1.88,10.22,10.18,10.32,10.35,1.19,0.4,0.4,0.69,1.09,0.49,-0.59,-0.79,-0.79,-1.58
2018-12-07,600508,10.14,10.19,10.24,10.1,17891,18177035.0,1.38,0.69,0.07,0.25,2.97,0.99,0.99,1.49,1.78,0.59,2.87,2.28,2.08,1.19,10.24,10.18,10.32,10.34,-0.29,-0.29,0.0,0.39,-0.2,-1.28,-1.47,-1.47,-2.26,-2.26
2018-12-10,600508,10.13,10.11,10.16,10.07,10827,10947290.0,0.88,-0.79,-0.08,0.15,1.29,1.29,1.79,2.09,0.89,3.18,2.58,2.38,1.49,1.69,10.2,10.18,10.31,10.34,0.49,0.79,1.19,0.59,-0.49,-0.69,-0.69,-1.48,-1.48,-1.78
2018-12-11,600508,10.13,10.14,10.16,10.1,9264,9380420.0,0.59,0.3,0.03,0.13,0.99,1.49,1.78,0.59,2.87,2.28,2.08,1.19,1.39,0.59,10.16,10.18,10.29,10.33,0.49,0.89,0.3,-0.79,-0.99,-0.99,-1.78,-1.78,-2.07,-2.86
2018-12-12,600508,10.18,10.14,10.19,10.12,9397,9539599.0,0.69,0.0,0.0,0.13,1.28,1.58,0.4,2.67,2.08,1.88,0.99,1.19,0.4,0.4,10.14,10.17,10.27,10.32,0.89,0.3,-0.79,-0.99,-0.99,-1.78,-1.78,-2.07,-2.86,-4.14
2018-12-13,600508,10.14,10.19,10.23,10.06,27041,27474291.0,1.68,0.49,0.05,0.37,2.19,0.99,3.28,2.68,2.49,1.59,1.79,0.99,0.99,1.29,10.15,10.19,10.25,10.32,-0.2,-1.28,-1.47,-1.47,-2.26,-2.26,-2.55,-3.34,-4.61,-3.53
2018-12-14,600508,10.16,10.05,10.17,10.03,22957,23193596.0,1.37,-1.37,-0.14,0.32,1.3,3.59,2.99,2.79,1.89,2.09,1.3,1.3,1.6,1.99,10.13,10.18,10.22,10.3,0.1,-0.1,-0.1,-0.9,-0.9,-1.19,-1.99,-3.28,-2.19,-3.48
2018-12-17,600508,10.02,10.03,10.06,9.99,14300,14327996.0,0.7,-0.2,-0.02,0.2,4.0,3.4,3.2,2.3,2.5,1.7,1.7,2.0,2.4,1.8,10.11,10.15,10.19,10.28,0.1,0.1,-0.7,-0.7,-1.0,-1.79,-3.09,-1.99,-3.29,-3.49
2018-12-18,600508,10.01,10.02,10.04,9.95,13660,13650321.0,0.9,-0.1,-0.01,0.19,3.82,3.62,2.71,2.91,2.11,2.11,2.41,2.81,2.21,1.11,10.09,10.12,10.17,10.27,0.2,-0.6,-0.6,-0.9,-1.7,-2.99,-1.9,-3.19,-3.39,-3.49
2018-12-19,600508,10.03,9.95,10.04,9.95,9247,9225829.0,0.9,-0.7,-0.07,0.13,3.62,2.71,2.91,2.11,2.11,2.41,2.81,2.21,1.11,0.9,10.05,10.09,10.15,10.25,0.1,0.1,-0.2,-1.01,-2.31,-1.21,-2.51,-2.71,-2.81,-1.81
2018-12-20,600508,9.95,9.96,9.96,9.9,10364,10295814.0,0.6,0.1,0.01,0.14,3.23,3.43,2.63,2.63,2.93,3.33,2.73,1.62,1.41,1.41,10.0,10.08,10.13,10.24,0.0,-0.3,-1.1,-2.41,-1.31,-2.61,-2.81,-2.91,-1.91,-1.1
2018-12-21,600508,9.91,9.87,9.96,9.84,15973,15773896.0,1.2,-0.9,-0.09,0.22,4.07,3.25,3.25,3.56,3.96,3.35,2.24,2.03,2.03,1.22,9.97,10.05,10.11,10.23,0.61,-0.2,-1.52,-0.41,-1.72,-1.93,-2.03,-1.01,-0.2,-0.1
2018-12-24,600508,9.85,9.91,9.93,9.82,9508,9401996.0,1.11,0.41,0.04,0.13,3.46,3.46,3.77,4.18,3.56,2.44,2.24,2.24,1.43,1.43,9.94,10.03,10.1,10.21,-0.61,-1.92,-0.81,-2.12,-2.32,-2.42,-1.41,-0.61,-0.5,0.1
2018-12-25,600508,9.84,9.7,9.85,9.56,22877,22166219.0,2.93,-2.12,-0.21,0.32,6.28,6.59,7.01,6.38,5.23,5.02,5.02,4.18,4.18,3.87,9.88,9.98,10.08,10.19,0.21,1.34,0.0,-0.21,-0.31,0.72,1.55,1.65,2.27,2.78
2018-12-26,600508,9.65,9.65,9.72,9.64,8532,8253210.0,0.82,-0.52,-0.05,0.12,5.71,6.12,5.5,4.36,4.15,4.15,3.32,3.32,3.01,2.18,9.82,9.93,10.05,10.16,1.87,0.52,0.31,0.21,1.24,2.07,2.18,2.8,3.32,2.69
2018-12-27,600508,9.8,9.63,9.83,9.62,12491,12140265.0,2.18,-0.21,-0.02,0.17,6.34,5.72,4.57,4.37,4.37,3.53,3.53,3.22,2.39,1.04,9.75,9.88,10.03,10.13,0.73,0.52,0.42,1.45,2.28,2.39,3.01,3.53,2.91,4.67
2018-12-28,600508,9.62,9.65,9.7,9.61,8218,7936374.0,0.93,0.21,0.02,0.11,5.83,4.68,4.47,4.47,3.64,3.64,3.33,2.5,1.14,2.29,9.71,9.84,10.01,10.1,0.31,0.21,1.24,2.07,2.18,2.8,3.32,2.69,4.46,2.59
2019-01-02,600508,9.67,9.59,9.68,9.57,9807,9431075.0,1.14,-0.62,-0.06,0.14,5.12,4.91,4.91,4.08,4.08,3.76,2.93,1.57,2.72,1.36,9.64,9.79,9.97,10.06,0.83,1.88,2.71,2.82,3.44,3.96,3.34,5.11,3.23,3.96
2019-01-03,600508,9.6,9.56,9.67,9.55,8812,8466298.0,1.25,-0.31,-0.03,0.12,5.13,5.13,4.29,4.29,3.98,3.14,1.78,2.93,1.57,1.36,9.62,9.75,9.93,10.03,2.2,3.03,3.14,3.77,4.29,3.66,5.44,3.56,4.29,5.44
2019-01-04,600508,9.55,9.76,9.77,9.55,20536,19900633.0,2.3,2.09,0.2,0.28,5.13,4.29,4.29,3.98,3.14,1.78,2.93,1.57,1.36,1.26,9.64,9.73,9.91,10.01,0.92,1.02,1.64,2.15,1.54,3.28,1.43,2.15,3.28,2.77
2019-01-07,600508,9.78,9.82,9.85,9.74,15764,15448372.0,1.13,0.61,0.06,0.22,2.26,2.26,1.95,1.13,-0.21,0.92,-0.41,-0.62,-0.72,0.31,9.68,9.71,9.9,9.99,0.41,1.02,1.53,0.92,2.65,0.81,1.53,2.65,2.14,2.14
2019-01-08,600508,9.8,9.82,9.86,9.77,12349,12119788.0,0.92,0.0,0.0,0.17,1.94,1.64,0.82,-0.51,0.61,-0.72,-0.92,-1.02,0.0,0.82,9.71,9.71,9.88,9.98,1.02,1.53,0.92,2.65,0.81,1.53,2.65,2.14,2.14,1.83
2019-01-09,600508,9.84,9.86,9.92,9.82,21942,21677884.0,1.02,0.41,0.04,0.3,1.12,0.31,-1.02,0.1,-1.22,-1.43,-1.53,-0.51,0.31,0.41,9.76,9.7,9.86,9.97,1.12,0.51,2.23,0.41,1.12,2.23,1.72,1.72,1.42,0.51
2019-01-10,600508,9.86,9.88,9.97,9.75,23049,22718769.0,2.23,0.2,0.02,0.32,1.03,-0.31,0.82,-0.51,-0.72,-0.82,0.21,1.03,1.13,1.74,9.83,9.72,9.85,9.96,0.3,2.02,0.2,0.91,2.02,1.52,1.52,1.21,0.3,0.3
2019-01-11,600508,9.87,9.87,9.91,9.83,10911,10766976.0,0.81,-0.1,-0.01,0.15,-1.12,0.0,-1.32,-1.53,-1.63,-0.61,0.2,0.31,0.92,1.42,9.85,9.74,9.84,9.95,2.13,0.3,1.01,2.13,1.62,1.62,1.32,0.41,0.41,0.2
2019-01-14,600508,9.87,9.91,10.08,9.87,22181,22102416.0,2.13,0.41,0.04,0.31,-0.41,-1.72,-1.93,-2.03,-1.01,-0.2,-0.1,0.51,1.01,0.41,9.87,9.77,9.82,9.95,-0.1,0.61,1.72,1.21,1.21,0.91,0.0,0.0,-0.2,-0.1
2019-01-15,600508,9.88,9.89,9.9,9.77,16578,16321509.0,1.31,-0.2,-0.02,0.23,-0.72,-0.92,-1.02,0.0,0.82,0.92,1.54,2.05,1.43,3.17,9.88,9.8,9.82,9.94,0.81,1.92,1.42,1.42,1.11,0.2,0.2,0.0,0.1,-1.01
2019-01-16,600508,9.9,9.95,9.97,9.85,14370,14250284.0,1.21,0.61,0.06,0.2,-1.73,-1.83,-0.81,0.0,0.1,0.71,1.22,0.61,2.34,0.51,9.9,9.83,9.81,9.93,1.31,0.8,0.8,0.5,-0.4,-0.4,-0.6,-0.5,-1.61,-2.11
2019-01-17,600508,9.9,9.94,10.08,9.86,29341,29333212.0,2.21,-0.1,-0.01,0.41,-1.93,-0.91,-0.1,0.0,0.61,1.12,0.51,2.23,0.41,1.12,9.91,9.87,9.81,9.91,0.91,0.91,0.6,-0.3,-0.3,-0.5,-0.4,-1.51,-2.01,-1.81
2019-01-18,600508,9.94,10.01,10.03,9.94,22364,22335436.0,0.91,0.7,0.07,0.31,-1.71,-0.91,-0.8,-0.2,0.3,-0.3,1.41,-0.4,0.3,1.41,9.94,9.9,9.81,9.91,0.2,-0.1,-1.0,-1.0,-1.2,-1.1,-2.2,-2.7,-2.5,-2.4
2019-01-21,600508,10.02,10.01,10.03,9.96,18306,18285826.0,0.7,0.0,0.0,0.25,-1.1,-1.0,-0.4,0.1,-0.5,1.2,-0.6,0.1,1.2,0.7,9.96,9.91,9.81,9.9,-0.1,-1.0,-1.0,-1.2,-1.1,-2.2,-2.7,-2.5,-2.4,-1.2
2019-01-22,600508,10.0,9.85,10.0,9.85,17232,17063096.0,1.5,-1.6,-0.16,0.24,0.1,0.71,1.22,0.61,2.34,0.51,1.22,2.34,1.83,1.83,9.95,9.92,9.81,9.89,0.61,0.61,0.41,0.51,-0.61,-1.12,-0.91,-0.81,0.41,1.62
2019-01-23,600508,9.83,9.86,9.91,9.81,11038,10891152.0,1.02,0.1,0.01,0.15,1.12,1.63,1.02,2.75,0.92,1.63,2.75,2.24,2.24,1.94,9.93,9.92,9.81,9.88,0.51,0.3,0.41,-0.71,-1.22,-1.01,-0.91,0.3,1.52,2.13
2019-01-24,600508,9.89,9.86,9.91,9.83,11129,10978542.0,0.81,0.0,0.0,0.15,1.42,0.81,2.54,0.71,1.42,2.54,2.03,2.03,1.73,0.81,9.92,9.92,9.82,9.87,0.3,0.41,-0.71,-1.22,-1.01,-0.91,0.3,1.52,2.13,2.33
2019-01-25,600508,9.84,9.83,9.89,9.82,13583,13394867.0,0.71,-0.3,-0.03,0.19,0.92,2.65,0.81,1.53,2.65,2.14,2.14,1.83,0.92,0.92,9.88,9.91,9.83,9.86,0.71,-0.41,-0.92,-0.71,-0.61,0.61,1.83,2.44,2.64,2.03
2019-01-28,600508,9.86,9.76,9.9,9.76,15852,15590613.0,1.42,-0.71,-0.07,0.22,3.28,1.43,2.15,3.28,2.77,2.77,2.46,1.54,1.54,1.33,9.83,9.9,9.83,9.85,0.31,-0.2,0.0,0.1,1.33,2.56,3.18,3.38,2.77,4.0
2019-01-29,600508,9.75,9.69,9.79,9.62,17569,17032696.0,1.74,-0.72,-0.07,0.24,2.91,3.64,4.78,4.26,4.26,3.95,3.01,3.01,2.81,2.91,9.8,9.88,9.84,9.84,0.52,0.72,0.83,2.06,3.3,3.92,4.13,3.51,4.75,5.06
2019-01-30,600508,9.62,9.67,9.74,9.62,10149,9837118.0,1.24,-0.21,-0.02,0.14,3.64,4.78,4.26,4.26,3.95,3.01,3.01,2.81,2.91,1.77,9.76,9.85,9.84,9.82,0.93,1.03,2.28,3.52,4.14,4.34,3.72,4.96,5.27,5.27
2019-01-31,600508,9.72,9.62,9.76,9.58,21030,20311639.0,1.86,-0.52,-0.05,0.29,5.22,4.7,4.7,4.38,3.44,3.44,3.24,3.34,2.19,1.67,9.71,9.82,9.84,9.81,1.56,2.81,4.05,4.68,4.89,4.26,5.51,5.82,5.82,6.03
2019-02-01,600508,9.69,9.76,9.77,9.64,19775,19205956.0,1.35,1.46,0.14,0.27,4.05,4.05,3.73,2.8,2.8,2.59,2.7,1.56,1.04,1.24,9.7,9.79,9.84,9.8,1.33,2.56,3.18,3.38,2.77,4.0,4.3,4.3,4.51,4.3
2019-02-11,600508,9.78,9.88,9.89,9.76,22314,21934006.0,1.33,1.23,0.12,0.31,2.77,2.46,1.54,1.54,1.33,1.43,0.31,-0.2,0.0,0.1,9.72,9.78,9.85,9.8,1.32,1.92,2.13,1.52,2.73,3.04,3.04,3.24,3.04,7.49
2019-02-12,600508,9.88,9.96,10.01,9.85,31070,30867329.0,1.62,0.81,0.08,0.43,1.52,0.61,0.61,0.41,0.51,-0.61,-1.12,-0.91,-0.81,0.41,9.78,9.79,9.85,9.8,1.1,1.31,0.7,1.91,2.21,2.21,2.41,2.21,6.63,12.45
2019-02-13,600508,9.99,10.03,10.07,9.92,38611,38616570.0,1.51,0.7,0.07,0.53,-0.1,-0.1,-0.3,-0.2,-1.31,-1.81,-1.61,-1.51,-0.3,0.91,9.85,9.81,9.86,9.81,0.6,0.0,1.2,1.5,1.5,1.69,1.5,5.88,11.67,9.47
2019-02-14,600508,10.03,10.03,10.09,9.97,33040,33125821.0,1.2,0.0,0.0,0.46,-0.6,-0.8,-0.7,-1.81,-2.31,-2.11,-2.01,-0.8,0.4,1.0,9.93,9.82,9.87,9.82,0.0,1.2,1.5,1.5,1.69,1.5,5.88,11.67,9.47,7.28
2019-02-15,600508,10.01,9.93,10.03,9.92,25603,25523223.0,1.1,-1.0,-0.1,0.35,-0.3,-0.2,-1.31,-1.81,-1.61,-1.51,-0.3,0.91,1.51,1.71,9.97,9.83,9.87,9.83,2.22,2.52,2.52,2.72,2.52,6.95,12.79,10.57,8.36,9.26
2019-02-18,600508,9.96,10.14,10.15,9.93,45683,46017362.0,2.22,2.11,0.21,0.63,-0.3,-1.41,-1.91,-1.71,-1.61,-0.4,0.81,1.41,1.61,1.01,10.02,9.87,9.88,9.85,0.39,0.39,0.59,0.39,4.73,10.45,8.28,6.11,7.0,9.07
2019-02-19,600508,10.1,10.09,10.18,10.01,36666,37033176.0,1.68,-0.49,-0.05,0.51,-2.2,-2.7,-2.5,-2.4,-1.2,0.0,0.6,0.8,0.2,1.4,10.04,9.91,9.89,9.86,0.89,1.09,0.89,5.25,11.0,8.82,6.64,7.53,9.61,8.23
2019-02-20,600508,10.09,10.13,10.18,10.05,42256,42794092.0,1.29,0.4,0.04,0.58,-3.08,-2.89,-2.79,-1.59,-0.4,0.2,0.4,-0.2,1.0,1.29,10.06,9.96,9.9,9.88,0.69,0.49,4.84,10.56,8.39,6.22,7.11,9.18,7.8,9.28
2019-02-21,600508,10.11,10.11,10.2,10.08,41472,42027136.0,1.18,-0.2,-0.02,0.57,-3.17,-3.08,-1.88,-0.69,-0.1,0.1,-0.5,0.69,0.99,0.99,10.08,10.01,9.91,9.9,0.69,5.04,10.78,8.61,6.43,7.32,9.4,8.01,9.5,10.98
2019-02-22,600508,10.06,10.18,10.18,10.03,41732,42164326.0,1.48,0.69,0.07,0.58,-2.59,-1.4,-0.2,0.4,0.6,0.0,1.2,1.5,1.5,1.69,10.13,10.05,9.92,9.91,4.32,10.02,7.86,5.7,6.58,8.64,7.27,8.74,10.22,7.17
2019-02-25,600508,10.18,10.61,10.62,10.18,116738,121689373.0,4.32,4.22,0.43,1.62,-2.85,-1.67,-1.08,-0.88,-1.47,-0.29,0.0,0.0,0.2,0.0,10.22,10.12,9.95,9.94,5.56,3.49,1.41,2.26,4.24,2.92,4.34,5.75,2.83,2.64
2019-02-26,600508,10.61,10.8,11.2,10.51,148858,161390251.0,6.5,1.79,0.19,2.06,-4.76,-4.19,-4.0,-4.57,-3.43,-3.14,-3.14,-2.95,-3.14,1.05,10.37,10.21,10.0,9.97,1.67,-0.37,0.46,2.41,1.11,2.5,3.89,1.02,0.83,2.31
2019-02-27,600508,10.74,10.67,10.98,10.62,89936,96828720.0,3.33,-1.2,-0.13,1.24,-5.18,-4.99,-5.56,-4.43,-4.14,-4.14,-3.95,-4.14,0.0,5.46,10.47,10.27,10.04,10.0,0.84,1.69,3.66,2.34,3.75,5.15,2.25,2.06,3.56,3.0
2019-02-28,600508,10.68,10.71,10.76,10.64,47951,51287722.0,1.12,0.37,0.04,0.66,-5.17,-5.73,-4.61,-4.32,-4.32,-4.14,-4.32,-0.19,5.26,3.2,10.59,10.34,10.08,10.02,1.31,3.27,1.96,3.36,4.76,1.87,1.68,3.17,2.61,2.99
2019-03-01,600508,10.76,10.82,10.85,10.66,42801,45993543.0,1.77,1.03,0.11,0.59,-5.91,-4.78,-4.5,-4.5,-4.32,-4.5,-0.38,5.07,3.0,0.94,10.72,10.43,10.13,10.06,2.22,0.92,2.31,3.7,0.83,0.65,2.13,1.57,1.94,2.96
2019-03-04,600508,10.85,10.85,11.06,10.81,109963,120376724.0,2.31,0.28,0.03,1.52,-6.11,-5.83,-5.83,-5.64,-5.83,-1.76,3.61,1.57,-0.46,0.37,10.77,10.5,10.18,10.09,0.65,2.03,3.41,0.55,0.37,1.84,1.29,1.66,2.67,2.21
2019-03-05,600508,10.81,10.91,10.92,10.79,59711,64803478.0,1.2,0.55,0.06,0.83,-5.65,-5.65,-5.47,-5.65,-1.58,3.8,1.76,-0.28,0.56,2.5,10.79,10.58,10.24,10.12,1.47,2.84,0.0,-0.18,1.28,0.73,1.1,2.11,1.65,1.01
2019-03-06,600508,10.91,11.05,11.07,10.9,111262,122304070.0,1.56,1.28,0.14,1.54,-6.61,-6.42,-6.61,-2.57,2.75,0.73,-1.28,-0.46,1.47,0.18,10.87,10.67,10.31,10.16,1.54,-1.27,-1.45,0.0,-0.54,-0.18,0.81,0.36,-0.27,-0.72
2019-03-07,600508,11.08,11.07,11.22,11.0,115922,128543509.0,1.99,0.18,0.02,1.6,-7.27,-7.45,-3.45,1.82,-0.18,-2.18,-1.36,0.55,-0.73,0.64,10.94,10.77,10.39,10.2,-1.45,-1.63,-0.18,-0.72,-0.36,0.63,0.18,-0.45,-0.9,-0.27
2019-03-08,600508,10.9,10.67,10.91,10.58,100968,108806775.0,2.98,-3.61,-0.4,1.4,-3.78,0.38,5.86,3.78,1.7,2.55,4.54,3.21,4.63,6.05,10.91,10.82,10.43,10.22,2.06,3.56,3.0,3.37,4.4,3.94,3.28,2.81,3.47,2.81
2019-03-11,600508,10.63,10.89,10.89,10.63,59078,63778711.0,2.44,2.06,0.22,0.82,-0.09,5.36,3.29,1.22,2.07,4.05,2.73,4.14,5.55,2.63,10.92,10.84,10.48,10.25,1.47,0.92,1.29,2.3,1.84,1.19,0.73,1.38,0.73,-0.46
2019-03-12,600508,10.9,10.94,11.05,10.86,74204,81349560.0,1.74,0.46,0.05,1.03,3.13,1.1,-0.92,-0.09,1.84,0.55,1.93,3.31,0.46,0.28,10.92,10.86,10.53,10.28,0.46,0.82,1.83,1.37,0.73,0.27,0.91,0.27,-0.91,-1.28
2019-03-13,600508,10.96,10.85,10.99,10.81,58683,64076088.0,1.65,-0.82,-0.09,0.81,1.57,-0.46,0.37,2.31,1.02,2.41,3.79,0.93,0.74,2.22,10.88,10.88,10.57,10.32,1.66,2.67,2.21,1.57,1.11,1.75,1.11,-0.09,-0.46,-2.21
2019-03-14,600508,10.88,10.86,11.03,10.8,57484,62633814.0,2.12,0.09,0.01,0.8,-0.37,0.46,2.41,1.11,2.5,3.89,1.02,0.83,2.31,1.76,10.84,10.89,10.61,10.35,2.58,2.12,1.47,1.01,1.66,1.01,-0.18,-0.55,-2.3,-2.76
2019-03-15,600508,10.87,11.09,11.14,10.87,101863,112387594.0,2.49,2.12,0.23,1.41,-0.18,1.75,0.46,1.84,3.22,0.37,0.18,1.66,1.1,1.47,10.93,10.92,10.67,10.39,0.0,-0.63,-1.08,-0.45,-1.08,-2.25,-2.61,-4.33,-4.78,-3.7
2019-03-18,600508,10.92,11.05,11.09,10.78,152308,166080794.0,2.8,-0.36,-0.04,2.11,2.6,1.3,2.69,4.08,1.21,1.02,2.5,1.95,2.32,3.34,10.96,10.94,10.72,10.44,-0.27,-0.72,-0.09,-0.72,-1.9,-2.26,-3.98,-4.43,-3.35,-1.27
2019-03-19,600508,11.0,10.89,11.02,10.85,80339,87737130.0,1.54,-1.45,-0.16,1.11,0.65,2.03,3.41,0.55,0.37,1.84,1.29,1.66,2.67,2.21,10.95,10.94,10.76,10.48,0.73,1.38,0.73,-0.46,-0.83,-2.57,-3.03,-1.93,0.18,0.46
2019-03-20,600508,10.89,10.92,10.97,10.81,61798,67299755.0,1.47,0.28,0.03,0.86,2.41,3.79,0.93,0.74,2.22,1.67,2.04,3.05,2.59,1.94,10.96,10.92,10.8,10.52,1.1,0.46,-0.73,-1.1,-2.84,-3.3,-2.2,-0.09,0.18,0.73
2019-03-21,600508,10.88,10.94,11.04,10.86,80398,88009470.0,1.65,0.18,0.02,1.11,3.31,0.46,0.28,1.75,1.2,1.57,2.58,2.12,1.47,1.01,10.98,10.91,10.84,10.56,0.27,-0.91,-1.28,-3.02,-3.47,-2.38,-0.27,0.0,0.55,2.56
2019-03-22,600508,10.9,10.92,10.97,10.81,51764,56341209.0,1.46,-0.18,-0.02,0.72,0.93,0.74,2.22,1.67,2.04,3.05,2.59,1.94,1.48,2.13,10.94,10.94,10.88,10.6,-0.73,-1.1,-2.84,-3.3,-2.2,-0.09,0.18,0.73,2.75,4.85
2019-03-25,600508,10.8,10.74,10.84,10.73,54756,59102817.0,1.01,-1.65,-0.18,0.76,1.49,2.98,2.42,2.8,3.82,3.36,2.7,2.24,2.89,2.24,10.88,10.92,10.88,10.63,0.56,-1.21,-1.68,-0.56,1.58,1.86,2.42,4.47,6.61,4.28
2019-03-26,600508,10.74,10.53,10.8,10.5,50383,53693998.0,2.79,-1.96,-0.21,0.7,5.24,4.67,5.05,6.1,5.62,4.95,4.48,5.14,4.48,3.24,10.81,10.88,10.87,10.65,0.76,0.28,1.42,3.61,3.89,4.46,6.55,8.74,6.36,5.7
2019-03-27,600508,10.59,10.57,10.61,10.48,34285,36158853.0,1.23,0.38,0.04,0.47,4.87,5.25,6.3,5.82,5.15,4.68,5.34,4.68,3.44,3.05,10.74,10.85,10.86,10.67,-0.09,1.04,3.22,3.5,4.07,6.15,8.33,5.96,5.3,6.72
2019-03-28,600508,10.56,10.41,10.56,10.37,39147,41021610.0,1.8,-1.51,-0.16,0.54,6.36,7.43,6.94,6.27,5.79,6.46,5.79,4.53,4.15,2.31,10.63,10.81,10.85,10.68,2.59,4.8,5.09,5.67,7.78,9.99,7.59,6.92,8.36,5.96
2019-03-29,600508,10.44,10.67,10.68,10.37,55902,59170509.0,2.98,2.5,0.26,0.77,7.43,6.94,6.27,5.79,6.46,5.79,4.53,4.15,2.31,1.83,10.58,10.76,10.84,10.7,2.25,2.53,3.09,5.15,7.31,4.97,4.31,5.72,3.37,4.5
2019-04-01,600508,10.67,10.89,10.91,10.66,88660,95961754.0,2.34,2.06,0.22,1.23,4.03,3.38,2.91,3.56,2.91,1.69,1.31,-0.47,-0.94,0.19,10.61,10.75,10.84,10.73,0.46,1.01,3.03,5.14,2.85,2.2,3.58,1.29,2.39,1.65
2019-04-02,600508,10.91,10.85,10.94,10.8,76691,83397994.0,1.29,-0.37,-0.04,1.06,2.04,1.57,2.22,1.57,0.37,0.0,-1.76,-2.22,-1.11,1.02,10.68,10.74,10.84,10.75,1.38,3.41,5.53,3.23,2.58,3.96,1.66,2.76,2.03,2.76
2019-04-03,600508,10.85,10.99,11.0,10.79,99995,109331141.0,1.94,1.29,0.14,1.38,1.67,2.32,1.67,0.46,0.09,-1.67,-2.13,-1.02,1.11,1.39,10.76,10.75,10.84,10.78,2.09,4.19,1.91,1.27,2.64,0.36,1.46,0.73,1.46,0.64
2019-04-04,600508,11.01,11.13,11.22,10.99,117840,130798083.0,2.09,1.27,0.14,1.63,0.45,-0.18,-1.36,-1.73,-3.46,-3.91,-2.82,-0.73,-0.45,0.09,10.91,10.77,10.84,10.82,2.88,0.63,0.0,1.35,-0.9,0.18,-0.54,0.18,-0.63,1.8
2019-04-08,600508,11.25,11.17,11.45,11.04,149351,168381749.0,3.68,0.36,0.04,2.07,-0.63,-1.81,-2.17,-3.89,-4.35,-3.26,-1.18,-0.91,-0.36,1.63,11.01,10.8,10.86,10.85,0.27,-0.36,0.98,-1.25,-0.18,-0.9,-0.18,-0.98,1.43,0.72
2019-04-09,600508,11.19,11.08,11.2,10.99,80460,89134100.0,1.88,-0.81,-0.09,1.11,-1.36,-1.73,-3.46,-3.91,-2.82,-0.73,-0.45,0.09,2.09,4.19,11.04,10.83,10.87,10.86,0.45,1.81,-0.45,0.63,-0.09,0.63,-0.18,2.26,1.53,-0.72
2019-04-10,600508,11.08,11.08,11.13,10.95,53588,59060250.0,1.62,0.0,0.0,0.74,-1.37,-3.11,-3.56,-2.47,-0.37,-0.09,0.46,2.47,4.57,2.28,11.09,10.88,10.88,10.87,1.81,-0.45,0.63,-0.09,0.63,-0.18,2.26,1.53,-0.72,-1.53
2019-04-11,600508,11.05,11.05,11.28,10.96,68174,75594006.0,2.89,-0.27,-0.03,0.94,-3.19,-3.65,-2.55,-0.46,-0.18,0.36,2.37,4.47,2.19,1.55,11.1,10.93,10.89,10.89,-0.18,0.9,0.18,0.9,0.09,2.53,1.81,-0.45,-1.27,-1.72
2019-04-12,600508,10.94,10.98,11.03,10.9,47735,52234356.0,1.18,-0.63,-0.07,0.66,-3.12,-2.02,0.09,0.37,0.92,2.94,5.05,2.75,2.11,3.49,11.07,10.99,10.9,10.9,1.55,0.82,1.55,0.73,3.19,2.46,0.18,-0.64,-1.09,-3.19
2019-04-15,600508,11.09,10.88,11.15,10.85,66740,73652335.0,2.73,-0.91,-0.1,0.92,-1.57,0.55,0.83,1.38,3.41,5.53,3.23,2.58,3.96,1.66,11.01,11.01,10.89,10.9,1.75,2.48,1.65,4.14,3.4,1.1,0.28,-0.18,-2.3,-3.22
2019-04-16,600508,10.8,11.04,11.07,10.76,66871,73088389.0,2.85,1.47,0.16,0.93,1.39,1.67,2.23,4.28,6.41,4.09,3.44,4.83,2.51,3.62,11.01,11.03,10.89,10.9,1.0,0.18,2.63,1.9,-0.36,-1.18,-1.63,-3.71,-4.62,-4.89
2019-04-17,600508,11.01,11.08,11.15,10.94,111079,122532645.0,1.9,0.36,0.04,1.54,0.0,0.55,2.56,4.66,2.38,1.74,3.11,0.82,1.92,1.19,11.01,11.05,10.9,10.91,-0.18,2.26,1.53,-0.72,-1.53,-1.99,-4.06,-4.96,-5.23,-6.41
2019-04-18,600508,11.04,10.96,11.06,10.95,52187,57400364.0,0.99,-1.08,-0.12,0.72,0.46,2.47,4.57,2.28,1.64,3.01,0.73,1.83,1.1,1.83,10.99,11.05,10.9,10.91,3.38,2.65,0.36,-0.46,-0.91,-3.01,-3.92,-4.2,-5.38,-8.03
2019-04-19,600508,10.95,11.24,11.33,10.92,107329,119365095.0,3.74,2.55,0.28,1.49,2.75,4.85,2.56,1.92,3.3,1.01,2.11,1.37,2.11,1.28,11.04,11.06,10.91,10.91,0.09,-2.14,-2.94,-3.38,-5.43,-6.32,-6.58,-7.74,-10.32,-10.77
2019-04-22,600508,11.24,10.93,11.25,10.9,106392,117568018.0,3.11,-2.76,-0.31,1.47,5.05,2.75,2.11,3.49,1.19,2.29,1.56,2.29,1.47,3.94,11.05,11.03,10.91,10.92,0.64,-0.18,-0.64,-2.74,-3.66,-3.93,-5.12,-7.78,-8.23,-8.78
2019-04-23,600508,10.91,10.81,11.0,10.8,58213,63426829.0,1.83,-1.1,-0.12,0.81,3.7,3.06,4.44,2.13,3.24,2.5,3.24,2.41,4.91,4.17,11.0,11.01,10.92,10.92,0.93,0.46,-1.67,-2.59,-2.87,-4.07,-6.75,-7.22,-7.77,-6.11
2019-04-24,600508,10.83,10.89,10.91,10.73,50257,54463377.0,1.67,0.74,0.08,0.7,3.73,5.13,2.8,3.91,3.17,3.91,3.08,5.59,4.85,2.52,10.97,10.99,10.94,10.92,-0.28,-2.39,-3.31,-3.58,-4.78,-7.44,-7.9,-8.45,-6.8,-7.53
2019-04-25,600508,10.86,10.58,10.86,10.56,57260,61396643.0,2.75,-2.85,-0.31,0.79,6.82,4.45,5.59,4.83,5.59,4.73,7.29,6.53,4.17,3.31,10.89,10.94,10.94,10.91,0.47,-0.47,-0.76,-1.98,-4.73,-5.2,-5.77,-4.06,-4.82,-5.39
2019-04-26,600508,10.58,10.49,10.63,10.46,45473,47886210.0,1.61,-0.85,-0.09,0.63,5.45,6.6,5.83,6.6,5.74,8.32,7.55,5.16,4.3,3.82,10.74,10.89,10.94,10.89,0.38,0.1,-1.14,-3.91,-4.39,-4.96,-3.24,-4.0,-4.58,-3.34
2019-04-29,600508,10.51,10.35,10.53,10.33,45043,46938687.0,1.91,-1.33,-0.14,0.62,7.94,7.16,7.94,7.07,9.68,8.91,6.49,5.61,5.13,2.9,10.62,10.84,10.92,10.87,1.45,0.19,-2.61,-3.09,-3.67,-1.93,-2.71,-3.29,-2.03,-1.64
2019-04-30,600508,10.37,10.45,10.5,10.32,26154,27288472.0,1.74,0.97,0.1,0.36,7.27,8.04,7.17,9.79,9.01,6.59,5.72,5.23,3.0,2.03,10.55,10.78,10.9,10.85,-0.77,-3.54,-4.02,-4.59,-2.87,-3.64,-4.21,-2.97,-2.58,-2.78
2019-05-06,600508,10.37,9.94,10.37,9.85,56244,56647550.0,4.98,-4.88,-0.51,0.78,13.2,12.28,15.03,14.21,11.68,10.76,10.25,7.92,6.9,6.6,10.36,10.66,10.86,10.82,1.41,0.91,0.3,2.11,1.31,0.7,2.01,2.41,2.21,0.5
2019-05-07,600508,9.97,10.02,10.08,9.88,28167,28188169.0,2.01,0.8,0.08,0.39,11.94,14.68,13.87,11.34,10.43,9.92,7.59,6.58,6.28,4.96,10.25,10.57,10.81,10.79,0.1,-0.5,1.3,0.5,-0.1,1.2,1.6,1.4,-0.3,0.2
2019-05-08,600508,9.9,9.95,10.03,9.8,31779,31573183.0,2.3,-0.7,-0.07,0.44,15.61,14.8,12.24,11.33,10.82,8.47,7.45,7.14,5.82,2.86,10.14,10.44,10.75,10.76,0.2,2.01,1.21,0.6,1.91,2.31,2.11,0.4,0.9,0.9
2019-05-09,600508,9.9,9.94,9.97,9.89,19717,19584561.0,0.8,-0.1,-0.01,0.27,13.75,11.22,10.31,9.81,7.48,6.47,6.17,4.85,1.92,1.42,10.06,10.34,10.69,10.72,2.11,1.31,0.7,2.01,2.41,2.21,0.5,1.01,1.01,1.41
2019-05-10,600508,9.95,10.11,10.15,9.95,36535,36771308.0,2.01,1.71,0.17,0.51,10.55,9.65,9.15,6.83,5.83,5.53,4.22,1.31,0.8,0.2,9.99,10.27,10.64,10.7,-0.4,-0.99,0.3,0.69,0.49,-1.19,-0.69,-0.69,-0.3,-1.78
2019-05-13,600508,10.06,10.02,10.07,9.98,20331,20365612.0,0.89,-0.89,-0.09,0.28,9.32,8.82,6.51,5.51,5.21,3.91,1.0,0.5,-0.1,1.7,10.01,10.19,10.59,10.68,-0.1,1.2,1.6,1.4,-0.3,0.2,0.2,0.6,-0.9,-0.1
2019-05-14,600508,9.96,9.96,10.01,9.94,15025,14987570.0,0.7,-0.6,-0.06,0.21,9.26,6.94,5.94,5.63,4.33,1.41,0.91,0.3,2.11,1.31,10.0,10.12,10.53,10.66,1.81,2.21,2.01,0.3,0.8,0.8,1.2,-0.3,0.5,0.8
2019-05-15,600508,10.03,10.1,10.14,9.99,23085,23241019.0,1.51,1.41,0.14,0.32,6.41,5.41,5.11,3.8,0.9,0.4,-0.2,1.6,0.8,0.2,10.03,10.08,10.49,10.65,0.79,0.59,-1.09,-0.59,-0.59,-0.2,-1.68,-0.89,-0.59,-0.89
2019-05-16,600508,10.09,10.16,10.18,10.06,24523,24861399.0,1.19,0.59,0.06,0.34,4.67,4.37,3.08,0.2,-0.3,-0.89,0.89,0.1,-0.5,0.8,10.07,10.07,10.45,10.64,0.0,-1.67,-1.18,-1.18,-0.79,-2.26,-1.48,-1.18,-1.48,-1.57
2019-05-17,600508,10.15,9.91,10.16,9.89,26565,26556232.0,2.66,-2.46,-0.25,0.37,6.17,4.85,1.92,1.42,0.81,2.63,1.82,1.21,2.53,2.93,10.03,10.01,10.39,10.6,0.81,1.31,1.31,1.72,0.2,1.01,1.31,1.01,0.91,1.21
2019-05-20,600508,9.9,9.92,9.99,9.82,16197,15989992.0,1.72,0.1,0.01,0.22,5.6,2.65,2.14,1.53,3.36,2.55,1.93,3.26,3.67,3.46,10.01,10.01,10.34,10.57,1.21,1.21,1.61,0.1,0.91,1.21,0.91,0.81,1.11,0.3
2019-05-21,600508,9.93,10.03,10.04,9.91,18942,18929347.0,1.31,1.11,0.11,0.26,1.72,1.21,0.61,2.42,1.61,1.01,2.32,2.72,2.52,0.81,10.02,10.01,10.29,10.54,0.1,0.5,-1.0,-0.2,0.1,-0.2,-0.3,0.0,-0.8,-1.5
2019-05-22,600508,10.04,9.93,10.04,9.92,16540,16492656.0,1.2,-1.0,-0.1,0.23,1.11,0.5,2.32,1.51,0.91,2.22,2.62,2.42,0.71,1.21,9.99,10.01,10.22,10.5,1.51,0.0,0.81,1.11,0.81,0.7,1.01,0.2,-0.5,-0.2
2019-05-23,600508,9.93,9.94,10.08,9.85,26855,26722567.0,2.32,0.1,0.01,0.37,1.22,3.05,2.23,1.62,2.94,3.35,3.15,1.42,1.93,1.93,9.95,10.01,10.17,10.46,-0.1,0.7,1.01,0.7,0.6,0.91,0.1,-0.6,-0.3,-0.8
2019-05-24,600508,9.85,9.89,9.93,9.83,12669,12537438.0,1.01,-0.5,-0.05,0.18,3.26,2.44,1.83,3.15,3.56,3.36,1.63,2.14,2.14,2.54,9.94,9.99,10.13,10.42,1.21,1.52,1.21,1.11,1.42,0.61,-0.1,0.2,-0.3,-1.82
2019-05-27,600508,9.87,10.01,10.01,9.87,19462,19376440.0,1.42,1.21,0.12,0.27,2.03,1.42,2.74,3.14,2.94,1.22,1.72,1.72,2.13,0.61,9.96,9.99,10.08,10.39,0.3,0.0,-0.1,0.2,-0.6,-1.3,-1.0,-1.5,-3.0,-1.0
2019-05-28,600508,10.0,9.97,10.04,9.95,19362,19381231.0,0.9,-0.4,-0.04,0.27,0.6,1.91,2.31,2.11,0.4,0.9,0.9,1.31,-0.2,0.6,9.95,9.99,10.05,10.35,0.4,0.3,0.6,-0.2,-0.9,-0.6,-1.1,-2.61,-0.6,-0.7
2019-05-29,600508,9.96,9.97,10.01,9.93,12918,12877253.0,0.8,0.0,0.0,0.18,2.11,2.52,2.32,0.6,1.11,1.11,1.51,0.0,0.81,1.11,9.96,9.97,10.03,10.32,0.3,0.6,-0.2,-0.9,-0.6,-1.1,-2.61,-0.6,-0.7,-0.9
2019-05-30,600508,9.92,9.98,10.0,9.91,13917,13844074.0,0.9,0.1,0.01,0.19,2.72,2.52,0.81,1.31,1.31,1.72,0.2,1.01,1.31,1.01,9.96,9.96,10.01,10.29,0.5,-0.3,-1.0,-0.7,-1.2,-2.71,-0.7,-0.8,-1.0,-0.9
2019-05-31,600508,9.98,9.92,10.03,9.9,21188,21104194.0,1.3,-0.6,-0.06,0.29,2.63,0.91,1.41,1.41,1.82,0.3,1.11,1.41,1.11,1.01,9.97,9.96,9.98,10.25,0.3,-0.4,-0.1,-0.6,-2.12,-0.1,-0.2,-0.4,-0.3,-0.6
2019-06-03,600508,9.92,9.86,9.95,9.83,20312,20045544.0,1.21,-0.6,-0.06,0.28,1.63,2.14,2.14,2.54,1.02,1.83,2.14,1.83,1.73,2.03,9.94,9.95,9.98,10.21,0.2,0.51,0.0,-1.52,0.51,0.41,0.2,0.3,0.0,0.1
2019-06-04,600508,9.86,9.83,9.88,9.8,11327,11130101.0,0.81,-0.3,-0.03,0.16,2.45,2.45,2.86,1.33,2.14,2.45,2.14,2.04,2.35,1.53,9.91,9.93,9.97,10.17,0.81,0.31,-1.22,0.81,0.71,0.51,0.61,0.31,0.41,1.63
2019-06-05,600508,9.87,9.85,9.91,9.85,12960,12796715.0,0.61,0.2,0.02,0.18,1.93,2.34,0.81,1.62,1.93,1.62,1.52,1.83,1.02,0.3,9.89,9.92,9.96,10.12,0.1,-1.42,0.61,0.51,0.3,0.41,0.1,0.2,1.42,2.34
2019-06-06,600508,9.85,9.66,9.86,9.64,29836,29021969.0,2.23,-1.93,-0.19,0.41,4.56,3.01,3.84,4.15,3.84,3.73,4.05,3.22,2.49,2.8,9.82,9.89,9.95,10.08,0.52,2.59,2.48,2.28,2.38,2.07,2.17,3.42,4.35,2.28
2019-06-10,600508,9.67,9.7,9.71,9.62,19884,19232123.0,0.93,0.41,0.04,0.28,3.22,4.05,4.37,4.05,3.95,4.26,3.43,2.7,3.01,2.49,9.78,9.88,9.93,10.04,2.16,2.06,1.86,1.96,1.65,1.75,2.99,3.92,1.86,1.75
2019-06-11,600508,9.71,9.9,9.91,9.68,29571,29055689.0,2.37,2.06,0.2,0.41,3.41,3.72,3.41,3.31,3.62,2.79,2.07,2.38,1.86,0.31,9.79,9.86,9.92,10.01,0.0,-0.2,-0.1,-0.4,-0.3,0.91,1.82,-0.2,-0.3,-0.71
2019-06-12,600508,9.9,9.81,9.9,9.8,23347,22961065.0,1.01,-0.91,-0.09,0.32,2.45,2.14,2.04,2.35,1.53,0.82,1.12,0.61,-0.92,1.12,9.78,9.85,9.92,9.99,0.71,0.82,0.51,0.61,1.83,2.75,0.71,0.61,0.2,-0.41
2019-06-13,600508,9.82,9.86,9.88,9.81,17061,16791200.0,0.71,0.51,0.05,0.24,2.04,1.94,2.24,1.43,0.71,1.02,0.51,-1.02,1.02,0.92,9.79,9.84,9.9,9.96,0.3,0.0,0.1,1.32,2.23,0.2,0.1,-0.3,-0.91,-0.51
2019-06-14,600508,9.86,9.8,9.89,9.78,14560,14323920.0,1.12,-0.61,-0.06,0.2,2.25,2.56,1.74,1.02,1.33,0.82,-0.72,1.33,1.23,1.02,9.81,9.82,9.89,9.95,0.61,0.71,1.94,2.86,0.82,0.71,0.31,-0.31,0.1,-0.31
2019-06-17,600508,9.83,9.84,9.86,9.79,13834,13592255.0,0.71,0.41,0.04,0.19,2.45,1.63,0.92,1.23,0.72,-0.82,1.23,1.12,0.92,1.02,9.84,9.81,9.88,9.93,0.3,1.52,2.44,0.41,0.3,-0.1,-0.71,-0.3,-0.71,-0.1
2019-06-18,600508,9.85,9.87,9.87,9.8,15763,15518990.0,0.71,0.3,0.03,0.22,1.53,0.82,1.12,0.61,-0.92,1.12,1.02,0.82,0.92,0.61,9.84,9.81,9.88,9.92,1.22,2.13,0.1,0.0,-0.41,-1.01,-0.61,-1.01,-0.41,-0.41
2019-06-19,600508,9.93,9.95,9.99,9.92,23611,23488175.0,0.71,0.81,0.08,0.33,-0.4,-0.1,-0.6,-2.12,-0.1,-0.2,-0.4,-0.3,-0.6,-0.5,9.86,9.82,9.88,9.92,1.31,-0.7,-0.8,-1.21,-1.81,-1.41,-1.81,-1.21,-1.21,-1.71
2019-06-20,600508,9.93,10.08,10.08,9.9,37730,37813943.0,1.81,1.31,0.13,0.52,0.1,-0.4,-1.92,0.1,0.0,-0.2,-0.1,-0.4,-0.3,0.91,9.91,9.85,9.88,9.93,-1.98,-2.08,-2.48,-3.08,-2.68,-3.08,-2.48,-2.48,-2.98,-3.37
2019-06-21,600508,9.88,9.81,9.88,9.78,37451,36730755.0,0.99,-2.68,-0.27,0.52,0.82,-0.72,1.33,1.23,1.02,1.12,0.82,0.92,2.15,3.07,9.91,9.86,9.88,9.92,0.61,0.2,-0.41,0.0,-0.41,0.2,0.2,-0.31,-0.71,-0.61
2019-06-24,600508,9.81,9.84,9.87,9.75,26266,25778458.0,1.22,0.31,0.03,0.36,-0.41,1.64,1.54,1.33,1.44,1.13,1.23,2.46,3.38,1.33,9.91,9.88,9.88,9.91,-0.1,-0.71,-0.3,-0.71,-0.1,-0.1,-0.61,-1.02,-0.91,-1.02
2019-06-25,600508,9.83,9.74,9.83,9.7,28200,27458118.0,1.32,-1.02,-0.1,0.39,2.16,2.06,1.86,1.96,1.65,1.75,2.99,3.92,1.86,1.75,9.88,9.86,9.86,9.9,0.31,0.72,0.31,0.92,0.92,0.41,0.0,0.1,0.0,-2.16
2019-06-26,600508,9.74,9.76,9.77,9.71,19136,18627700.0,0.62,0.21,0.02,0.26,1.96,1.75,1.85,1.54,1.65,2.88,3.81,1.75,1.65,1.24,9.85,9.86,9.85,9.9,0.51,0.1,0.72,0.72,0.2,-0.2,-0.1,-0.2,-2.36,-2.87
2019-06-27,600508,9.75,9.77,9.81,9.74,18487,18071222.0,0.72,0.1,0.01,0.26,1.44,1.54,1.23,1.33,2.57,3.49,1.44,1.33,0.92,0.31,9.78,9.85,9.84,9.89,0.0,0.61,0.61,0.1,-0.31,-0.2,-0.31,-2.46,-2.97,-2.87
2019-06-28,600508,9.77,9.69,9.77,9.65,15704,15221272.0,1.23,-0.82,-0.08,0.22,2.49,2.18,2.28,3.52,4.46,2.38,2.28,1.87,1.24,1.66,9.76,9.84,9.83,9.87,1.44,1.44,0.93,0.52,0.62,0.52,-1.65,-2.17,-2.06,-2.06
2019-07-01,600508,9.76,9.82,9.83,9.76,34751,34050275.0,0.72,1.34,0.13,0.48,1.02,1.13,2.36,3.28,1.23,1.13,0.72,0.1,0.51,0.1,9.76,9.83,9.82,9.87,0.1,-0.41,-0.81,-0.71,-0.81,-2.95,-3.46,-3.36,-3.36,-2.55
2019-07-02,600508,9.83,9.79,9.83,9.74,24195,23663077.0,0.92,-0.31,-0.03,0.33,1.33,2.57,3.49,1.44,1.33,0.92,0.31,0.72,0.31,0.92,9.77,9.83,9.82,9.86,-0.1,-0.51,-0.41,-0.51,-2.66,-3.17,-3.06,-3.06,-2.25,-2.45
2019-07-03,600508,9.78,9.71,9.78,9.69,24484,23783910.0,0.92,-0.82,-0.08,0.34,3.1,4.02,1.96,1.86,1.44,0.83,1.24,0.83,1.44,1.44,9.76,9.8,9.81,9.85,0.31,0.41,0.31,-1.85,-2.37,-2.27,-2.27,-1.44,-1.65,-1.54
2019-07-04,600508,9.71,9.71,9.74,9.69,23112,22454955.0,0.51,0.0,0.0,0.32,4.02,1.96,1.86,1.44,0.83,1.24,0.83,1.44,1.44,0.93,9.74,9.76,9.81,9.84,0.41,0.31,-1.85,-2.37,-2.27,-2.27,-1.44,-1.65,-1.54,-2.57
2019-07-05,600508,9.7,9.74,9.75,9.68,20931,20352420.0,0.72,0.31,0.03,0.29,2.07,1.96,1.55,0.93,1.34,0.93,1.55,1.55,1.03,0.62,9.75,9.76,9.81,9.84,0.0,-2.16,-2.67,-2.57,-2.57,-1.75,-1.95,-1.85,-2.87,-2.26
2019-07-08,600508,9.74,9.51,9.74,9.51,34991,33559719.0,2.36,-2.36,-0.23,0.48,3.79,3.36,2.73,3.15,2.73,3.36,3.36,2.84,2.42,2.52,9.69,9.72,9.8,9.82,0.21,-0.32,-0.21,-0.21,0.63,0.42,0.53,-0.53,0.11,-0.21
2019-07-09,600508,9.5,9.46,9.53,9.44,23223,21995466.0,0.95,-0.53,-0.05,0.32,4.13,3.5,3.92,3.5,4.13,4.13,3.6,3.18,3.28,3.18,9.63,9.7,9.78,9.81,0.21,0.32,0.32,1.16,0.95,1.06,0.0,0.63,0.32,-0.95
2019-07-10,600508,9.48,9.42,9.48,9.41,14194,13403224.0,0.74,-0.42,-0.04,0.2,3.83,4.25,3.83,4.46,4.46,3.93,3.51,3.61,3.51,1.28,9.57,9.66,9.76,9.79,0.74,0.74,1.59,1.38,1.49,0.42,1.06,0.74,-0.53,0.85
2019-07-11,600508,9.42,9.42,9.49,9.41,17427,16462033.0,0.85,0.0,0.0,0.24,4.25,3.83,4.46,4.46,3.93,3.51,3.61,3.51,1.28,0.74,9.51,9.63,9.74,9.77,0.74,1.59,1.38,1.49,0.42,1.06,0.74,-0.53,0.85,0.42
2019-07-12,600508,9.44,9.47,9.49,9.4,11631,10994971.0,0.96,0.53,0.05,0.16,3.94,4.57,4.57,4.04,3.62,3.72,3.62,1.38,0.85,0.96,9.46,9.61,9.72,9.75,1.06,0.84,0.95,-0.11,0.53,0.21,-1.06,0.32,-0.11,0.0
2019-07-15,600508,9.47,9.55,9.57,9.4,16437,15604547.0,1.8,0.84,0.08,0.23,4.57,4.57,4.04,3.62,3.72,3.62,1.38,0.85,0.96,0.96,9.46,9.58,9.71,9.74,0.0,0.1,-0.94,-0.31,-0.63,-1.88,-0.52,-0.94,-0.84,-0.63
2019-07-16,600508,9.53,9.53,9.55,9.48,12649,12049525.0,0.73,-0.21,-0.02,0.18,3.69,3.16,2.74,2.85,2.74,0.53,0.0,0.11,0.11,0.95,9.48,9.55,9.69,9.73,0.31,-0.73,-0.1,-0.42,-1.68,-0.31,-0.73,-0.63,-0.42,-0.21
2019-07-17,600508,9.51,9.49,9.56,9.49,13425,12793718.0,0.73,-0.42,-0.04,0.19,3.06,2.63,2.74,2.63,0.42,-0.11,0.0,0.0,0.84,0.63,9.49,9.53,9.67,9.72,-0.32,0.32,0.0,-1.26,0.11,-0.32,-0.21,0.0,0.21,0.0
2019-07-18,600508,9.44,9.42,9.46,9.4,14817,13958645.0,0.63,-0.74,-0.07,0.21,3.62,3.72,3.62,1.38,0.85,0.96,0.96,1.81,1.6,1.7,9.49,9.5,9.63,9.7,1.06,0.74,-0.53,0.85,0.42,0.53,0.74,0.96,0.74,0.21
2019-07-19,600508,9.42,9.45,9.52,9.42,16048,15205769.0,1.06,0.32,0.03,0.22,3.5,3.4,1.17,0.64,0.74,0.74,1.59,1.38,1.49,0.42,9.49,9.47,9.61,9.7,0.42,-0.85,0.53,0.11,0.21,0.42,0.63,0.42,-0.11,-1.16
2019-07-22,600508,9.45,9.33,9.49,9.32,22010,20621108.0,1.8,-1.27,-0.12,0.3,4.51,2.25,1.72,1.82,1.82,2.68,2.47,2.58,1.5,2.15,9.44,9.45,9.59,9.68,0.43,1.82,1.39,1.5,1.71,1.93,1.71,1.18,0.11,-1.07
2019-07-23,600508,9.35,9.37,9.37,9.31,8221,7679761.0,0.64,0.43,0.04,0.11,2.36,1.83,1.93,1.93,2.79,2.58,2.69,1.61,2.26,1.93,9.41,9.45,9.57,9.67,1.39,0.96,1.07,1.28,1.49,1.28,0.75,-0.32,-1.49,-2.88
2019-07-24,600508,9.36,9.42,9.5,9.36,16202,15281756.0,1.49,0.53,0.05,0.22,1.28,1.39,1.39,2.24,2.03,2.14,1.07,1.71,1.39,0.11,9.4,9.45,9.55,9.65,0.42,0.53,0.74,0.96,0.74,0.21,-0.85,-2.02,-3.4,-5.2
2019-07-25,600508,9.42,9.45,9.46,9.38,10604,9994813.0,0.85,0.32,0.03,0.15,1.17,1.17,2.03,1.81,1.92,0.85,1.49,1.17,-0.11,1.28,9.4,9.45,9.54,9.64,0.21,0.42,0.63,0.42,-0.11,-1.16,-2.33,-3.7,-5.5,-5.4
2019-07-26,600508,9.42,9.47,9.47,9.39,8862,8369443.0,0.85,0.21,0.02,0.12,1.06,1.92,1.7,1.81,0.75,1.38,1.06,-0.21,1.17,0.75,9.41,9.45,9.53,9.63,0.21,0.42,0.21,-0.32,-1.37,-2.53,-3.91,-5.7,-5.6,-5.49
2019-07-29,600508,9.45,9.44,9.49,9.42,8554,8068331.0,0.74,-0.32,-0.03,0.12,1.59,1.38,1.49,0.42,1.06,0.74,-0.53,0.85,0.42,0.53,9.43,9.44,9.51,9.62,0.74,0.53,0.0,-1.06,-2.22,-3.6,-5.4,-5.3,-5.19,-4.98
2019-07-30,600508,9.41,9.48,9.51,9.41,12303,11665464.0,1.06,0.42,0.04,0.17,1.49,1.59,0.53,1.17,0.85,-0.43,0.96,0.53,0.64,0.85,9.45,9.43,9.49,9.6,0.11,-0.42,-1.48,-2.64,-4.01,-5.8,-5.7,-5.59,-5.38,-5.59
2019-07-31,600508,9.49,9.42,9.49,9.39,10404,9801941.0,1.05,-0.63,-0.06,0.14,1.81,0.75,1.38,1.06,-0.21,1.17,0.75,0.85,1.06,1.28,9.45,9.43,9.48,9.59,0.21,-0.85,-2.02,-3.4,-5.2,-5.1,-4.99,-4.78,-4.99,-4.35
2019-08-01,600508,9.4,9.39,9.44,9.35,11420,10723736.0,0.96,-0.32,-0.03,0.16,1.18,1.82,1.5,0.21,1.6,1.18,1.28,1.5,1.71,1.5,9.44,9.42,9.46,9.56,-0.53,-1.7,-3.09,-4.9,-4.79,-4.69,-4.47,-4.69,-4.05,-4.9
2019-08-02,600508,9.3,9.21,9.34,9.2,26362,24398208.0,1.49,-1.92,-0.18,0.36,3.48,3.15,1.85,3.26,2.83,2.93,3.15,3.37,3.15,2.61,9.39,9.4,9.43,9.54,0.22,-1.19,-3.04,-2.93,-2.82,-2.61,-2.82,-2.17,-3.04,-2.71
2019-08-05,600508,9.23,9.14,9.23,9.13,14897,13669931.0,1.09,-0.76,-0.07,0.21,3.94,2.63,4.05,3.61,3.72,3.94,4.16,3.94,3.4,2.3,9.33,9.38,9.42,9.52,-0.44,-2.3,-2.19,-2.08,-1.86,-2.08,-1.42,-2.3,-1.97,-0.98
2019-08-06,600508,9.01,8.87,9.1,8.81,28487,25387886.0,3.17,-2.95,-0.27,0.39,6.36,7.83,7.38,7.49,7.72,7.95,7.72,7.15,6.02,4.77,9.21,9.33,9.39,9.49,0.68,0.79,0.9,1.13,0.9,1.58,0.68,1.01,2.03,2.93
2019-08-07,600508,8.89,8.88,8.93,8.87,10327,9177809.0,0.68,0.11,0.01,0.14,7.1,6.65,6.76,6.99,7.22,6.99,6.43,5.3,4.06,2.59,9.1,9.28,9.36,9.46,0.68,0.79,1.01,0.79,1.46,0.56,0.9,1.91,2.82,2.36
2019-08-08,600508,8.92,8.91,8.94,8.88,7180,6391171.0,0.68,0.34,0.03,0.1,6.53,6.64,6.87,7.09,6.87,6.31,5.18,3.94,2.48,0.56,9.0,9.22,9.33,9.43,0.45,0.67,0.45,1.12,0.22,0.56,1.57,2.47,2.02,1.91
2019-08-09,600508,8.94,8.86,8.95,8.85,8202,7303163.0,1.12,-0.56,-0.05,0.11,7.01,7.23,7.46,7.23,6.67,5.54,4.29,2.82,0.9,1.02,8.93,9.16,9.3,9.4,1.24,1.02,1.69,0.79,1.13,2.14,3.05,2.6,2.48,2.03
2019-08-12,600508,8.89,8.97,8.97,8.88,10034,8963319.0,1.02,1.24,0.11,0.14,6.87,7.09,6.87,6.31,5.18,3.94,2.48,0.56,0.68,0.79,8.9,9.11,9.27,9.38,-0.22,0.45,-0.45,-0.11,0.89,1.78,1.34,1.23,0.78,-0.56
2019-08-13,600508,8.88,8.92,8.95,8.87,5476,4879813.0,0.89,-0.56,-0.05,0.08,7.22,6.99,6.43,5.3,4.06,2.59,0.68,0.79,0.9,1.13,8.91,9.06,9.24,9.35,1.01,0.11,0.45,1.46,2.35,1.91,1.79,1.35,0.0,1.79
2019-08-14,600508,8.97,8.94,9.01,8.94,7943,7129090.0,0.78,0.22,0.02,0.11,6.15,5.59,4.47,3.24,1.79,-0.11,0.0,0.11,0.34,0.11,8.92,9.01,9.22,9.32,-0.11,0.22,1.23,2.13,1.68,1.57,1.12,-0.22,1.57,1.34
2019-08-15,600508,8.81,8.89,8.93,8.79,9079,8039712.0,1.57,-0.56,-0.05,0.13,7.39,6.26,5.01,3.53,1.59,1.71,1.82,2.05,1.82,2.5,8.92,8.96,9.19,9.29,0.79,1.8,2.7,2.25,2.14,1.69,0.34,2.14,1.91,1.91
2019-08-16,600508,8.93,8.9,8.96,8.85,9705,8659605.0,1.24,0.11,0.01,0.13,5.54,4.29,2.82,0.9,1.02,1.13,1.36,1.13,1.81,0.9,8.92,8.93,9.16,9.27,1.69,2.58,2.13,2.02,1.57,0.22,2.02,1.8,1.8,1.8
2019-08-19,600508,8.98,9.05,9.05,8.9,21308,19112949.0,1.69,1.69,0.15,0.29,3.71,2.25,0.34,0.45,0.56,0.79,0.56,1.24,0.34,0.67,8.94,8.92,9.15,9.25,0.88,0.44,0.33,-0.11,-1.44,0.33,0.11,0.11,0.11,1.44
2019-08-20,600508,9.04,9.07,9.13,9.01,21852,19850172.0,1.33,0.22,0.02,0.3,1.0,-0.89,-0.78,-0.67,-0.44,-0.67,0.0,-0.89,-0.55,0.44,8.97,8.94,9.13,9.24,0.22,0.11,-0.33,-1.65,0.11,-0.11,-0.11,-0.11,1.21,1.65
2019-08-21,600508,9.07,9.04,9.09,9.01,12574,11381619.0,0.88,-0.33,-0.03,0.17,-0.89,-0.78,-0.67,-0.44,-0.67,0.0,-0.89,-0.55,0.44,1.33,8.99,8.96,9.11,9.22,0.44,0.0,-1.33,0.44,0.22,0.22,0.22,1.55,1.99,2.1
2019-08-22,600508,9.08,9.03,9.08,8.99,10450,9429396.0,1.0,-0.11,-0.01,0.14,-0.56,-0.44,-0.22,-0.44,0.22,-0.67,-0.33,0.67,1.56,1.11,9.02,8.97,9.09,9.21,0.11,-1.22,0.55,0.33,0.33,0.33,1.66,2.1,2.21,3.65
2019-08-23,600508,9.03,9.0,9.04,8.99,10433,9396907.0,0.55,-0.33,-0.03,0.14,-0.44,-0.22,-0.44,0.22,-0.67,-0.33,0.67,1.56,1.11,1.0,9.04,8.98,9.07,9.2,-0.89,0.89,0.67,0.67,0.67,2.0,2.44,2.56,4.0,2.89
2019-08-26,600508,8.88,8.88,8.92,8.83,23161,20577919.0,1.0,-1.33,-0.12,0.32,1.59,1.36,2.04,1.13,1.47,2.49,3.4,2.94,2.83,2.38,9.0,8.97,9.04,9.17,2.25,2.03,2.03,2.03,3.38,3.83,3.94,5.41,4.28,4.84
2019-08-27,600508,8.9,9.0,9.08,8.89,21700,19526203.0,2.14,1.35,0.12,0.3,0.67,1.35,0.45,0.79,1.8,2.7,2.25,2.14,1.69,0.34,8.99,8.98,9.02,9.16,0.67,0.67,0.67,2.0,2.44,2.56,4.0,2.89,3.44,3.78
2019-08-28,600508,9.02,9.02,9.06,8.95,29931,26963213.0,1.22,0.22,0.02,0.41,0.67,-0.22,0.11,1.12,2.01,1.56,1.45,1.01,-0.34,1.45,8.99,8.99,9.0,9.14,0.44,0.44,1.77,2.22,2.33,3.77,2.66,3.22,3.55,3.88
2019-08-29,600508,9.03,9.01,9.06,9.0,21971,19846849.0,0.67,-0.11,-0.01,0.3,-0.78,-0.44,0.56,1.44,1.0,0.89,0.44,-0.89,0.89,0.67,8.98,9.0,8.98,9.13,0.55,1.89,2.33,2.44,3.88,2.77,3.33,3.66,4.0,4.11
2019-08-30,600508,9.06,8.92,9.06,8.92,18736,16826952.0,1.55,-1.0,-0.09,0.26,0.45,1.46,2.35,1.91,1.79,1.35,0.0,1.79,1.57,1.57,8.97,9.0,8.96,9.11,2.91,3.36,3.48,4.93,3.81,4.37,4.71,5.04,5.16,6.28
2019-09-02,600508,8.95,9.16,9.18,8.93,33838,30810101.0,2.8,2.69,0.24,0.47,1.34,2.24,1.79,1.68,1.23,-0.11,1.68,1.46,1.46,1.46,9.02,9.01,8.97,9.1,0.66,0.76,2.18,1.09,1.64,1.97,2.29,2.4,3.49,2.73
2019-09-03,600508,9.2,9.18,9.22,9.13,25634,23506471.0,0.98,0.22,0.02,0.35,0.0,-0.44,-0.55,-0.99,-2.3,-0.55,-0.77,-0.77,-0.77,0.55,9.06,9.02,8.98,9.1,0.54,1.96,0.87,1.42,1.74,2.07,2.18,3.27,2.51,1.09
2019-09-04,600508,9.2,9.22,9.23,9.13,24481,22490414.0,1.09,0.44,0.04,0.34,-0.44,-0.55,-0.99,-2.3,-0.55,-0.77,-0.77,-0.77,0.55,0.99,9.1,9.04,9.0,9.09,1.52,0.43,0.98,1.3,1.63,1.74,2.82,2.06,0.65,0.65
2019-09-05,600508,9.25,9.19,9.36,9.18,47939,44501261.0,1.95,-0.33,-0.03,0.66,-1.09,-1.53,-2.83,-1.09,-1.31,-1.31,-1.31,0.0,0.44,0.54,9.13,9.06,9.01,9.08,0.76,1.31,1.63,1.96,2.07,3.16,2.39,0.98,0.98,0.98
2019-09-06,600508,9.21,9.2,9.26,9.17,20058,18479612.0,0.98,0.11,0.01,0.28,-1.42,-2.73,-0.98,-1.2,-1.2,-1.2,0.11,0.55,0.65,2.07,9.19,9.08,9.03,9.07,1.2,1.52,1.85,1.96,3.04,2.28,0.87,0.87,0.87,0.65
2019-09-09,600508,9.3,9.31,9.31,9.24,25444,23628986.0,0.76,1.2,0.11,0.35,-3.46,-1.73,-1.95,-1.95,-1.95,-0.65,-0.22,-0.11,1.3,0.22,9.22,9.12,9.05,9.07,0.32,0.64,0.75,1.83,1.07,-0.32,-0.32,-0.32,-0.54,-1.07
2019-09-10,600508,9.31,9.31,9.34,9.27,17955,16700612.0,0.75,0.0,0.0,0.25,-2.05,-2.27,-2.27,-2.27,-0.97,-0.54,-0.43,0.97,-0.11,0.43,9.25,9.15,9.07,9.06,0.64,0.75,1.83,1.07,-0.32,-0.32,-0.32,-0.54,-1.07,-1.72
2019-09-11,600508,9.37,9.33,9.37,9.3,25286,23596582.0,0.75,0.21,0.02,0.35,-2.58,-2.58,-2.58,-1.29,-0.86,-0.75,0.65,-0.43,0.11,0.43,9.27,9.18,9.09,9.06,0.54,1.61,0.86,-0.54,-0.54,-0.54,-0.75,-1.29,-1.93,-2.68
2019-09-12,600508,9.32,9.38,9.38,9.31,20245,18924263.0,0.75,0.54,0.05,0.28,-2.69,-2.69,-1.4,-0.97,-0.86,0.54,-0.54,0.0,0.32,0.64,9.31,9.22,9.11,9.06,1.07,0.32,-1.07,-1.07,-1.07,-1.28,-1.81,-2.45,-3.2,-3.52
2019-09-16,600508,9.44,9.41,9.48,9.35,28038,26417932.0,1.39,0.32,0.03,0.39,-3.1,-1.82,-1.39,-1.28,0.11,-0.96,-0.43,-0.11,0.21,0.32,9.35,9.27,9.14,9.07,0.0,-1.38,-1.38,-1.38,-1.59,-2.13,-2.76,-3.51,-3.83,-3.83
2019-09-17,600508,9.41,9.26,9.41,9.21,32698,30322254.0,2.13,-1.59,-0.15,0.45,-0.33,0.11,0.22,1.63,0.54,1.09,1.41,1.74,1.85,2.93,9.34,9.28,9.15,9.07,0.22,0.22,0.22,0.0,-0.54,-1.19,-1.94,-2.27,-2.27,-1.84
2019-09-18,600508,9.26,9.24,9.28,9.2,13319,12311897.0,0.86,-0.22,-0.02,0.18,0.22,0.33,1.74,0.65,1.2,1.52,1.85,1.96,3.04,2.28,9.32,9.29,9.15,9.08,0.43,0.43,0.22,-0.32,-0.97,-1.73,-2.06,-2.06,-1.62,-1.62
2019-09-19,600508,9.25,9.26,9.28,9.21,11429,10559176.0,0.76,0.22,0.02,0.16,0.22,1.63,0.54,1.09,1.41,1.74,1.85,2.93,2.17,0.76,9.31,9.29,9.17,9.1,0.22,0.0,-0.54,-1.19,-1.94,-2.27,-2.27,-1.84,-1.84,-1.4
2019-09-20,600508,9.26,9.24,9.28,9.23,12292,11375508.0,0.54,-0.22,-0.02,0.17,1.41,0.33,0.87,1.19,1.52,1.63,2.71,1.95,0.54,0.54,9.28,9.29,9.18,9.11,0.22,-0.32,-0.97,-1.73,-2.06,-2.06,-1.62,-1.62,-1.19,-0.76
2019-09-23,600508,9.26,9.18,9.26,9.14,11160,10245537.0,1.3,-0.65,-0.06,0.15,1.31,1.86,2.19,2.52,2.63,3.72,2.95,1.53,1.53,1.53,9.24,9.29,9.18,9.12,0.33,-0.33,-1.09,-1.42,-1.42,-0.98,-0.98,-0.54,-0.11,1.2
2019-09-24,600508,9.18,9.16,9.21,9.15,10553,9684191.0,0.65,-0.22,-0.02,0.15,1.75,2.08,2.4,2.51,3.61,2.84,1.42,1.42,1.42,1.2,9.22,9.28,9.2,9.12,-0.11,-0.87,-1.2,-1.2,-0.76,-0.76,-0.33,0.11,1.42,0.98
2019-09-25,600508,9.15,9.04,9.15,9.03,17901,16211657.0,1.31,-1.31,-0.12,0.25,3.43,3.77,3.88,4.98,4.21,2.77,2.77,2.77,2.55,1.99,9.18,9.25,9.2,9.13,0.44,0.11,0.11,0.55,0.55,1.0,1.44,2.77,2.32,2.32
2019-09-26,600508,9.06,8.98,9.08,8.98,13552,12225517.0,1.11,-0.66,-0.06,0.19,4.34,4.45,5.57,4.79,3.34,3.34,3.34,3.12,2.56,1.89,9.12,9.22,9.2,9.13,0.78,0.78,1.22,1.22,1.67,2.12,3.45,3.01,3.01,3.12
2019-09-27,600508,9.05,9.01,9.05,8.99,8344,7532120.0,0.67,0.33,0.03,0.12,4.34,5.45,4.67,3.23,3.23,3.23,3.0,2.45,1.78,1.0,9.07,9.18,9.2,9.13,0.44,0.89,0.89,1.33,1.78,3.11,2.66,2.66,2.77,2.55
2019-09-30,600508,9.05,9.02,9.05,8.99,9587,8648846.0,0.67,0.11,0.01,0.13,5.45,4.67,3.23,3.23,3.23,3.0,2.45,1.78,1.0,0.67,9.04,9.14,9.2,9.14,0.78,0.78,1.22,1.66,2.99,2.55,2.55,2.66,2.44,0.55
2019-10-08,600508,9.02,9.06,9.09,8.93,8686,7860929.0,1.77,0.44,0.04,0.12,5.38,3.92,3.92,3.92,3.7,3.14,2.46,1.68,1.34,1.34,9.02,9.12,9.2,9.14,0.33,0.77,1.21,2.54,2.1,2.1,2.21,1.99,0.11,-0.22
2019-10-09,600508,9.0,9.08,9.09,9.0,8158,7386633.0,0.99,0.22,0.02,0.11,3.11,3.11,3.11,2.89,2.33,1.67,0.89,0.56,0.56,1.0,9.03,9.1,9.19,9.14,0.55,0.99,2.31,1.87,1.87,1.98,1.76,-0.11,-0.44,-0.33
2019-10-10,600508,9.08,9.12,9.13,9.04,13077,11907039.0,0.99,0.44,0.04,0.18,2.65,2.65,2.43,1.88,1.22,0.44,0.11,0.11,0.55,0.55,9.06,9.09,9.19,9.14,0.55,1.86,1.43,1.43,1.54,1.32,-0.55,-0.88,-0.77,-1.21
2019-10-11,600508,9.14,9.14,9.17,9.08,12268,11204867.0,0.99,0.22,0.02,0.17,2.2,1.98,1.43,0.77,0.0,-0.33,-0.33,0.11,0.11,0.55,9.08,9.08,9.19,9.14,1.64,1.2,1.2,1.31,1.09,-0.77,-1.09,-0.98,-1.42,-0.44
2019-10-14,600508,9.18,9.24,9.29,9.15,19228,17752554.0,1.53,1.09,0.1,0.27,1.2,0.66,0.0,-0.77,-1.09,-1.09,-0.66,-0.66,-0.22,0.22,9.13,9.09,9.19,9.15,0.11,0.11,0.22,0.0,-1.84,-2.16,-2.06,-2.49,-1.52,-1.08
2019-10-15,600508,9.2,9.21,9.25,9.2,10406,9597184.0,0.54,-0.32,-0.03,0.14,0.11,-0.54,-1.3,-1.63,-1.63,-1.2,-1.2,-0.76,-0.33,0.98,9.16,9.09,9.18,9.16,0.43,0.54,0.33,-1.52,-1.85,-1.74,-2.17,-1.19,-0.76,-0.33
2019-10-16,600508,9.2,9.21,9.25,9.19,10500,9680277.0,0.65,0.0,0.0,0.15,-0.44,-1.2,-1.52,-1.52,-1.09,-1.09,-0.65,-0.22,1.09,0.65,9.18,9.11,9.18,9.17,0.54,0.33,-1.52,-1.85,-1.74,-2.17,-1.19,-0.76,-0.33,-0.33
2019-10-17,600508,9.18,9.19,9.26,9.16,11213,10329363.0,1.09,-0.22,-0.02,0.16,-0.87,-1.2,-1.2,-0.76,-0.76,-0.33,0.11,1.42,0.98,0.98,9.2,9.13,9.17,9.18,0.54,-1.31,-1.63,-1.52,-1.96,-0.98,-0.54,-0.11,-0.11,-0.54
2019-10-18,600508,9.24,9.04,9.24,9.02,12423,11323283.0,2.39,-1.63,-0.15,0.17,0.33,0.33,0.78,0.78,1.22,1.66,2.99,2.55,2.55,2.66,9.18,9.13,9.15,9.18,0.33,0.0,0.11,-0.33,0.66,1.11,1.55,1.55,1.11,1.0
2019-10-21,600508,9.05,9.0,9.07,8.97,13119,11805725.0,1.11,-0.44,-0.04,0.18,0.89,1.34,1.34,1.78,2.23,3.57,3.12,3.12,3.23,3.01,9.13,9.13,9.13,9.18,0.44,0.56,0.11,1.11,1.56,2.0,2.0,1.56,1.44,1.67
2019-10-22,600508,9.01,9.03,9.04,9.0,10072,9082617.0,0.44,0.33,0.03,0.14,1.0,1.0,1.44,1.89,3.22,2.78,2.78,2.89,2.67,0.78,9.09,9.13,9.12,9.17,0.22,-0.22,0.78,1.22,1.66,1.66,1.22,1.11,1.33,1.11
2019-10-23,600508,9.01,8.98,9.05,8.96,11269,10144324.0,1.0,-0.55,-0.05,0.16,1.45,1.9,2.34,3.68,3.24,3.24,3.35,3.12,1.23,0.89,9.05,9.12,9.11,9.17,0.33,1.34,1.78,2.23,2.23,1.78,1.67,1.89,1.67,2.9
2019-10-24,600508,8.99,9.01,9.01,8.95,8418,7568840.0,0.67,0.33,0.03,0.12,2.01,2.46,3.8,3.35,3.35,3.46,3.24,1.34,1.01,1.12,9.01,9.11,9.1,9.16,1.0,1.44,1.89,1.89,1.44,1.33,1.55,1.33,2.55,2.55
2019-10-25,600508,9.02,9.09,9.1,8.98,11967,10813651.0,1.33,0.89,0.08,0.17,2.12,3.45,3.01,3.01,3.12,2.9,1.0,0.67,0.78,0.33,9.02,9.1,9.09,9.16,0.55,0.99,0.99,0.55,0.44,0.66,0.44,1.65,1.65,1.65
2019-10-28,600508,9.06,9.14,9.14,9.05,14448,13156116.0,0.99,0.55,0.05,0.2,2.65,2.21,2.21,2.32,2.1,0.22,-0.11,0.0,-0.44,0.55,9.05,9.09,9.09,9.16,0.44,0.44,0.0,-0.11,0.11,-0.11,1.09,1.09,1.09,0.44
2019-10-29,600508,9.14,9.14,9.18,9.09,15805,14445434.0,0.98,0.0,0.0,0.22,1.76,1.76,1.87,1.65,-0.22,-0.55,-0.44,-0.88,0.11,0.55,9.07,9.08,9.09,9.15,0.44,0.0,-0.11,0.11,-0.11,1.09,1.09,1.09,0.44,-0.98
2019-10-30,600508,9.14,9.08,9.18,9.06,15003,13650648.0,1.31,-0.66,-0.06,0.21,2.1,2.21,1.99,0.11,-0.22,-0.11,-0.55,0.44,0.88,1.32,9.09,9.07,9.09,9.14,0.66,0.55,0.77,0.55,1.76,1.76,1.76,1.1,-0.33,-0.55
2019-10-31,600508,9.05,9.08,9.14,9.05,12237,11125539.0,0.99,0.0,0.0,0.17,2.32,2.1,0.22,-0.11,0.0,-0.44,0.55,0.99,1.44,1.44,9.11,9.06,9.09,9.13,0.55,0.77,0.55,1.76,1.76,1.76,1.1,-0.33,-0.55,-1.21
2019-11-01,600508,9.05,9.11,9.13,9.0,13524,12266138.0,1.43,0.33,0.03,0.19,2.67,0.78,0.44,0.56,0.11,1.11,1.56,2.0,2.0,1.56,9.11,9.07,9.1,9.12,0.44,0.22,1.43,1.43,1.43,0.77,-0.66,-0.88,-1.54,-1.54
2019-11-04,600508,9.1,9.11,9.15,9.09,13476,12294473.0,0.66,0.0,0.0,0.19,-0.22,-0.55,-0.44,-0.88,0.11,0.55,0.99,0.99,0.55,0.44,9.1,9.08,9.1,9.11,0.22,1.43,1.43,1.43,0.77,-0.66,-0.88,-1.54,-1.54,-2.31
2019-11-05,600508,9.13,9.12,9.13,9.03,14601,13283316.0,1.1,0.11,0.01,0.2,0.11,0.22,-0.22,0.78,1.22,1.66,1.66,1.22,1.11,1.33,9.1,9.09,9.11,9.11,1.32,1.32,1.32,0.66,-0.77,-0.99,-1.64,-1.64,-2.41,-1.86
2019-11-06,600508,9.11,9.21,9.24,9.09,30037,27569080.0,1.64,0.99,0.09,0.42,-0.44,-0.88,0.11,0.55,0.99,0.99,0.55,0.44,0.66,0.44,9.13,9.11,9.11,9.11,0.33,0.33,-0.33,-1.74,-1.95,-2.61,-2.61,-3.37,-2.82,-1.74
2019-11-07,600508,9.19,9.19,9.24,9.17,11590,10661150.0,0.76,-0.22,-0.02,0.16,-1.74,-0.76,-0.33,0.11,0.11,-0.33,-0.44,-0.22,-0.44,0.76,9.15,9.13,9.12,9.11,0.54,-0.11,-1.52,-1.74,-2.39,-2.39,-3.16,-2.61,-1.52,-1.96
2019-11-08,600508,9.24,9.18,9.24,9.17,11030,10132595.0,0.76,-0.11,-0.01,0.15,-0.76,-0.33,0.11,0.11,-0.33,-0.44,-0.22,-0.44,0.76,0.76,9.16,9.14,9.12,9.1,0.0,-1.42,-1.63,-2.29,-2.29,-3.05,-2.51,-1.42,-1.85,-1.2
2019-11-11,600508,9.18,8.97,9.18,8.96,17926,16198030.0,2.4,-2.29,-0.21,0.25,2.01,2.46,2.46,2.01,1.9,2.12,1.9,3.12,3.12,3.12,9.13,9.12,9.1,9.1,0.89,0.67,0.0,0.0,-0.78,-0.22,0.89,0.45,1.11,3.57
2019-11-12,600508,8.97,8.99,9.05,8.97,10082,9076011.0,0.89,0.22,0.02,0.14,2.34,2.34,1.9,1.78,2.01,1.78,3.01,3.01,3.01,2.34,9.11,9.1,9.09,9.09,0.44,-0.22,-0.22,-1.0,-0.44,0.67,0.22,0.89,3.34,2.67
2019-11-13,600508,9.02,8.93,9.03,8.9,10515,9401134.0,1.45,-0.67,-0.06,0.15,3.15,2.7,2.58,2.81,2.58,3.82,3.82,3.82,3.15,1.69,9.05,9.09,9.08,9.09,0.45,0.45,-0.34,0.22,1.34,0.9,1.57,4.03,3.36,2.24
2019-11-14,600508,8.93,8.94,8.97,8.92,10254,9171840.0,0.56,0.11,0.01,0.14,2.47,2.35,2.58,2.35,3.59,3.59,3.59,2.91,1.46,1.23,9.0,9.08,9.07,9.09,0.34,-0.45,0.11,1.23,0.78,1.45,3.91,3.24,2.13,2.35
2019-11-15,600508,8.96,8.85,8.97,8.85,11663,10391077.0,1.34,-1.01,-0.09,0.16,3.16,3.39,3.16,4.41,4.41,4.41,3.73,2.26,2.03,1.36,8.94,9.05,9.06,9.08,0.56,1.13,2.26,1.81,2.49,4.97,4.29,3.16,3.39,3.62
2019-11-18,600508,8.84,8.87,8.9,8.83,9466,8390828.0,0.79,0.23,0.02,0.13,3.62,3.4,4.64,4.64,4.64,3.96,2.49,2.27,1.59,1.59,8.92,9.03,9.05,9.08,0.9,2.03,1.58,2.25,4.74,4.06,2.93,3.16,3.38,2.93
2019-11-19,600508,8.88,8.95,8.95,8.84,11043,9833360.0,1.24,0.9,0.08,0.15,3.28,4.52,4.52,4.52,3.85,2.38,2.15,1.47,1.47,0.68,8.91,9.01,9.05,9.07,1.12,0.67,1.34,3.8,3.13,2.01,2.23,2.46,2.01,1.12
2019-11-20,600508,8.95,8.95,9.05,8.92,13870,12472773.0,1.45,0.0,0.0,0.19,3.59,3.59,3.59,2.91,1.46,1.23,0.56,0.56,-0.22,0.34,8.91,8.98,9.05,9.07,0.67,1.34,3.8,3.13,2.01,2.23,2.46,2.01,1.12,1.12
2019-11-21,600508,8.95,9.01,9.01,8.9,10470,9374054.0,1.23,0.67,0.06,0.14,3.82,3.82,3.15,1.69,1.46,0.79,0.79,0.0,0.56,1.69,8.93,8.96,9.05,9.07,0.67,3.11,2.44,1.33,1.55,1.78,1.33,0.44,0.44,1.89
2019-11-22,600508,8.98,9.01,9.07,8.94,13675,12318203.0,1.44,0.0,0.0,0.19,3.36,2.68,1.23,1.01,0.34,0.34,-0.45,0.11,1.23,0.78,8.96,8.95,9.04,9.06,3.11,2.44,1.33,1.55,1.78,1.33,0.44,0.44,1.89,2.22
2019-11-25,600508,9.02,9.25,9.29,9.02,50848,46869173.0,3.0,2.66,0.24,0.7,1.77,0.33,0.11,-0.55,-0.55,-1.33,-0.78,0.33,-0.11,0.55,9.03,8.98,9.05,9.06,-0.22,-1.3,-1.08,-0.86,-1.3,-2.16,-2.16,-0.76,-0.43,-0.43
2019-11-26,600508,9.21,9.13,9.23,9.09,22678,20738840.0,1.51,-1.3,-0.12,0.31,-0.44,-0.66,-1.32,-1.32,-2.09,-1.54,-0.44,-0.88,-0.22,2.2,9.07,8.99,9.05,9.06,0.0,0.22,0.44,0.0,-0.88,-0.88,0.55,0.88,0.88,0.66
2019-11-27,600508,9.08,9.07,9.13,9.06,14665,13328850.0,0.77,-0.66,-0.06,0.2,-0.33,-0.99,-0.99,-1.77,-1.21,-0.11,-0.55,0.11,2.54,1.88,9.09,9.0,9.05,9.05,0.88,1.1,0.66,-0.22,-0.22,1.21,1.54,1.54,1.32,0.99
2019-11-28,600508,9.08,9.15,9.15,9.06,12089,10990672.0,0.99,0.88,0.08,0.17,-0.99,-0.99,-1.77,-1.21,-0.11,-0.55,0.11,2.54,1.88,0.77,9.12,9.02,9.05,9.05,0.22,-0.22,-1.09,-1.09,0.33,0.66,0.66,0.44,0.11,0.0
2019-11-29,600508,9.15,9.08,9.17,9.06,10984,9998530.0,1.2,-0.77,-0.07,0.15,-0.99,-1.77,-1.21,-0.11,-0.55,0.11,2.54,1.88,0.77,0.99,9.14,9.05,9.05,9.05,0.55,-0.33,-0.33,1.1,1.43,1.43,1.21,0.88,0.77,1.21
2019-12-02,600508,9.08,9.0,9.13,8.98,14963,13546409.0,1.65,-0.88,-0.08,0.21,-0.89,-0.33,0.78,0.33,1.0,3.45,2.78,1.67,1.89,2.12,9.09,9.06,9.04,9.05,0.56,0.56,2.0,2.33,2.33,2.11,1.78,1.67,2.11,2.56
2019-12-03,600508,8.98,9.04,9.05,8.98,6950,6267681.0,0.78,0.44,0.04,0.1,-0.33,0.78,0.33,1.0,3.45,2.78,1.67,1.89,2.12,1.67,9.07,9.07,9.04,9.05,0.11,1.55,1.88,1.88,1.66,1.33,1.22,1.66,2.1,3.32
2019-12-04,600508,9.01,9.01,9.05,8.99,8166,7358858.0,0.66,-0.33,-0.03,0.11,0.67,0.22,0.89,3.34,2.67,1.56,1.78,2.0,1.56,0.67,9.06,9.08,9.03,9.06,1.89,2.22,2.22,2.0,1.66,1.55,2.0,2.44,3.66,3.66
2019-12-05,600508,9.01,9.15,9.18,9.01,24631,22461220.0,1.89,1.55,0.14,0.34,0.0,0.67,3.11,2.44,1.33,1.55,1.78,1.33,0.44,0.44,9.06,9.09,9.03,9.06,0.66,0.66,0.44,0.11,0.0,0.44,0.87,2.08,2.08,1.75
2019-12-06,600508,9.2,9.13,9.21,9.08,12118,11064169.0,1.42,-0.22,-0.02,0.17,-0.11,2.31,1.65,0.55,0.77,0.99,0.55,-0.33,-0.33,1.1,9.07,9.1,9.02,9.06,0.88,0.66,0.33,0.22,0.66,1.1,2.3,2.3,1.97,2.08
2019-12-09,600508,9.12,9.2,9.21,9.09,22121,20233126.0,1.31,0.77,0.07,0.31,2.2,1.54,0.44,0.66,0.88,0.44,-0.44,-0.44,0.99,1.32,9.11,9.1,9.04,9.06,-0.11,-0.43,-0.54,-0.11,0.33,1.52,1.52,1.2,1.3,0.54
2019-12-10,600508,9.16,9.15,9.19,9.13,12715,11642509.0,0.65,-0.54,-0.05,0.18,1.1,0.0,0.22,0.44,0.0,-0.88,-0.88,0.55,0.88,0.88,9.13,9.1,9.04,9.06,0.11,0.0,0.44,0.87,2.08,2.08,1.75,1.86,1.09,0.77
2019-12-11,600508,9.12,9.16,9.16,9.1,12806,11694556.0,0.66,0.11,0.01,0.18,0.33,0.55,0.77,0.33,-0.55,-0.55,0.88,1.21,1.21,0.99,9.16,9.11,9.05,9.07,-0.11,0.33,0.76,1.97,1.97,1.64,1.75,0.98,0.66,0.44
2019-12-12,600508,9.13,9.06,9.15,9.05,19079,17333464.0,1.09,-1.09,-0.1,0.26,1.1,1.33,0.88,0.0,0.0,1.44,1.77,1.77,1.55,1.22,9.14,9.1,9.06,9.07,1.43,1.88,3.09,3.09,2.76,2.87,2.1,1.77,1.55,1.88
2019-12-13,600508,9.08,9.17,9.19,9.08,24034,21932313.0,1.21,1.21,0.11,0.33,0.99,0.55,-0.33,-0.33,1.1,1.43,1.43,1.21,0.88,0.77,9.15,9.11,9.08,9.07,0.65,1.85,1.85,1.53,1.64,0.87,0.55,0.33,0.65,2.07
2019-12-16,600508,9.23,9.19,9.23,9.17,30217,27775109.0,0.65,0.22,0.02,0.42,-0.44,-1.31,-1.31,0.11,0.44,0.44,0.22,-0.11,-0.22,0.22,9.15,9.13,9.09,9.07,1.63,1.63,1.31,1.41,0.65,0.33,0.11,0.44,1.85,2.61
2019-12-17,600508,9.19,9.31,9.34,9.17,52349,48510586.0,1.85,1.31,0.12,0.72,-1.31,-1.31,0.11,0.44,0.44,0.22,-0.11,-0.22,0.22,0.65,9.18,9.15,9.11,9.08,0.32,0.0,0.11,-0.64,-0.97,-1.18,-0.86,0.54,1.29,1.61
2019-12-18,600508,9.31,9.25,9.34,9.24,34406,31928403.0,1.07,-0.64,-0.06,0.48,-2.06,-0.65,-0.32,-0.32,-0.54,-0.87,-0.97,-0.54,-0.11,1.08,9.2,9.18,9.13,9.08,0.65,0.76,0.0,-0.32,-0.54,-0.22,1.19,1.95,2.27,2.81
2019-12-19,600508,9.29,9.31,9.31,9.23,24569,22786383.0,0.86,0.65,0.06,0.34,-0.54,-0.22,-0.22,-0.43,-0.76,-0.87,-0.43,0.0,1.19,1.19,9.25,9.19,9.14,9.08,0.11,-0.64,-0.97,-1.18,-0.86,0.54,1.29,1.61,2.15,1.61
2019-12-20,600508,9.3,9.24,9.32,9.23,24015,22286258.0,0.97,-0.75,-0.07,0.33,-0.22,-0.22,-0.43,-0.76,-0.87,-0.43,0.0,1.19,1.19,0.87,9.26,9.2,9.15,9.08,0.11,-0.22,-0.43,-0.11,1.3,2.06,2.38,2.92,2.38,2.49
2019-12-23,600508,9.22,9.11,9.25,9.1,23563,21622300.0,1.62,-1.41,-0.13,0.33,1.21,0.99,0.66,0.55,0.99,1.43,2.64,2.64,2.31,2.42,9.24,9.2,9.15,9.09,1.21,0.99,1.32,2.74,3.51,3.84,4.39,3.84,3.95,5.71
2019-12-24,600508,9.1,9.21,9.22,9.09,16284,14914899.0,1.43,1.1,0.1,0.23,1.1,0.77,0.66,1.1,1.54,2.75,2.75,2.42,2.53,1.76,9.22,9.2,9.15,9.1,-0.11,0.22,1.63,2.39,2.71,3.26,2.71,2.82,4.56,3.47
2019-12-25,600508,9.2,9.17,9.2,9.14,14259,13074098.0,0.65,-0.43,-0.04,0.2,0.22,0.11,0.55,0.98,2.19,2.19,1.86,1.97,1.2,0.88,9.21,9.2,9.15,9.1,0.65,2.07,2.84,3.16,3.71,3.16,3.27,5.02,3.93,3.38
2019-12-26,600508,9.16,9.23,9.23,9.15,17978,16545266.0,0.87,0.65,0.06,0.25,0.0,0.44,0.87,2.08,2.08,1.75,1.86,1.09,0.77,0.55,9.19,9.22,9.16,9.11,1.41,2.17,2.49,3.03,2.49,2.6,4.33,3.25,2.71,2.82
2019-12-27,600508,9.23,9.27,9.36,9.21,40670,37810644.0,1.63,0.43,0.04,0.56,-0.22,0.22,1.41,1.41,1.09,1.19,0.43,0.11,-0.11,0.22,9.2,9.23,9.17,9.13,1.73,2.05,2.59,2.05,2.16,3.88,2.8,2.27,2.37,1.94
2019-12-30,600508,9.22,9.42,9.43,9.2,55985,52389100.0,2.48,1.62,0.15,0.77,0.33,1.52,1.52,1.2,1.3,0.54,0.22,0.0,0.33,1.74,9.26,9.25,9.19,9.15,0.42,0.96,0.42,0.53,2.23,1.17,0.64,0.74,0.32,0.85
2019-12-31,600508,9.4,9.39,9.46,9.35,47467,44617986.0,1.17,-0.32,-0.03,0.66,-0.11,-0.11,-0.43,-0.32,-1.07,-1.39,-1.6,-1.28,0.11,0.86,9.3,9.26,9.21,9.16,1.28,0.75,0.85,2.56,1.49,0.96,1.06,0.64,1.17,0.64
2020-01-02,600508,9.43,9.42,9.51,9.4,59392,56153478.0,1.17,0.32,0.03,0.82,-0.64,-0.96,-0.85,-1.6,-1.91,-2.13,-1.81,-0.43,0.32,0.64,9.35,9.28,9.23,9.18,0.42,0.53,2.23,1.17,0.64,0.74,0.32,0.85,0.32,-0.42
2020-01-03,600508,9.45,9.39,9.46,9.38,37072,34892838.0,0.85,-0.32,-0.03,0.51,-0.75,-0.64,-1.39,-1.71,-1.92,-1.6,-0.21,0.53,0.85,1.39,9.38,9.29,9.24,9.19,0.85,2.56,1.49,0.96,1.06,0.64,1.17,0.64,-0.11,-0.32
2020-01-06,600508,9.38,9.41,9.47,9.36,36540,34446917.0,1.17,0.21,0.02,0.51,-0.43,-1.18,-1.5,-1.71,-1.39,0.0,0.75,1.07,1.6,1.07,9.41,9.3,9.25,9.2,2.34,1.28,0.74,0.85,0.43,0.96,0.43,-0.32,-0.53,-1.38
2020-01-07,600508,9.42,9.53,9.63,9.41,68372,65150547.0,2.34,1.28,0.12,0.95,-1.7,-2.02,-2.23,-1.91,-0.53,0.21,0.53,1.06,0.53,0.64,9.43,9.34,9.27,9.21,0.0,-0.52,-0.42,-0.84,-0.31,-0.84,-1.57,-1.78,-2.62,-2.83
2020-01-08,600508,9.49,9.35,9.53,9.31,53190,50120971.0,2.31,-1.89,-0.18,0.74,-0.97,-1.18,-0.86,0.54,1.29,1.61,2.15,1.61,1.72,3.44,9.42,9.36,9.28,9.22,1.39,1.5,1.07,1.6,1.07,0.32,0.11,-0.75,-0.96,-1.5
2020-01-09,600508,9.4,9.44,9.48,9.39,28103,26500823.0,0.96,0.96,0.09,0.39,-2.02,-1.7,-0.32,0.43,0.75,1.28,0.75,0.85,2.56,1.49,9.42,9.39,9.29,9.23,0.53,0.11,0.64,0.11,-0.64,-0.85,-1.69,-1.91,-2.44,-2.54
2020-01-10,600508,9.44,9.41,9.49,9.39,22597,21325365.0,1.06,-0.32,-0.03,0.31,-1.7,-0.32,0.43,0.75,1.28,0.75,0.85,2.56,1.49,0.96,9.43,9.4,9.31,9.24,0.43,0.96,0.43,-0.32,-0.53,-1.38,-1.59,-2.13,-2.23,-12.65
2020-01-13,600508,9.45,9.42,9.45,9.33,19132,17945423.0,1.28,0.11,0.01,0.26,0.32,1.07,1.39,1.93,1.39,1.5,3.22,2.14,1.61,1.71,9.43,9.42,9.32,9.25,0.85,0.32,-0.42,-0.64,-1.49,-1.7,-2.23,-2.34,-12.74,-12.53
2020-01-14,600508,9.43,9.41,9.5,9.4,24557,23179014.0,1.06,-0.11,-0.01,0.34,0.32,0.64,1.17,0.64,0.74,2.45,1.38,0.85,0.96,0.53,9.41,9.42,9.33,9.26,0.43,-0.32,-0.53,-1.38,-1.59,-2.13,-2.23,-12.65,-12.43,-10.63
2020-01-15,600508,9.43,9.34,9.45,9.3,28271,26415189.0,1.59,-0.74,-0.07,0.39,1.72,2.26,1.72,1.83,3.55,2.47,1.94,2.04,1.61,2.15,9.4,9.41,9.34,9.27,0.43,0.21,-0.64,-0.86,-1.39,-1.5,-11.99,-11.78,-9.96,-10.49
2020-01-16,600508,9.34,9.28,9.38,9.27,19945,18584475.0,1.18,-0.64,-0.06,0.28,2.59,2.05,2.16,3.88,2.8,2.27,2.37,1.94,2.48,1.94,9.37,9.4,9.34,9.28,0.86,0.0,-0.22,-0.75,-0.86,-11.42,-11.21,-9.37,-9.91,-10.45
2020-01-17,600508,9.28,9.22,9.36,9.22,22978,21333843.0,1.51,-0.65,-0.06,0.32,2.6,2.71,4.45,3.36,2.82,2.93,2.49,3.04,2.49,1.74,9.33,9.38,9.33,9.29,0.65,0.43,-0.11,-0.22,-10.85,-10.63,-8.79,-9.33,-9.87,-8.46
2020-01-20,600508,9.26,9.27,9.28,9.22,22962,21237345.0,0.65,0.54,0.05,0.32,2.71,4.45,3.36,2.82,2.93,2.49,3.04,2.49,1.74,1.52,9.3,9.37,9.33,9.29,-0.11,-0.65,-0.76,-11.33,-11.11,-9.28,-9.82,-10.36,-8.95,-7.12
2020-01-21,600508,9.26,9.18,9.26,9.16,26243,24142242.0,1.08,-0.97,-0.09,0.36,5.13,4.04,3.49,3.6,3.17,3.71,3.17,2.4,2.18,1.31,9.26,9.33,9.34,9.29,0.33,0.22,-10.46,-10.24,-8.39,-8.93,-9.48,-8.06,-6.21,-7.19
2020-01-22,600508,9.15,9.19,9.21,9.12,20202,18518001.0,0.98,0.11,0.01,0.28,4.5,3.95,4.06,3.62,4.17,3.62,2.85,2.63,1.75,1.54,9.23,9.32,9.34,9.29,0.11,-10.55,-10.34,-8.49,-9.03,-9.58,-8.16,-6.31,-7.29,-6.75
2020-01-23,600508,9.2,8.98,9.2,8.95,35491,32161004.0,2.72,-2.29,-0.21,0.49,5.92,6.03,5.59,6.15,5.59,4.8,4.58,3.69,3.46,2.91,9.17,9.27,9.33,9.29,-8.46,-8.24,-6.35,-6.9,-7.46,-6.01,-4.12,-5.12,-4.57,-5.01
2020-02-03,600508,8.09,8.08,8.22,8.08,70738,57284835.0,1.56,-10.02,-0.9,0.98,17.45,16.96,17.57,16.96,16.09,15.84,14.85,14.6,13.99,13.86,8.94,9.14,9.27,9.25,1.98,4.08,3.47,2.85,4.46,6.56,5.45,6.06,5.57,7.05
2020-02-04,600508,8.01,8.2,8.24,8.01,48484,39445778.0,2.85,1.49,0.12,0.67,17.98,18.6,17.98,17.1,16.85,15.86,15.61,14.98,14.86,2.62,8.73,9.02,9.22,9.22,2.56,1.95,1.34,2.93,5.0,3.9,4.51,4.02,5.49,6.22
2020-02-05,600508,8.19,8.27,8.41,8.12,41077,33986947.0,3.54,0.85,0.07,0.57,17.0,16.38,15.52,15.27,14.29,14.04,13.42,13.3,1.23,1.48,8.54,8.9,9.16,9.19,1.09,0.48,2.06,4.11,3.02,3.63,3.14,4.59,5.32,5.08
2020-02-06,600508,8.3,8.33,8.36,8.24,36872,30615273.0,1.45,0.73,0.06,0.51,14.68,13.83,13.59,12.62,12.38,11.77,11.65,-0.24,0.0,2.06,8.37,8.8,9.11,9.16,-0.24,1.32,3.36,2.28,2.88,2.4,3.84,4.56,4.32,4.56
2020-02-07,600508,8.31,8.3,8.31,8.22,31438,25967255.0,1.08,-0.36,-0.03,0.43,14.11,13.87,12.9,12.65,12.04,11.92,0.0,0.24,2.31,1.7,8.24,8.7,9.05,9.13,1.69,3.73,2.65,3.25,2.77,4.22,4.94,4.7,4.94,5.42
2020-02-10,600508,8.28,8.44,8.44,8.25,38046,31802058.0,2.29,1.69,0.14,0.53,13.45,12.48,12.24,11.64,11.52,-0.36,-0.12,1.94,1.33,0.73,8.31,8.62,9.0,9.1,2.01,0.95,1.54,1.07,2.49,3.2,2.96,3.2,3.67,3.08
2020-02-11,600508,8.44,8.48,8.61,8.38,36606,31229000.0,2.73,0.47,0.04,0.51,10.74,10.5,9.9,9.79,-1.91,-1.67,0.36,-0.24,-0.84,0.72,8.36,8.55,8.96,9.07,0.47,1.06,0.59,2.0,2.71,2.48,2.71,3.18,2.59,0.59
2020-02-12,600508,8.43,8.51,8.52,8.41,20947,17728733.0,1.3,0.35,0.03,0.29,10.11,9.51,9.39,-2.26,-2.02,0.0,-0.59,-1.19,0.36,2.38,8.41,8.48,8.9,9.05,0.71,0.24,1.65,2.35,2.12,2.35,2.82,2.23,0.24,1.41
2020-02-13,600508,8.5,8.47,8.57,8.42,19905,16922100.0,1.76,-0.47,-0.04,0.28,9.38,9.26,-2.38,-2.14,-0.12,-0.71,-1.31,0.24,2.26,1.19,8.44,8.41,8.86,9.03,0.71,2.13,2.83,2.6,2.83,3.31,2.72,0.71,1.89,1.53
2020-02-14,600508,8.46,8.49,8.53,8.4,18368,15540010.0,1.53,0.24,0.02,0.25,9.52,-2.14,-1.9,0.12,-0.48,-1.07,0.48,2.5,1.43,2.02,8.48,8.36,8.81,9.0,1.88,2.59,2.36,2.59,3.06,2.47,0.47,1.65,1.3,-0.59
2020-02-17,600508,8.48,8.64,8.65,8.47,29075,24956251.0,2.12,1.77,0.15,0.4,-2.95,-2.72,-0.71,-1.3,-1.89,-0.35,1.65,0.59,1.18,0.71,8.52,8.41,8.77,8.98,0.81,0.58,0.81,1.27,0.69,-1.27,-0.12,-0.46,-2.31,-1.16
2020-02-18,600508,8.61,8.66,8.71,8.58,28117,24286836.0,1.5,0.23,0.02,0.39,-3.96,-1.98,-2.56,-3.15,-1.63,0.35,-0.7,-0.12,-0.58,0.82,8.55,8.46,8.74,8.96,0.35,0.58,1.04,0.46,-1.5,-0.35,-0.69,-2.54,-1.39,-0.46
2020-02-19,600508,8.62,8.61,8.69,8.6,33044,28531353.0,1.04,-0.58,-0.05,0.46,-2.21,-2.79,-3.37,-1.86,0.12,-0.93,-0.35,-0.81,0.58,1.28,8.57,8.49,8.7,8.94,1.16,1.63,1.05,-0.93,0.23,-0.12,-1.97,-0.81,0.12,1.05
2020-02-20,600508,8.62,8.71,8.71,8.59,25924,22452812.0,1.39,1.16,0.1,0.36,-2.68,-3.26,-1.75,0.23,-0.81,-0.23,-0.7,0.7,1.4,1.16,8.62,8.53,8.67,8.91,0.46,-0.11,-2.07,-0.92,-1.26,-3.1,-1.95,-1.03,-0.11,1.72
2020-02-21,600508,8.7,8.71,8.75,8.65,40021,34827927.0,1.15,0.0,0.0,0.55,-3.93,-2.43,-0.46,-1.5,-0.92,-1.39,0.0,0.69,0.46,0.69,8.67,8.57,8.64,8.89,-0.11,-2.07,-0.92,-1.26,-3.1,-1.95,-1.03,-0.11,1.72,0.92
2020-02-24,600508,8.67,8.62,8.7,8.55,50812,43710813.0,1.72,-1.03,-0.09,0.7,-1.29,0.7,-0.35,0.23,-0.23,1.17,1.87,1.64,1.87,2.34,8.66,8.59,8.61,8.86,-1.04,0.12,-0.23,-2.09,-0.93,0.0,0.93,2.78,1.97,0.35
2020-02-25,600508,8.49,8.45,8.53,8.35,52886,44580170.0,2.09,-1.97,-0.17,0.73,3.11,2.04,2.63,2.16,3.59,4.31,4.07,4.31,4.79,4.19,8.62,8.59,8.57,8.83,2.13,1.78,-0.12,1.07,2.01,2.96,4.85,4.02,2.37,1.78
2020-02-26,600508,8.36,8.53,8.63,8.35,46806,39934344.0,3.31,0.95,0.08,0.65,2.04,2.63,2.16,3.59,4.31,4.07,4.31,4.79,4.19,2.16,8.6,8.59,8.53,8.8,0.82,-1.06,0.12,1.06,1.99,3.87,3.05,1.41,0.82,1.06
2020-02-27,600508,8.52,8.53,8.6,8.49,34109,29159388.0,1.29,0.0,0.0,0.47,0.94,0.47,1.88,2.59,2.36,2.59,3.06,2.47,0.47,1.65,8.57,8.6,8.5,8.77,-1.06,0.12,1.06,1.99,3.87,3.05,1.41,0.82,1.06,-0.7
2020-02-28,600508,8.43,8.28,8.44,8.28,40006,33432571.0,1.88,-2.93,-0.25,0.55,3.02,4.47,5.19,4.95,5.19,5.68,5.07,3.02,4.23,3.86,8.48,8.57,8.47,8.73,3.14,4.11,5.07,7.0,6.16,4.47,3.86,4.11,2.29,1.57
2020-03-02,600508,8.28,8.51,8.54,8.28,44940,37883136.0,3.14,2.78,0.23,0.62,4.47,5.19,4.95,5.19,5.68,5.07,3.02,4.23,3.86,1.93,8.46,8.56,8.49,8.7,1.29,2.23,4.11,3.29,1.65,1.06,1.29,-0.47,-1.18,-0.12
2020-03-03,600508,8.55,8.59,8.62,8.51,48699,41756590.0,1.29,0.94,0.08,0.67,2.35,2.12,2.35,2.82,2.23,0.24,1.41,1.06,-0.82,0.35,8.49,8.55,8.51,8.68,1.28,3.14,2.33,0.7,0.12,0.35,-1.4,-2.1,-1.05,-1.4
2020-03-04,600508,8.56,8.7,8.7,8.53,45956,39602789.0,1.98,1.28,0.11,0.64,1.88,2.11,2.58,1.99,0.0,1.17,0.82,-1.06,0.12,1.06,8.52,8.56,8.53,8.65,1.84,1.03,-0.57,-1.15,-0.92,-2.64,-3.33,-2.3,-2.64,-2.87
2020-03-05,600508,8.73,8.86,8.86,8.68,63999,56190720.0,2.07,1.84,0.16,0.89,0.35,0.81,0.23,-1.73,-0.58,-0.92,-2.76,-1.61,-0.69,0.23,8.59,8.58,8.55,8.64,-0.79,-2.37,-2.93,-2.71,-4.4,-5.08,-4.06,-4.4,-4.63,-5.98
2020-03-06,600508,8.72,8.77,8.79,8.7,32836,28732299.0,1.02,-1.02,-0.09,0.45,0.57,0.0,-1.95,-0.8,-1.15,-2.99,-1.84,-0.92,0.0,1.84,8.69,8.58,8.58,8.62,-1.37,-1.94,-1.71,-3.42,-4.1,-3.08,-3.42,-3.65,-5.02,-3.88
2020-03-09,600508,8.65,8.52,8.65,8.5,46057,39401950.0,1.71,-2.85,-0.25,0.64,2.35,0.35,1.53,1.18,-0.71,0.47,1.41,2.35,4.24,3.41,8.69,8.57,8.58,8.6,0.94,1.17,-0.59,-1.29,-0.23,-0.59,-0.82,-2.23,-1.06,-3.29
2020-03-10,600508,8.43,8.59,8.6,8.4,39014,33178269.0,2.35,0.82,0.07,0.54,1.55,2.74,2.38,0.48,1.67,2.62,3.57,5.48,4.64,2.98,8.69,8.59,8.59,8.57,0.35,-1.4,-2.1,-1.05,-1.4,-1.63,-3.03,-1.86,-4.07,-4.19
2020-03-11,600508,8.6,8.51,8.62,8.5,29424,25197759.0,1.4,-0.93,-0.08,0.41,1.53,1.18,-0.71,0.47,1.41,2.35,4.24,3.41,1.76,1.18,8.65,8.59,8.59,8.55,-0.47,-1.18,-0.12,-0.47,-0.71,-2.12,-0.94,-3.17,-3.29,-2.82
2020-03-12,600508,8.46,8.41,8.47,8.38,25737,21668216.0,1.06,-1.18,-0.1,0.36,2.63,0.72,1.91,2.86,3.82,5.73,4.89,3.22,2.63,2.86,8.56,8.57,8.58,8.52,0.0,1.07,0.71,0.48,-0.95,0.24,-2.02,-2.14,-1.66,-2.73
2020-03-13,600508,8.16,8.36,8.41,8.1,27381,22692099.0,3.69,-0.59,-0.05,0.38,4.2,5.43,6.42,7.41,9.38,8.52,6.79,6.17,6.42,4.57,8.48,8.58,8.58,8.5,1.67,1.32,1.08,-0.36,0.84,-1.44,-1.56,-1.08,-2.15,-2.15
2020-03-16,600508,8.42,8.33,8.5,8.31,29411,24693703.0,2.27,-0.36,-0.03,0.41,2.77,3.73,4.69,6.62,5.78,4.09,3.49,3.73,1.93,1.2,8.44,8.56,8.56,8.51,1.68,1.44,0.0,1.2,-1.08,-1.2,-0.72,-1.8,-1.8,-2.76
2020-03-17,600508,8.29,8.35,8.47,8.24,22472,18677187.0,2.76,0.24,0.02,0.31,4.61,5.58,7.52,6.67,4.98,4.37,4.61,2.79,2.06,3.16,8.39,8.54,8.55,8.52,1.2,-0.24,0.96,-1.32,-1.44,-0.96,-2.04,-2.04,-2.99,-3.11
2020-03-18,600508,8.38,8.32,8.45,8.28,19420,16252822.0,2.04,-0.36,-0.03,0.27,5.07,7.0,6.16,4.47,3.86,4.11,2.29,1.57,2.66,2.29,8.35,8.5,8.53,8.52,0.12,1.32,-0.96,-1.08,-0.6,-1.68,-1.68,-2.64,-2.76,-3.12
2020-03-19,600508,8.24,8.25,8.33,8.13,23296,19200951.0,2.4,-0.84,-0.07,0.32,8.98,8.12,6.4,5.78,6.03,4.18,3.44,4.55,4.18,3.94,8.32,8.44,8.51,8.52,2.18,-0.12,-0.24,0.24,-0.85,-0.85,-1.82,-1.94,-2.3,-2.67
2020-03-20,600508,8.31,8.42,8.43,8.26,19292,16082518.0,2.06,2.06,0.17,0.27,6.42,4.72,4.12,4.36,2.54,1.82,2.91,2.54,2.3,0.85,8.33,8.41,8.49,8.52,-2.14,-2.26,-1.78,-2.85,-2.85,-3.8,-3.92,-4.28,-4.63,-4.75
2020-03-23,600508,8.16,8.12,8.24,8.12,30629,24986030.0,1.43,-3.56,-0.3,0.42,6.53,5.91,6.16,4.31,3.57,4.68,4.31,4.06,2.59,3.82,8.29,8.37,8.47,8.51,1.35,1.85,0.74,0.74,-0.25,-0.37,-0.74,-1.11,-1.23,-0.49
2020-03-24,600508,8.22,8.16,8.23,8.09,26200,21340359.0,1.72,0.49,0.04,0.36,6.3,6.55,4.7,3.96,5.07,4.7,4.45,2.97,4.2,1.85,8.25,8.32,8.46,8.5,1.35,0.25,0.25,-0.74,-0.86,-1.23,-1.59,-1.72,-0.98,-0.74
2020-03-25,600508,8.25,8.21,8.27,8.16,32714,26830227.0,1.35,0.61,0.05,0.45,5.64,3.8,3.06,4.17,3.8,3.55,2.08,3.31,0.98,0.86,8.23,8.29,8.44,8.49,-0.37,-0.37,-1.34,-1.46,-1.83,-2.19,-2.31,-1.58,-1.34,-0.97
2020-03-26,600508,8.17,8.11,8.18,8.11,19398,15781909.0,0.85,-1.22,-0.1,0.27,4.44,3.7,4.81,4.44,4.19,2.71,3.95,1.6,1.48,1.97,8.2,8.26,8.42,8.48,0.86,-0.12,-0.25,-0.62,-0.99,-1.11,-0.37,-0.12,0.25,0.0
2020-03-27,600508,8.15,8.13,8.18,8.1,20481,16671823.0,0.99,0.25,0.02,0.28,3.83,4.94,4.57,4.32,2.84,4.07,1.73,1.6,2.1,0.99,8.15,8.24,8.41,8.47,-0.37,-0.49,-0.86,-1.23,-1.35,-0.62,-0.37,0.0,-0.25,-1.48
2020-03-30,600508,8.1,8.04,8.1,8.0,20113,16166790.0,1.23,-1.11,-0.09,0.28,6.25,5.88,5.62,4.13,5.37,3.0,2.88,3.37,2.25,2.25,8.13,8.21,8.39,8.45,0.62,0.25,-0.12,-0.25,0.5,0.75,1.12,0.87,-0.37,-0.12
2020-03-31,600508,8.06,8.03,8.09,8.03,12549,10102190.0,0.75,-0.12,-0.01,0.17,5.48,5.23,3.74,4.98,2.62,2.49,2.99,1.87,1.87,0.87,8.1,8.18,8.36,8.42,0.37,0.0,-0.12,0.62,0.87,1.25,1.0,-0.25,0.0,0.0
2020-04-01,600508,8.04,7.96,8.06,7.95,21565,17282570.0,1.37,-0.87,-0.07,0.3,6.29,4.78,6.04,3.65,3.52,4.03,2.89,2.89,1.89,1.76,8.05,8.14,8.32,8.4,0.88,0.75,1.51,1.76,2.14,1.88,0.63,0.88,0.88,0.5
2020-04-02,600508,7.91,8.03,8.03,7.9,19777,15753878.0,1.63,0.88,0.07,0.27,5.44,6.71,4.3,4.18,4.68,3.54,3.54,2.53,2.41,2.03,8.04,8.12,8.28,8.38,-0.12,0.62,0.87,1.25,1.0,-0.25,0.0,0.0,-0.37,-0.12
2020-04-03,600508,8.02,7.96,8.02,7.9,16715,13284908.0,1.49,-0.87,-0.07,0.23,6.71,4.3,4.18,4.68,3.54,3.54,2.53,2.41,2.03,1.65,8.0,8.08,8.24,8.35,1.51,1.76,2.14,1.88,0.63,0.88,0.88,0.5,0.75,0.88
2020-04-07,600508,8.02,8.06,8.08,8.01,22498,18091704.0,0.88,1.26,0.1,0.31,2.87,2.75,3.25,2.12,2.12,1.12,1.0,0.62,0.25,0.12,8.01,8.07,8.22,8.34,0.5,0.87,0.62,-0.62,-0.37,-0.37,-0.74,-0.5,-0.37,-0.62
2020-04-08,600508,8.04,8.09,8.1,8.01,19882,16021127.0,1.12,0.37,0.03,0.28,2.75,3.25,2.12,2.12,1.12,1.0,0.62,0.25,0.12,0.87,8.02,8.06,8.19,8.32,0.49,0.25,-0.99,-0.74,-0.74,-1.11,-0.87,-0.74,-0.99,-1.24
2020-04-09,600508,8.09,8.09,8.13,8.07,21447,17355794.0,0.74,0.0,0.0,0.3,2.48,1.36,1.36,0.37,0.25,-0.12,-0.5,-0.62,0.12,0.37,8.05,8.05,8.17,8.31,0.25,-0.99,-0.74,-0.74,-1.11,-0.87,-0.74,-0.99,-1.24,-0.87
2020-04-10,600508,8.11,8.01,8.11,7.99,17931,14409234.0,1.48,-0.99,-0.08,0.25,2.38,2.38,1.38,1.25,0.88,0.5,0.38,1.13,1.38,1.75,8.04,8.04,8.15,8.29,0.0,0.25,0.25,-0.12,0.12,0.25,0.0,-0.25,0.12,0.25
2020-04-13,600508,8.01,7.96,8.01,7.95,10889,8682619.0,0.75,-0.62,-0.05,0.15,2.89,1.89,1.76,1.38,1.01,0.88,1.64,1.89,2.26,2.01,8.04,8.02,8.13,8.28,0.88,0.88,0.5,0.75,0.88,0.63,0.38,0.75,0.88,-0.5
2020-04-14,600508,7.99,8.03,8.03,7.95,11030,8828612.0,1.01,0.88,0.07,0.15,1.89,1.76,1.38,1.01,0.88,1.64,1.89,2.26,2.01,0.75,8.04,8.02,8.12,8.27,0.0,-0.37,-0.12,0.0,-0.25,-0.5,-0.12,0.0,-1.37,-1.74
2020-04-15,600508,8.03,8.0,8.03,7.98,9789,7832673.0,0.62,-0.37,-0.03,0.14,1.38,1.0,0.63,0.5,1.25,1.5,1.88,1.63,0.38,0.63,8.02,8.02,8.1,8.25,0.0,0.25,0.37,0.12,-0.12,0.25,0.37,-1.0,-1.38,-1.25
2020-04-16,600508,7.99,7.99,8.0,7.96,9708,7745521.0,0.5,-0.13,-0.01,0.13,1.26,0.88,0.75,1.51,1.76,2.14,1.88,0.63,0.88,0.88,8.0,8.02,8.08,8.22,0.38,0.5,0.25,0.0,0.38,0.5,-0.88,-1.25,-1.13,-0.25
2020-04-17,600508,8.0,8.0,8.02,7.98,14057,11242754.0,0.5,0.13,0.01,0.19,0.63,0.5,1.25,1.5,1.88,1.63,0.38,0.63,0.63,0.25,8.0,8.02,8.07,8.19,0.37,0.12,-0.12,0.25,0.37,-1.0,-1.38,-1.25,-0.38,0.25
2020-04-20,600508,8.0,8.03,8.03,7.97,11154,8929107.0,0.75,0.38,0.03,0.15,0.63,1.38,1.63,2.01,1.76,0.5,0.75,0.75,0.38,0.63,8.01,8.03,8.05,8.17,-0.25,-0.5,-0.12,0.0,-1.37,-1.74,-1.62,-0.75,-0.12,0.0
2020-04-21,600508,8.0,7.94,8.01,7.93,11417,9084366.0,1.0,-1.12,-0.09,0.16,1.89,2.14,2.52,2.27,1.01,1.26,1.26,0.88,1.13,1.26,7.99,8.01,8.04,8.15,0.63,1.01,1.13,-0.25,-0.63,-0.5,0.38,1.01,1.13,1.26
2020-04-22,600508,7.92,7.95,7.99,7.88,13709,10863597.0,1.39,0.13,0.01,0.19,2.79,3.17,2.92,1.65,1.9,1.9,1.52,1.78,1.9,1.65,7.98,8.0,8.03,8.13,0.88,1.01,-0.38,-0.75,-0.63,0.25,0.88,1.01,1.13,1.13
2020-04-23,600508,7.96,7.99,8.02,7.95,14876,11876026.0,0.88,0.5,0.04,0.21,2.26,2.01,0.75,1.01,1.01,0.63,0.88,1.01,0.75,0.5,7.98,7.99,8.02,8.11,0.5,-0.88,-1.25,-1.13,-0.25,0.38,0.5,0.63,0.63,0.38
2020-04-24,600508,7.99,7.9,8.03,7.87,24119,19157504.0,2.0,-1.13,-0.09,0.33,3.05,1.78,2.03,2.03,1.65,1.91,2.03,1.78,1.52,1.91,7.96,7.98,8.01,8.09,0.25,-0.13,0.0,0.89,1.52,1.65,1.77,1.77,1.52,1.14
2020-04-27,600508,7.88,7.86,7.92,7.85,14855,11707024.0,0.89,-0.51,-0.04,0.21,2.04,2.29,2.29,1.91,2.17,2.29,2.04,1.78,2.17,2.29,7.93,7.97,8.0,8.08,0.38,0.51,1.4,2.04,2.16,2.29,2.29,2.04,1.65,1.27
2020-04-28,600508,7.85,7.69,7.89,7.61,27396,21097758.0,3.56,-2.16,-0.17,0.38,5.52,5.52,5.12,5.39,5.52,5.26,4.99,5.39,5.52,4.07,7.88,7.94,7.98,8.06,2.73,3.64,4.29,4.42,4.55,4.55,4.29,3.9,3.51,3.38
2020-04-29,600508,7.69,7.85,7.9,7.69,20459,15975283.0,2.73,2.08,0.16,0.28,4.42,4.03,4.29,4.42,4.16,3.9,4.29,4.42,2.99,2.6,7.86,7.92,7.97,8.04,1.53,2.17,2.29,2.42,2.42,2.17,1.78,1.4,1.27,1.02
2020-04-30,600508,7.88,7.96,7.97,7.85,17997,14266985.0,1.53,1.4,0.11,0.25,1.91,2.17,2.29,2.04,1.78,2.17,2.29,0.89,0.51,0.64,7.85,7.92,7.97,8.03,0.75,0.88,1.01,1.01,0.75,0.38,0.0,-0.13,-0.38,0.25
2020-05-06,600508,7.93,8.01,8.02,7.9,23632,18786302.0,1.51,0.63,0.05,0.33,1.52,1.65,1.39,1.14,1.52,1.65,0.25,-0.13,0.0,0.89,7.87,7.92,7.97,8.02,0.25,0.37,0.37,0.12,-0.25,-0.62,-0.75,-1.0,-0.37,-0.37
2020-05-07,600508,7.98,7.98,8.03,7.94,16802,13397094.0,1.12,-0.37,-0.03,0.23,1.13,0.88,0.63,1.01,1.13,-0.25,-0.63,-0.5,0.38,1.01,7.9,7.91,7.97,8.0,0.75,0.75,0.5,0.13,-0.25,-0.38,-0.63,0.0,0.0,0.0
2020-05-08,600508,8.0,8.03,8.04,7.98,21863,17518833.0,0.75,0.63,0.05,0.3,0.38,0.13,0.5,0.63,-0.75,-1.13,-1.0,-0.13,0.5,0.63,7.97,7.92,7.97,8.0,0.12,-0.12,-0.5,-0.87,-1.0,-1.25,-0.62,-0.62,-0.62,1.87
2020-05-11,600508,8.03,8.0,8.04,7.94,22189,17748471.0,1.25,-0.37,-0.03,0.31,0.63,1.01,1.13,-0.25,-0.63,-0.5,0.38,1.01,1.13,1.26,8.0,7.93,7.96,8.0,0.25,-0.12,-0.5,-0.62,-0.88,-0.25,-0.25,-0.25,2.25,4.37
2020-05-12,600508,8.0,7.95,8.02,7.93,15148,12081098.0,1.13,-0.63,-0.05,0.21,1.13,1.26,-0.13,-0.5,-0.38,0.5,1.13,1.26,1.39,1.39,7.99,7.92,7.96,7.99,0.5,0.13,0.0,-0.25,0.38,0.38,0.38,2.89,5.03,4.65
2020-05-13,600508,7.95,7.97,7.99,7.92,10608,8430732.0,0.88,0.25,0.02,0.15,1.39,0.0,-0.38,-0.25,0.63,1.26,1.39,1.52,1.52,1.26,7.99,7.93,7.95,7.98,-0.13,-0.25,-0.5,0.13,0.13,0.13,2.63,4.77,4.39,4.52
2020-05-14,600508,7.96,7.93,7.96,7.91,15913,12619542.0,0.63,-0.5,-0.04,0.22,0.13,-0.25,-0.13,0.76,1.39,1.52,1.64,1.64,1.39,1.01,7.98,7.94,7.95,7.98,0.25,0.0,0.63,0.63,0.63,3.15,5.3,4.92,5.04,4.41
2020-05-15,600508,7.94,7.89,7.95,7.88,14622,11582584.0,0.88,-0.5,-0.04,0.2,0.13,0.25,1.14,1.78,1.9,2.03,2.03,1.78,1.4,1.02,7.95,7.96,7.95,7.97,0.51,1.14,1.14,1.14,3.68,5.83,5.45,5.58,4.94,3.68
2020-05-18,600508,7.89,7.91,7.93,7.86,12881,10182143.0,0.89,0.25,0.02,0.18,0.51,1.4,2.04,2.16,2.29,2.29,2.04,1.65,1.27,1.15,7.93,7.96,7.94,7.97,0.88,0.88,0.88,3.41,5.56,5.18,5.31,4.68,3.41,3.92
2020-05-19,600508,7.93,7.98,7.98,7.93,20885,16618006.0,0.63,0.88,0.07,0.29,0.5,1.13,1.26,1.39,1.39,1.13,0.76,0.38,0.25,0.0,7.94,7.97,7.94,7.97,0.0,0.0,2.51,4.64,4.26,4.39,3.76,2.51,3.01,3.51
2020-05-20,600508,7.97,7.89,7.98,7.87,19820,15690346.0,1.38,-1.13,-0.09,0.27,1.91,2.03,2.16,2.16,1.91,1.52,1.14,1.02,0.76,1.4,7.92,7.95,7.94,7.96,1.14,3.68,5.83,5.45,5.58,4.94,3.68,4.18,4.69,5.07
2020-05-21,600508,7.9,7.98,7.98,7.9,18665,14826957.0,1.01,1.14,0.09,0.26,1.65,1.77,1.77,1.52,1.14,0.76,0.63,0.38,1.01,1.01,7.93,7.95,7.93,7.96,2.51,4.64,4.26,4.39,3.76,2.51,3.01,3.51,3.88,2.76
2020-05-22,600508,7.98,8.07,8.18,7.94,54175,43777019.0,3.01,1.13,0.09,0.75,1.26,1.26,1.01,0.63,0.25,0.13,-0.13,0.5,0.5,0.5,7.97,7.96,7.94,7.96,3.47,3.1,3.22,2.6,1.36,1.86,2.35,2.73,1.61,1.61
2020-05-25,600508,8.05,8.32,8.35,8.03,83750,69016449.0,3.97,3.1,0.25,1.16,0.12,-0.12,-0.5,-0.87,-1.0,-1.25,-0.62,-0.62,-0.62,1.87,8.05,7.99,7.96,7.97,0.0,0.12,-0.48,-1.68,-1.2,-0.72,-0.36,-1.44,-1.44,-0.36
2020-05-26,600508,8.27,8.32,8.32,8.19,49961,41213813.0,1.56,0.0,0.0,0.69,-2.08,-2.44,-2.81,-2.93,-3.17,-2.56,-2.56,-2.56,-0.12,1.95,8.12,8.03,7.97,7.98,0.12,-0.48,-1.68,-1.2,-0.72,-0.36,-1.44,-1.44,-0.36,-0.6
2020-05-27,600508,8.33,8.24,8.33,8.2,32637,26894730.0,1.56,-0.96,-0.08,0.45,-2.56,-2.93,-3.05,-3.29,-2.68,-2.68,-2.68,-0.24,1.83,1.46,8.19,8.05,7.99,7.99,0.49,-0.73,-0.24,0.24,0.61,-0.49,-0.49,0.61,0.36,-0.12
2020-05-28,600508,8.24,8.16,8.28,8.06,37659,30714728.0,2.67,-0.97,-0.08,0.52,-1.24,-1.36,-1.61,-0.99,-0.99,-0.99,1.49,3.6,3.23,3.35,8.22,8.08,8.01,7.99,0.25,0.74,1.23,1.59,0.49,0.49,1.59,1.35,0.86,1.35
2020-05-29,600508,8.13,8.12,8.18,8.12,21681,17645735.0,0.74,-0.49,-0.04,0.3,-2.09,-2.34,-1.72,-1.72,-1.72,0.74,2.83,2.46,2.59,1.97,8.23,8.1,8.03,8.0,1.23,1.72,2.09,0.99,0.99,2.09,1.85,1.35,1.85,0.49
2020-06-01,600508,8.14,8.21,8.22,8.12,29405,24046458.0,1.23,1.11,0.09,0.41,-2.34,-1.72,-1.72,-1.72,0.74,2.83,2.46,2.59,1.97,0.74,8.21,8.13,8.05,8.0,0.61,0.97,-0.12,-0.12,0.97,0.73,0.24,0.73,-0.61,-0.61
2020-06-02,600508,8.22,8.24,8.26,8.19,28386,23349269.0,0.85,0.37,0.03,0.39,-2.56,-2.56,-2.56,-0.12,1.95,1.59,1.71,1.1,-0.12,0.37,8.19,8.16,8.06,8.01,0.61,-0.49,-0.49,0.61,0.36,-0.12,0.36,-0.97,-0.97,-0.73
2020-06-03,600508,8.25,8.14,8.29,8.13,36757,30142814.0,1.94,-1.21,-0.1,0.51,-1.85,-1.85,0.62,2.71,2.34,2.46,1.85,0.62,1.11,1.6,8.17,8.18,8.07,8.02,0.74,0.74,1.84,1.6,1.11,1.6,0.25,0.25,0.49,1.72
2020-06-04,600508,8.15,8.17,8.2,8.12,17772,14498409.0,0.98,0.37,0.03,0.25,-1.72,0.74,2.83,2.46,2.59,1.97,0.74,1.23,1.72,2.09,8.18,8.2,8.08,8.02,0.37,1.47,1.22,0.73,1.22,-0.12,-0.12,0.12,1.35,5.14
2020-06-05,600508,8.16,8.17,8.2,8.12,14777,12041484.0,0.98,0.0,0.0,0.2,0.74,2.83,2.46,2.59,1.97,0.74,1.23,1.72,2.09,0.99,8.19,8.21,8.08,8.03,1.47,1.22,0.73,1.22,-0.12,-0.12,0.12,1.35,5.14,0.98
2020-06-08,600508,8.17,8.26,8.29,8.17,34580,28462442.0,1.47,1.1,0.09,0.48,2.2,1.84,1.96,1.35,0.12,0.61,1.1,1.47,0.37,0.37,8.2,8.2,8.1,8.04,0.12,-0.36,0.12,-1.21,-1.21,-0.97,0.24,4.0,-0.12,-1.94
2020-06-09,600508,8.26,8.23,8.27,8.21,17680,14546840.0,0.73,-0.36,-0.03,0.24,1.34,1.46,0.85,-0.37,0.12,0.61,0.97,-0.12,-0.12,0.97,8.19,8.19,8.11,8.05,0.0,0.49,-0.85,-0.85,-0.61,0.61,4.37,0.24,-1.58,-2.07
2020-06-10,600508,8.23,8.17,8.23,8.13,17503,14283562.0,1.22,-0.73,-0.06,0.24,2.46,1.85,0.62,1.11,1.6,1.97,0.86,0.86,1.97,1.72,8.2,8.19,8.12,8.06,1.22,-0.12,-0.12,0.12,1.35,5.14,0.98,-0.86,-1.35,-0.98
2020-06-11,600508,8.17,8.17,8.27,8.14,25362,20804904.0,1.59,0.0,0.0,0.35,1.72,0.49,0.98,1.47,1.84,0.74,0.74,1.84,1.6,1.11,8.2,8.19,8.13,8.07,-0.12,-0.12,0.12,1.35,5.14,0.98,-0.86,-1.35,-0.98,-1.1
2020-06-12,600508,8.07,8.13,8.16,8.05,19134,15532343.0,1.35,-0.49,-0.04,0.26,1.61,2.11,2.61,2.98,1.86,1.86,2.98,2.73,2.24,2.73,8.19,8.19,8.14,8.08,0.37,0.62,1.85,5.66,1.48,-0.37,-0.86,-0.49,-0.62,-1.35
2020-06-15,600508,8.12,8.08,8.16,8.08,19804,16063763.0,0.98,-0.62,-0.05,0.27,1.73,2.23,2.6,1.49,1.49,2.6,2.35,1.86,2.35,0.99,8.16,8.18,8.15,8.09,1.24,2.48,6.31,2.1,0.25,-0.25,0.12,0.0,-0.74,-0.12
2020-06-16,600508,8.09,8.17,8.18,8.09,19042,15518320.0,1.11,1.11,0.09,0.26,2.1,2.47,1.36,1.36,2.47,2.22,1.73,2.22,0.87,0.87,8.14,8.17,8.16,8.1,1.35,5.14,0.98,-0.86,-1.35,-0.98,-1.1,-1.84,-1.22,1.1
2020-06-17,600508,8.17,8.25,8.28,8.15,32742,26896523.0,1.59,0.98,0.08,0.45,1.72,0.61,0.61,1.72,1.47,0.98,1.47,0.12,0.12,0.37,8.16,8.18,8.18,8.1,4.12,0.0,-1.82,-2.3,-1.94,-2.06,-2.79,-2.18,0.12,5.58
2020-06-18,600508,8.25,8.47,8.59,8.18,104892,88801843.0,4.97,2.67,0.22,1.45,0.24,0.24,1.34,1.1,0.61,1.1,-0.24,-0.24,0.0,1.22,8.22,8.21,8.2,8.12,-2.6,-4.37,-4.84,-4.49,-4.6,-5.31,-4.72,-2.48,2.83,9.56
2020-06-19,600508,8.25,8.05,8.25,8.02,70382,57056802.0,2.72,-4.96,-0.42,0.97,2.24,3.37,3.12,2.62,3.12,1.75,1.75,2.0,3.24,7.11,8.2,8.2,8.2,8.12,0.62,0.12,0.5,0.37,-0.37,0.25,2.61,8.2,15.28,17.39
2020-06-22,600508,8.05,8.03,8.1,8.01,34908,28105512.0,1.12,-0.25,-0.02,0.48,3.5,3.25,2.75,3.25,1.87,1.87,2.12,3.37,7.24,3.0,8.19,8.18,8.19,8.12,0.37,0.75,0.62,-0.12,0.5,2.86,8.47,15.57,17.68,15.82
2020-06-23,600508,8.03,8.04,8.06,8.0,20742,16638193.0,0.75,0.12,0.01,0.29,3.37,2.88,3.37,2.0,2.0,2.25,3.5,7.37,3.12,1.25,8.17,8.16,8.17,8.13,0.62,0.5,-0.25,0.37,2.74,8.33,15.42,17.54,15.67,19.4
2020-06-24,600508,8.05,8.08,8.09,8.0,26237,21129513.0,1.12,0.5,0.04,0.36,2.88,3.37,2.0,2.0,2.25,3.5,7.37,3.12,1.25,0.75,8.13,8.15,8.17,8.13,0.0,-0.74,-0.12,2.23,7.8,14.85,16.96,15.1,18.81,15.97
2020-06-29,600508,8.07,7.95,8.08,7.94,32981,26375141.0,1.73,-1.61,-0.13,0.46,4.16,2.77,2.77,3.02,4.28,8.19,3.9,2.02,1.51,1.89,8.03,8.13,8.16,8.13,0.88,1.51,3.9,9.56,16.73,18.87,16.98,20.75,17.86,17.86
2020-06-30,600508,7.96,8.0,8.02,7.96,25057,20028385.0,0.75,0.63,0.05,0.35,2.51,2.51,2.76,4.02,7.91,3.64,1.76,1.26,1.63,1.51,8.02,8.11,8.15,8.13,0.88,3.25,8.88,16.0,18.12,16.25,20.0,17.12,17.12,17.62
2020-07-01,600508,8.0,8.07,8.07,7.99,29121,23381387.0,1.0,0.88,0.07,0.4,2.13,2.38,3.63,7.51,3.25,1.38,0.88,1.25,1.13,0.38,8.03,8.11,8.14,8.14,2.35,7.93,14.99,17.1,15.24,18.96,16.11,16.11,16.6,16.36
2020-07-02,600508,8.07,8.25,8.26,8.06,63586,51968046.0,2.48,2.23,0.18,0.88,1.49,2.73,6.58,2.36,0.5,0.0,0.37,0.25,-0.5,0.12,8.07,8.12,8.14,8.15,5.58,12.48,14.55,12.73,16.36,13.58,13.58,14.06,13.82,12.0
2020-07-03,600508,8.26,8.6,8.71,8.26,147930,126327006.0,5.45,4.24,0.35,2.05,0.24,4.0,-0.12,-1.94,-2.42,-2.06,-2.18,-2.91,-2.3,0.0,8.17,8.15,8.17,8.17,7.91,9.88,8.14,11.63,8.95,8.95,9.42,9.19,7.44,4.07
2020-07-06,600508,8.64,9.23,9.28,8.64,209476,189328047.0,7.44,7.33,0.63,2.9,-0.58,-4.51,-6.25,-6.71,-6.37,-6.48,-7.18,-6.6,-4.4,0.81,8.43,8.23,8.22,8.21,2.38,0.76,4.01,1.52,1.52,1.95,1.73,0.11,-3.03,-0.87
2020-07-07,600508,9.4,9.02,9.45,9.01,167742,153580674.0,4.77,-2.28,-0.21,2.32,-8.44,-10.1,-10.54,-10.21,-10.32,-10.99,-10.43,-8.32,-3.33,3.0,8.63,8.33,8.26,8.24,3.1,6.43,3.88,3.88,4.32,4.1,2.44,-0.78,1.44,2.44
2020-07-08,600508,9.03,9.23,9.3,8.98,126764,116031663.0,3.55,2.33,0.21,1.75,-9.8,-10.24,-9.91,-10.02,-10.69,-10.13,-8.02,-3.01,3.34,5.23,8.87,8.45,8.31,8.27,4.01,1.52,1.52,1.95,1.73,0.11,-3.03,-0.87,0.11,-0.54
2020-07-09,600508,9.2,9.48,9.6,9.1,153851,143387937.0,5.42,2.71,0.25,2.13,-11.43,-11.1,-11.21,-11.87,-11.32,-9.23,-4.29,1.98,3.85,2.2,9.11,8.59,8.37,8.31,-1.16,-1.16,-0.74,-0.95,-2.53,-5.59,-3.48,-2.53,-3.16,-4.64
2020-07-10,600508,9.37,9.15,9.37,9.12,103172,95533892.0,2.64,-3.48,-0.33,1.43,-11.29,-11.4,-12.06,-11.51,-9.43,-4.5,1.75,3.62,1.97,5.26,9.22,8.7,8.42,8.34,2.4,2.84,2.62,0.98,-2.19,0.0,0.98,0.33,-1.2,-0.33
2020-07-13,600508,9.15,9.28,9.37,9.13,93956,87060193.0,2.62,1.42,0.13,1.3,-11.5,-12.16,-11.61,-9.53,-4.6,1.64,3.5,1.86,5.15,2.63,9.23,8.83,8.48,8.38,1.4,1.19,-0.43,-3.56,-1.4,-0.43,-1.08,-2.59,-1.72,-4.09
2020-07-14,600508,9.33,9.34,9.41,9.09,99881,92532587.0,3.45,0.65,0.06,1.38,-11.77,-11.22,-9.13,-4.18,2.09,3.96,2.31,5.61,3.08,3.08,9.3,8.97,8.54,8.42,0.54,-1.07,-4.18,-2.03,-1.07,-1.71,-3.21,-2.36,-4.71,-3.85
2020-07-15,600508,9.35,9.16,9.39,9.11,68077,62852560.0,3.0,-1.93,-0.18,0.94,-11.42,-9.33,-4.39,1.87,3.73,2.09,5.38,2.85,2.85,3.29,9.28,9.07,8.59,8.45,0.87,-2.29,-0.11,0.87,0.22,-1.31,-0.44,-2.84,-1.97,-1.97
2020-07-16,600508,9.1,8.87,9.24,8.86,74345,67429197.0,4.15,-3.17,-0.29,1.03,-6.77,-1.69,4.74,6.66,4.97,8.35,5.76,5.76,6.21,5.98,9.16,9.14,8.63,8.47,0.9,3.16,4.17,3.49,1.92,2.82,0.34,1.24,1.24,2.03
2020-07-17,600508,8.87,8.77,8.95,8.68,46327,40825842.0,3.04,-1.13,-0.1,0.64,0.35,6.91,8.87,7.14,10.6,7.95,7.95,8.41,8.18,6.45,9.08,9.15,8.65,8.5,4.33,5.36,4.68,3.08,3.99,1.48,2.39,2.39,3.19,2.96
2020-07-20,600508,8.83,9.15,9.15,8.83,70489,63687161.0,3.65,4.33,0.38,0.98,5.1,7.02,5.32,8.72,6.12,6.12,6.57,6.34,4.64,1.36,9.06,9.15,8.69,8.53,0.98,0.33,-1.2,-0.33,-2.73,-1.86,-1.86,-1.09,-1.31,-0.33
2020-07-21,600508,9.17,9.1,9.24,9.02,41124,37411923.0,2.4,-0.55,-0.05,0.57,4.77,3.1,6.43,3.88,3.88,4.32,4.1,2.44,-0.78,1.44,9.01,9.15,8.74,8.56,0.88,-0.66,0.22,-2.2,-1.32,-1.32,-0.55,-0.77,0.22,0.11
2020-07-22,600508,9.08,9.09,9.18,9.03,51869,47233177.0,1.65,-0.11,-0.01,0.72,2.99,6.31,3.77,3.77,4.21,3.99,2.33,-0.89,1.33,2.33,9.0,9.14,8.79,8.59,-0.55,0.33,-2.09,-1.21,-1.21,-0.44,-0.66,0.33,0.22,-0.44
2020-07-23,600508,9.04,9.02,9.04,8.85,54222,48578309.0,2.09,-0.77,-0.07,0.75,8.47,5.88,5.88,6.33,6.1,4.41,1.13,3.39,4.41,3.73,9.03,9.09,8.84,8.61,1.11,-1.33,-0.44,-0.44,0.33,0.11,1.11,1.0,0.33,-0.22
2020-07-24,600508,9.0,8.85,9.12,8.83,50172,45014748.0,3.22,-1.88,-0.17,0.69,6.12,6.12,6.57,6.34,4.64,1.36,3.62,4.64,3.96,2.38,9.04,9.06,8.88,8.64,0.56,1.47,1.47,2.26,2.03,3.05,2.94,2.26,1.69,1.13
2020-07-27,600508,8.85,8.83,8.9,8.71,30372,26708800.0,2.15,-0.23,-0.02,0.42,7.58,8.04,7.81,6.08,2.76,5.05,6.08,5.4,3.79,4.71,8.98,9.02,8.92,8.66,1.7,1.7,2.49,2.27,3.28,3.17,2.49,1.93,1.36,1.36
2020-07-28,600508,8.83,8.91,8.98,8.83,35972,32120017.0,1.7,0.91,0.08,0.5,6.57,6.34,4.64,1.36,3.62,4.64,3.96,2.38,3.28,0.79,8.94,8.98,8.97,8.68,0.79,1.57,1.35,2.36,2.24,1.57,1.01,0.45,0.45,0.9
2020-07-29,600508,8.89,8.98,8.98,8.8,33345,29712930.0,2.02,0.79,0.07,0.46,6.7,5.0,1.7,3.98,5.0,4.32,2.73,3.64,1.14,2.05,8.92,8.96,9.02,8.71,0.78,0.56,1.56,1.45,0.78,0.22,-0.33,-0.33,0.11,-1.45
2020-07-30,600508,8.98,8.96,9.05,8.93,31068,27914076.0,1.34,-0.22,-0.02,0.43,3.47,0.22,2.46,3.47,2.8,1.23,2.13,-0.34,0.56,0.56,8.91,8.97,9.05,8.74,0.78,1.79,1.67,1.0,0.45,-0.11,-0.11,0.33,-1.23,-0.22
2020-07-31,600508,8.97,8.96,9.03,8.87,36960,33041303.0,1.79,0.0,0.0,0.51,0.9,3.16,4.17,3.49,1.92,2.82,0.34,1.24,1.24,2.03,8.93,8.99,9.07,8.76,1.79,1.67,1.0,0.45,-0.11,-0.11,0.33,-1.23,-0.22,0.0
2020-08-03,600508,8.96,9.1,9.12,8.96,49585,44807376.0,1.79,1.56,0.14,0.69,2.12,3.12,2.46,0.89,1.79,-0.67,0.22,0.22,1.0,0.78,8.98,8.98,9.06,8.78,0.11,-0.55,-1.1,-1.65,-1.65,-1.21,-2.75,-1.76,-1.54,0.44
2020-08-04,600508,9.11,9.04,9.11,9.01,37946,34309441.0,1.1,-0.66,-0.06,0.53,2.55,1.89,0.33,1.22,-1.22,-0.33,-0.33,0.44,0.22,1.22,9.01,8.97,9.06,8.82,0.11,-0.44,-1.0,-1.0,-0.55,-2.1,-1.11,-0.88,1.11,3.43
2020-08-05,600508,9.01,8.96,9.05,8.93,35144,31535004.0,1.33,-0.88,-0.08,0.49,2.8,1.23,2.13,-0.34,0.56,0.56,1.34,1.12,2.13,2.02,9.0,8.96,9.05,8.85,0.45,-0.11,-0.11,0.33,-1.23,-0.22,0.0,2.01,4.35,3.57
2020-08-06,600508,8.96,8.95,9.0,8.85,33307,29667530.0,1.67,-0.11,-0.01,0.46,2.15,3.05,0.56,1.47,1.47,2.26,2.03,3.05,2.94,2.26,9.0,8.95,9.02,8.88,0.0,0.0,0.45,-1.12,-0.11,0.11,2.12,4.47,3.69,2.35
2020-08-07,600508,8.95,8.81,8.95,8.75,29421,25985567.0,2.23,-1.56,-0.14,0.41,4.23,1.71,2.63,2.63,3.43,3.2,4.23,4.11,3.43,2.86,8.97,8.95,9.01,8.9,1.59,2.04,0.45,1.48,1.7,3.75,6.13,5.33,3.97,3.18
2020-08-10,600508,8.81,8.92,8.95,8.76,28262,25106354.0,2.16,1.25,0.11,0.39,1.6,2.51,2.51,3.31,3.08,4.11,4.0,3.31,2.74,2.17,8.94,8.96,8.99,8.94,0.78,-0.78,0.22,0.45,2.47,4.82,4.04,2.69,1.91,2.02
2020-08-11,600508,8.93,8.83,8.99,8.82,27299,24363997.0,1.91,-1.01,-0.09,0.38,1.81,1.81,2.61,2.38,3.4,3.29,2.61,2.04,1.47,1.47,8.89,8.95,8.96,8.96,0.23,1.25,1.47,3.51,5.89,5.1,3.74,2.94,3.06,2.15
2020-08-12,600508,8.83,8.83,8.85,8.71,29406,25805494.0,1.59,0.0,0.0,0.41,3.1,3.9,3.67,4.71,4.59,3.9,3.33,2.76,2.76,3.21,8.87,8.94,8.95,8.99,1.25,1.47,3.51,5.89,5.1,3.74,2.94,3.06,2.15,1.13
2020-08-13,600508,8.84,8.93,8.94,8.81,24417,21741049.0,1.47,1.13,0.1,0.34,2.72,2.5,3.52,3.41,2.72,2.16,1.59,1.59,2.04,0.45,8.86,8.93,8.95,9.01,0.34,2.35,4.7,3.92,2.58,1.79,1.9,1.01,0.0,-1.12
2020-08-14,600508,8.86,8.96,8.96,8.86,16592,14809300.0,1.12,0.34,0.03,0.23,1.92,2.93,2.82,2.14,1.58,1.02,1.02,1.47,-0.11,0.9,8.89,8.93,8.96,9.02,2.01,4.35,3.57,2.23,1.45,1.56,0.67,-0.33,-1.45,-1.67
2020-08-17,600508,9.1,9.1,9.14,8.97,56218,51012186.0,1.9,1.56,0.14,0.78,1.67,1.56,0.89,0.33,-0.22,-0.22,0.22,-1.34,-0.33,-0.11,8.93,8.93,8.96,9.02,2.75,1.98,0.66,-0.11,0.0,-0.88,-1.87,-2.97,-3.19,-0.88
2020-08-18,600508,9.13,9.19,9.35,9.08,85673,79017935.0,2.97,0.99,0.09,1.19,0.33,-0.33,-0.88,-1.43,-1.43,-0.99,-2.53,-1.54,-1.32,0.66,9.0,8.95,8.96,9.02,0.98,-0.33,-1.09,-0.98,-1.85,-2.83,-3.92,-4.13,-1.85,-2.39
2020-08-19,600508,9.21,9.17,9.28,9.09,61075,56020169.0,2.07,-0.22,-0.02,0.85,-0.44,-0.99,-1.54,-1.54,-1.1,-2.64,-1.65,-1.43,0.55,2.86,9.07,8.97,8.96,9.02,-0.11,-0.87,-0.76,-1.64,-2.62,-3.71,-3.93,-1.64,-2.18,-1.74
2020-08-20,600508,9.16,9.02,9.16,9.01,34703,31458612.0,1.64,-1.64,-0.15,0.48,-0.11,-0.67,-0.67,-0.22,-1.78,-0.78,-0.55,1.44,3.77,3.0,9.09,8.98,8.96,9.01,0.78,0.89,0.0,-1.0,-2.11,-2.33,0.0,-0.55,-0.11,0.67
2020-08-21,600508,9.06,9.01,9.09,8.99,31694,28611771.0,1.11,-0.11,-0.01,0.44,-0.44,-0.44,0.0,-1.56,-0.56,-0.33,1.67,4.0,3.23,1.89,9.1,9.0,8.97,9.0,1.0,0.11,-0.89,-2.0,-2.22,0.11,-0.44,0.0,0.78,-1.33
2020-08-24,600508,9.07,8.99,9.1,8.96,26743,24071686.0,1.55,-0.22,-0.02,0.37,-0.11,0.33,-1.23,-0.22,0.0,2.01,4.35,3.57,2.23,1.45,9.08,9.0,8.98,8.99,0.33,-0.67,-1.78,-2.0,0.33,-0.22,0.22,1.0,-1.11,-0.67
2020-08-25,600508,8.99,8.87,9.02,8.83,30643,27313413.0,2.11,-1.33,-0.12,0.42,1.81,0.23,1.25,1.47,3.51,5.89,5.1,3.74,2.94,3.06,9.01,9.01,8.98,8.98,0.68,-0.45,-0.68,1.69,1.13,1.58,2.37,0.23,0.68,1.01
2020-08-26,600508,8.81,8.81,8.93,8.76,28261,24932298.0,1.92,-0.68,-0.06,0.39,1.03,2.05,2.28,4.34,6.74,5.94,4.57,3.77,3.88,2.97,8.94,9.01,8.97,8.97,0.23,0.0,2.38,1.82,2.27,3.06,0.91,1.36,1.7,4.2
2020-08-27,600508,8.79,8.71,8.83,8.65,53556,46646308.0,2.04,-1.14,-0.1,0.74,3.35,3.58,5.66,8.09,7.28,5.9,5.09,5.2,4.28,3.24,8.88,8.98,8.96,8.96,1.15,3.56,2.99,3.44,4.25,2.07,2.53,2.87,5.4,4.59
2020-08-28,600508,8.71,8.81,8.81,8.67,28185,24626298.0,1.61,1.15,0.1,0.39,3.34,5.42,7.84,7.04,5.65,4.84,4.96,4.04,3.0,1.85,8.84,8.97,8.95,8.96,2.38,1.82,2.27,3.06,0.91,1.36,1.7,4.2,3.41,0.23
2020-08-31,600508,8.87,8.88,9.02,8.86,44270,39555589.0,1.82,0.79,0.07,0.61,3.16,5.53,4.74,3.39,2.6,2.71,1.81,0.79,-0.34,-0.56,8.82,8.95,8.94,8.95,1.01,1.46,2.25,0.11,0.56,0.9,3.38,2.59,-0.56,-1.13
2020-09-01,600508,8.88,8.95,8.97,8.85,21416,19116966.0,1.35,0.79,0.07,0.3,5.65,4.86,3.5,2.71,2.82,1.92,0.9,-0.23,-0.45,1.92,8.83,8.92,8.93,8.95,0.67,1.45,-0.67,-0.22,0.11,2.57,1.79,-1.34,-1.9,-2.23
2020-09-02,600508,8.95,8.92,9.01,8.86,24910,22260613.0,1.68,-0.34,-0.03,0.34,4.74,3.39,2.6,2.71,1.81,0.79,-0.34,-0.56,1.81,1.24,8.85,8.9,8.93,8.94,1.79,-0.34,0.11,0.45,2.91,2.13,-1.01,-1.57,-1.91,-0.9
2020-09-03,600508,8.92,8.94,9.08,8.91,35779,32183019.0,1.91,0.22,0.02,0.5,2.81,2.02,2.13,1.23,0.22,-0.9,-1.12,1.23,0.67,1.12,8.9,8.89,8.93,8.94,-0.56,-0.11,0.22,2.68,1.9,-1.23,-1.79,-2.13,-1.12,-1.68
2020-09-04,600508,8.85,8.86,8.89,8.79,29394,25935669.0,1.12,-0.89,-0.08,0.41,3.41,3.53,2.62,1.59,0.46,0.23,2.62,2.05,2.5,3.3,8.91,8.87,8.93,8.94,0.79,1.13,3.61,2.82,-0.34,-0.9,-1.24,-0.23,-0.79,2.03
2020-09-07,600508,8.82,8.75,8.93,8.75,35070,31024547.0,2.03,-1.24,-0.11,0.49,4.0,3.09,2.06,0.91,0.69,3.09,2.51,2.97,3.77,1.6,8.88,8.85,8.93,8.94,2.4,4.91,4.11,0.91,0.34,0.0,1.03,0.46,3.31,3.77
2020-09-08,600508,8.76,8.93,8.96,8.75,36694,32499745.0,2.4,2.06,0.18,0.51,3.09,2.06,0.91,0.69,3.09,2.51,2.97,3.77,1.6,2.06,8.88,8.86,8.93,8.94,2.8,2.02,-1.12,-1.68,-2.02,-1.01,-1.57,1.23,1.68,0.9
2020-09-09,600508,8.91,8.93,9.18,8.88,74407,67180055.0,3.36,0.0,0.0,1.03,0.56,-0.56,-0.79,1.58,1.01,1.46,2.25,0.11,0.56,0.9,8.88,8.87,8.94,8.94,2.02,-1.12,-1.68,-2.02,-1.01,-1.57,1.23,1.68,0.9,-0.34
2020-09-10,600508,9.09,8.84,9.11,8.79,51742,46312248.0,3.58,-1.01,-0.09,0.72,0.46,0.23,2.62,2.05,2.5,3.3,1.14,1.59,1.93,4.44,8.86,8.88,8.93,8.93,-0.11,-0.68,-1.02,0.0,-0.57,2.26,2.71,1.92,0.68,0.57
2020-09-11,600508,8.77,8.74,8.83,8.66,43896,38220701.0,1.92,-1.13,-0.1,0.61,1.73,4.16,3.58,4.04,4.85,2.66,3.12,3.46,6.0,5.2,8.84,8.87,8.92,8.92,0.46,0.11,1.14,0.57,3.43,3.89,3.09,1.83,1.72,0.69
2020-09-14,600508,8.75,8.73,8.78,8.69,25502,22245720.0,1.03,-0.11,-0.01,0.35,3.8,3.22,3.68,4.49,2.3,2.76,3.11,5.64,4.83,1.61,8.83,8.86,8.9,8.91,0.23,1.26,0.69,3.55,4.01,3.21,1.95,1.83,0.8,3.55
2020-09-15,600508,8.73,8.73,8.75,8.66,17002,14812005.0,1.03,0.0,0.0,0.24,3.58,4.04,4.85,2.66,3.12,3.46,6.0,5.2,1.96,1.39,8.79,8.84,8.88,8.9,1.26,0.69,3.55,4.01,3.21,1.95,1.83,0.8,3.55,2.52
2020-09-16,600508,8.74,8.73,8.84,8.63,29383,25669815.0,2.41,0.0,0.0,0.41,4.4,5.21,3.01,3.48,3.82,6.37,5.56,2.32,1.74,1.39,8.75,8.82,8.86,8.89,0.69,3.55,4.01,3.21,1.95,1.83,0.8,3.55,2.52,1.37
2020-09-17,600508,8.74,8.72,8.79,8.67,28341,24723827.0,1.37,-0.11,-0.01,0.39,4.73,2.54,3.0,3.34,5.88,5.07,1.85,1.27,0.92,1.96,8.73,8.8,8.84,8.89,3.67,4.13,3.33,2.06,1.95,0.92,3.67,2.64,1.49,2.87
2020-09-18,600508,8.78,8.97,9.04,8.71,60253,53532235.0,3.78,2.87,0.25,0.83,2.07,2.53,2.87,5.4,4.59,1.38,0.8,0.46,1.49,0.92,8.78,8.81,8.84,8.89,1.23,0.45,-0.78,-0.89,-1.9,0.78,-0.22,-1.34,0.0,1.23
2020-09-21,600508,9.0,9.0,9.08,8.92,48572,43724855.0,1.78,0.33,0.03,0.67,0.11,0.45,2.91,2.13,-1.01,-1.57,-1.91,-0.9,-1.46,1.35,8.83,8.83,8.84,8.89,0.11,-1.11,-1.22,-2.22,0.44,-0.56,-1.67,-0.33,0.89,1.56
2020-09-22,600508,8.9,8.8,9.01,8.79,33495,29822339.0,2.44,-2.22,-0.2,0.46,1.93,4.44,3.64,0.46,-0.11,-0.46,0.57,0.0,2.84,3.3,8.84,8.82,8.84,8.89,1.14,1.02,0.0,2.73,1.7,0.57,1.93,3.18,3.86,3.07
2020-09-23,600508,8.81,8.84,8.9,8.79,16717,14751292.0,1.25,0.45,0.04,0.23,4.44,3.64,0.46,-0.11,-0.46,0.57,0.0,2.84,3.3,2.5,8.87,8.81,8.84,8.89,0.57,-0.45,2.26,1.24,0.11,1.47,2.71,3.39,2.6,5.09
2020-09-24,600508,8.84,8.68,8.89,8.65,26650,23242360.0,2.71,-1.81,-0.16,0.37,5.32,2.08,1.5,1.16,2.2,1.62,4.51,4.97,4.16,2.89,8.86,8.79,8.84,8.89,1.38,4.15,3.11,1.96,3.34,4.61,5.3,4.49,7.03,8.53
2020-09-25,600508,8.7,8.69,8.8,8.67,18214,15871755.0,1.5,0.12,0.01,0.25,1.85,1.27,0.92,1.96,1.38,4.27,4.73,3.92,2.65,2.54,8.8,8.79,8.83,8.88,4.03,2.99,1.84,3.22,4.49,5.18,4.37,6.9,8.4,7.48
2020-09-28,600508,8.73,8.96,9.04,8.7,75719,67457410.0,3.91,3.11,0.27,1.05,0.92,0.57,1.61,1.03,3.91,4.37,3.56,2.3,2.18,1.15,8.79,8.81,8.84,8.87,-0.11,-1.23,0.11,1.34,2.01,1.23,3.68,5.13,4.24,2.57
2020-09-29,600508,8.93,8.84,8.95,8.81,45566,40382729.0,1.56,-1.34,-0.12,0.63,-0.68,0.34,-0.23,2.61,3.06,2.27,1.02,0.91,-0.11,2.61,8.8,8.82,8.83,8.86,0.11,1.47,2.71,3.39,2.6,5.09,6.56,5.66,3.96,3.28
2020-09-30,600508,8.82,8.69,8.85,8.65,43856,38220311.0,2.26,-1.7,-0.15,0.61,2.2,1.62,4.51,4.97,4.16,2.89,2.77,1.73,4.51,3.47,8.77,8.82,8.82,8.84,3.22,4.49,5.18,4.37,6.9,8.4,7.48,5.75,5.06,4.6
2020-10-09,600508,8.81,8.9,8.97,8.73,48350,42912229.0,2.76,2.42,0.21,0.67,0.69,3.55,4.01,3.21,1.95,1.83,0.8,3.55,2.52,1.37,8.82,8.84,8.82,8.84,2.02,2.7,1.91,4.38,5.84,4.94,3.26,2.58,2.13,1.8
2020-10-12,600508,8.92,9.07,9.08,8.88,74517,67114384.0,2.25,1.91,0.17,1.03,1.8,2.25,1.46,0.23,0.11,-0.9,1.8,0.79,-0.34,1.01,8.89,8.85,8.83,8.84,0.77,0.0,2.43,3.86,2.98,1.32,0.66,0.22,-0.11,-2.09
2020-10-13,600508,9.1,9.05,9.14,8.99,56219,50858101.0,1.65,-0.22,-0.02,0.78,1.0,0.22,-1.0,-1.11,-2.11,0.56,-0.44,-1.56,-0.22,1.0,8.91,8.85,8.84,8.84,0.22,2.65,4.09,3.2,1.55,0.88,0.44,0.11,-1.88,-2.21
2020-10-14,600508,9.05,8.98,9.07,8.95,32212,28964948.0,1.33,-0.77,-0.07,0.45,0.67,-0.56,-0.67,-1.68,1.01,0.0,-1.12,0.22,1.45,2.12,8.94,8.87,8.84,8.85,3.45,4.9,4.01,2.34,1.67,1.22,0.89,-1.11,-1.45,-1.22
2020-10-15,600508,8.98,9.1,9.29,8.95,99143,90663182.0,3.79,1.34,0.12,1.37,-0.56,-0.67,-1.68,1.01,0.0,-1.12,0.22,1.45,2.12,1.34,9.02,8.9,8.85,8.86,3.52,2.64,0.99,0.33,-0.11,-0.44,-2.42,-2.75,-2.53,-1.98
2020-10-16,600508,9.12,9.33,9.42,9.05,139490,129392631.0,4.07,2.53,0.23,1.93,-1.77,-2.76,-0.11,-1.1,-2.21,-0.88,0.33,0.99,0.22,2.65,9.11,8.96,8.88,8.88,0.11,-1.5,-2.14,-2.57,-2.89,-4.82,-5.14,-4.93,-4.39,-5.04
2020-10-19,600508,9.27,9.14,9.34,9.11,84787,78167410.0,2.47,-2.04,-0.19,1.17,-3.4,-0.77,-1.76,-2.85,-1.54,-0.33,0.33,-0.44,1.98,3.4,9.12,9.01,8.9,8.89,0.55,-0.11,-0.55,-0.88,-2.84,-3.17,-2.95,-2.41,-3.06,-4.6
2020-10-20,600508,9.19,9.13,9.19,9.01,37387,34005426.0,1.97,-0.11,-0.01,0.52,0.33,-0.67,-1.78,-0.44,0.78,1.44,0.67,3.11,4.55,3.66,9.14,9.02,8.92,8.9,0.0,-0.44,-0.77,-2.74,-3.07,-2.85,-2.3,-2.96,-4.49,-3.72
2020-10-21,600508,9.08,9.02,9.13,9.0,31488,28482571.0,1.42,-1.2,-0.11,0.44,-0.56,-1.67,-0.33,0.89,1.56,0.78,3.22,4.67,3.78,2.11,9.14,9.04,8.93,8.9,0.78,0.44,-1.55,-1.88,-1.66,-1.11,-1.77,-3.33,-2.55,-1.77
2020-10-22,600508,9.02,9.03,9.09,8.97,26350,23789069.0,1.33,0.11,0.01,0.36,-1.34,0.0,1.23,1.9,1.11,3.57,5.02,4.12,2.45,1.78,9.13,9.08,8.95,8.9,0.33,-1.66,-1.99,-1.77,-1.22,-1.88,-3.43,-2.66,-1.88,-1.66
2020-10-23,600508,9.03,8.88,9.06,8.86,46938,41962062.0,2.21,-1.66,-0.15,0.65,1.24,2.48,3.16,2.37,4.85,6.32,5.42,3.72,3.05,2.6,9.04,9.07,8.95,8.9,0.0,-0.34,-0.11,0.45,-0.23,-1.8,-1.01,-0.23,0.0,0.79
2020-10-26,600508,8.82,8.82,8.88,8.74,42323,37222030.0,1.58,-0.68,-0.06,0.59,3.89,4.58,3.78,6.29,7.78,6.86,5.15,4.46,4.0,3.66,8.98,9.05,8.95,8.9,0.34,0.57,1.13,0.45,-1.13,-0.34,0.45,0.68,1.47,2.61
2020-10-27,600508,8.77,8.82,8.85,8.71,26835,23564023.0,1.59,0.0,0.0,0.37,4.94,4.13,6.66,8.15,7.23,5.51,4.82,4.36,4.02,1.95,8.91,9.03,8.94,8.9,0.57,1.13,0.45,-1.13,-0.34,0.45,0.68,1.47,2.61,3.06
2020-10-28,600508,8.83,8.86,8.87,8.75,26250,23137040.0,1.36,0.45,0.04,0.36,3.66,6.17,7.66,6.74,5.03,4.34,3.89,3.54,1.49,1.14,8.88,9.01,8.94,8.9,0.68,0.0,-1.58,-0.79,0.0,0.23,1.02,2.14,2.6,4.4
2020-10-29,600508,8.78,8.79,8.92,8.69,30603,26917926.0,2.6,-0.79,-0.07,0.42,6.9,8.4,7.48,5.75,5.06,4.6,4.26,2.19,1.84,2.07,8.83,8.98,8.94,8.9,0.8,-0.8,0.0,0.8,1.02,1.82,2.96,3.41,5.23,3.87
2020-10-30,600508,8.77,8.67,8.86,8.67,32941,28821383.0,2.16,-1.37,-0.12,0.46,8.65,7.73,6.0,5.31,4.84,4.5,2.42,2.08,2.31,2.88,8.79,8.92,8.94,8.89,0.58,1.38,2.19,2.42,3.23,4.38,4.84,6.69,5.31,4.27
2020-11-02,600508,8.67,8.67,8.72,8.6,27402,23725759.0,1.38,0.0,0.0,0.38,8.6,6.86,6.16,5.7,5.35,3.26,2.91,3.14,3.72,3.02,8.76,8.87,8.94,8.89,1.38,2.19,2.42,3.23,4.38,4.84,6.69,5.31,4.27,9.0
2020-11-03,600508,8.67,8.78,8.79,8.67,25854,22604080.0,1.38,1.27,0.11,0.36,6.0,5.31,4.84,4.5,2.42,2.08,2.31,2.88,2.19,0.58,8.75,8.83,8.93,8.89,0.91,1.14,1.94,3.08,3.53,5.35,3.99,2.96,7.63,8.88
2020-11-04,600508,8.81,8.82,8.86,8.74,29060,25585171.0,1.37,0.46,0.04,0.4,4.46,4.0,3.66,1.6,1.26,1.49,2.06,1.37,-0.23,0.57,8.75,8.81,8.93,8.89,0.68,1.47,2.61,3.06,4.88,3.51,2.49,7.14,8.39,7.37
2020-11-05,600508,8.83,8.87,8.88,8.8,35306,31215057.0,0.91,0.57,0.05,0.49,3.3,2.95,0.91,0.57,0.8,1.36,0.68,-0.91,-0.11,0.68,8.76,8.8,8.94,8.9,0.9,2.03,2.48,4.28,2.93,1.92,6.54,7.78,6.76,7.33
2020-11-06,600508,8.88,8.88,8.95,8.85,30583,27177822.0,1.13,0.11,0.01,0.42,2.37,0.34,0.0,0.23,0.79,0.11,-1.47,-0.68,0.11,0.34,8.8,8.8,8.94,8.9,1.91,2.36,4.17,2.82,1.8,6.42,7.66,6.64,7.21,10.81
2020-11-09,600508,8.93,9.02,9.05,8.9,47498,42763486.0,1.69,1.58,0.14,0.66,-0.22,-0.56,-0.34,0.22,-0.45,-2.02,-1.24,-0.45,-0.22,0.56,8.87,8.82,8.93,8.9,0.78,2.55,1.22,0.22,4.77,5.99,4.99,5.54,9.09,13.08
2020-11-10,600508,9.05,8.99,9.09,8.93,37371,33654484.0,1.77,-0.33,-0.03,0.52,-0.9,-0.67,-0.11,-0.78,-2.35,-1.57,-0.78,-0.56,0.22,1.34,8.92,8.84,8.93,8.9,2.89,1.56,0.56,5.12,6.34,5.34,5.9,9.45,13.46,10.68
2020-11-11,600508,9.01,9.15,9.25,8.92,79222,72260817.0,3.67,1.78,0.16,1.1,-0.56,0.0,-0.67,-2.24,-1.46,-0.67,-0.45,0.34,1.46,1.91,8.98,8.86,8.94,8.92,-0.22,-1.2,3.28,4.48,3.5,4.04,7.54,11.48,8.74,9.62
2020-11-12,600508,9.13,9.04,9.13,9.03,35516,32194779.0,1.09,-1.2,-0.11,0.49,-1.22,-1.88,-3.43,-2.66,-1.88,-1.66,-0.89,0.22,0.66,2.44,9.02,8.89,8.94,8.92,0.0,4.54,5.75,4.76,5.31,8.85,12.83,10.07,10.95,7.63
2020-11-13,600508,9.01,8.88,9.04,8.82,36239,32304842.0,2.43,-1.77,-0.16,0.5,0.45,-1.13,-0.34,0.45,0.68,1.47,2.61,3.06,4.88,3.51,9.02,8.91,8.91,8.93,6.42,7.66,6.64,7.21,10.81,14.86,12.05,12.95,9.57,9.23
2020-11-16,600508,8.88,9.45,9.45,8.88,171763,158879192.0,6.42,6.42,0.57,2.38,-1.8,-1.01,-0.23,0.0,0.79,1.91,2.36,4.17,2.82,1.8,9.1,8.99,8.93,8.95,1.16,0.21,0.74,4.13,7.94,5.29,6.14,2.96,2.65,4.13
2020-11-17,600508,9.45,9.41,9.56,9.28,129952,122418957.0,2.96,-0.42,-0.04,1.8,-5.28,-4.53,-4.31,-3.56,-2.48,-2.05,-0.32,-1.62,-2.59,1.83,9.19,9.05,8.94,8.97,0.64,1.17,4.57,8.4,5.74,6.59,3.4,3.08,4.57,3.72
2020-11-18,600508,9.38,9.41,9.47,9.3,74553,69960566.0,1.81,0.0,0.0,1.03,-4.73,-4.52,-3.76,-2.69,-2.26,-0.54,-1.83,-2.8,1.61,2.8,9.24,9.11,8.96,8.99,1.17,4.57,8.4,5.74,6.59,3.4,3.08,4.57,3.72,4.99
2020-11-19,600508,9.38,9.52,9.52,9.24,90044,84415379.0,2.98,1.17,0.11,1.25,-3.9,-3.14,-2.06,-1.62,0.11,-1.19,-2.16,2.27,3.46,2.49,9.33,9.18,8.99,9.02,3.36,7.14,4.52,5.36,2.21,1.89,3.36,2.52,3.78,2.84
2020-11-20,600508,9.52,9.68,9.84,9.4,150744,145331964.0,4.62,1.68,0.16,2.09,-4.79,-3.72,-3.3,-1.6,-2.87,-3.83,0.53,1.7,0.74,1.28,9.49,9.26,9.03,9.04,5.37,2.79,3.62,0.52,0.21,1.65,0.83,2.07,1.14,-1.24
2020-11-23,600508,9.68,9.99,10.2,9.67,193199,192340454.0,5.48,3.2,0.31,2.67,-6.41,-6.0,-4.34,-5.58,-6.51,-2.28,-1.14,-2.07,-1.55,1.76,9.6,9.35,9.08,9.07,-0.4,0.4,-2.6,-2.9,-1.5,-2.3,-1.1,-2.0,-4.3,-4.2
2020-11-24,600508,9.91,9.88,9.95,9.76,113389,111641076.0,1.9,-1.1,-0.11,1.57,-6.86,-5.23,-6.45,-7.38,-3.18,-2.05,-2.97,-2.46,0.82,4.51,9.7,9.44,9.14,9.1,1.52,-1.52,-1.82,-0.4,-1.21,0.0,-0.91,-3.24,-3.14,-4.25
2020-11-25,600508,9.95,9.65,10.03,9.6,130712,128545833.0,4.35,-2.33,-0.23,1.81,-3.65,-4.9,-5.83,-1.56,-0.42,-1.35,-0.83,2.5,6.25,3.65,9.74,9.49,9.18,9.12,0.83,0.52,1.97,1.14,2.38,1.45,-0.93,-0.83,-1.97,0.21
2020-11-26,600508,9.61,9.58,9.73,9.5,68698,65992392.0,2.38,-0.73,-0.07,0.95,-3.89,-4.84,-0.53,0.63,-0.32,0.21,3.58,7.37,4.74,5.58,9.76,9.55,9.22,9.14,1.25,2.71,1.88,3.13,2.19,-0.21,-0.1,-1.25,0.94,1.25
2020-11-27,600508,9.59,9.58,9.7,9.4,74290,70787960.0,3.13,0.0,0.0,1.03,-3.83,0.53,1.7,0.74,1.28,4.68,8.51,5.85,6.7,3.51,9.74,9.62,9.26,9.15,2.71,1.88,3.13,2.19,-0.21,-0.1,-1.25,0.94,1.25,1.88
2020-11-30,600508,9.56,9.54,9.84,9.49,96886,93911267.0,3.65,-0.42,-0.04,1.34,-0.42,0.74,-0.21,0.32,3.69,7.48,4.85,5.69,2.53,2.21,9.65,9.62,9.31,9.16,2.31,3.56,2.62,0.21,0.31,-0.84,1.36,1.68,2.31,-3.14
2020-12-01,600508,9.6,9.74,9.76,9.44,81837,78550099.0,3.35,2.1,0.2,1.13,1.27,0.32,0.85,4.24,8.05,5.4,6.25,3.07,2.75,4.24,9.62,9.66,9.35,9.18,1.44,0.51,-1.85,-1.75,-2.87,-0.72,-0.41,0.21,-5.13,-7.91
2020-12-02,600508,9.7,9.8,9.88,9.65,91408,89251836.0,2.36,0.62,0.06,1.26,-1.87,-1.35,1.97,5.7,3.11,3.94,0.83,0.52,1.97,1.14,9.65,9.7,9.4,9.21,-0.1,-2.45,-2.35,-3.47,-1.33,-1.02,-0.41,-5.71,-8.47,-7.96
2020-12-03,600508,9.78,9.5,9.79,9.49,73558,70516655.0,3.06,-3.06,-0.3,1.02,0.32,3.69,7.48,4.85,5.69,2.53,2.21,3.69,2.85,4.11,9.63,9.69,9.43,9.22,0.63,0.74,-0.42,1.79,2.11,2.74,-2.74,-5.58,-5.05,-3.05
2020-12-04,600508,9.49,9.5,9.56,9.37,43852,41452830.0,2.0,0.0,0.0,0.61,5.02,8.86,6.19,7.04,3.84,3.52,5.02,4.16,5.44,4.48,9.62,9.68,9.47,9.24,0.74,-0.42,1.79,2.11,2.74,-2.74,-5.58,-5.05,-3.05,6.0
2020-12-07,600508,9.5,9.43,9.57,9.41,50792,48238666.0,1.68,-0.74,-0.07,0.7,8.4,5.74,6.59,3.4,3.08,4.57,3.72,4.99,4.04,1.59,9.59,9.62,9.49,9.26,0.32,2.55,2.86,3.5,-2.01,-4.88,-4.35,-2.33,6.79,15.38
2020-12-08,600508,9.43,9.33,9.46,9.28,43479,40654523.0,1.91,-1.06,-0.1,0.6,7.22,8.08,4.85,4.53,6.03,5.17,6.47,5.5,3.02,3.12,9.51,9.57,9.5,9.28,3.64,3.97,4.61,-0.96,-3.86,-3.32,-1.29,7.93,16.61,13.29
2020-12-09,600508,9.4,9.46,9.67,9.37,93300,89127982.0,3.22,1.39,0.13,1.29,7.04,3.84,3.52,5.02,4.16,5.44,4.48,2.03,2.13,0.96,9.44,9.55,9.52,9.3,2.54,3.17,-2.33,-5.18,-4.65,-2.64,6.45,15.01,11.73,10.25
2020-12-10,600508,9.46,9.56,9.7,9.45,61187,58368330.0,2.64,1.06,0.1,0.85,2.96,2.65,4.13,3.28,4.55,3.6,1.16,1.27,0.11,2.33,9.46,9.54,9.54,9.33,2.09,-3.35,-6.17,-5.65,-3.66,5.33,13.81,10.56,9.1,11.19
2020-12-11,600508,9.68,9.3,9.76,9.28,93636,88944681.0,5.02,-2.72,-0.26,1.3,4.53,6.03,5.17,6.47,5.5,3.02,3.12,1.94,4.2,4.53,9.42,9.52,9.57,9.35,-0.65,-3.55,-3.01,-0.97,8.28,16.99,13.66,12.15,14.3,16.77
2020-12-14,600508,9.18,8.88,9.24,8.83,97693,87762169.0,4.41,-4.52,-0.42,1.35,11.44,10.53,11.89,10.87,8.27,8.38,7.13,9.51,9.85,10.53,9.31,9.45,9.54,9.35,1.01,1.58,3.72,13.4,22.52,19.03,17.45,19.71,22.3,21.73
2020-12-15,600508,8.87,8.92,8.97,8.83,34377,30604544.0,1.58,0.45,0.04,0.48,10.53,11.89,10.87,8.27,8.38,7.13,9.51,9.85,10.53,4.64,9.22,9.37,9.51,9.36,1.12,3.25,12.89,21.97,18.5,16.93,19.17,21.75,21.19,18.39
2020-12-16,600508,8.95,8.85,9.02,8.84,33475,29874055.0,2.02,-0.78,-0.07,0.46,11.76,10.75,8.14,8.26,7.01,9.39,9.73,10.41,4.52,1.47,9.1,9.27,9.48,9.36,4.07,13.79,22.94,19.44,17.85,20.11,22.71,22.15,19.32,19.32
2020-12-17,600508,8.86,9.15,9.21,8.82,62583,56508988.0,4.41,3.39,0.3,0.87,11.0,8.39,8.5,7.26,9.64,9.98,10.66,4.76,1.7,2.27,9.02,9.24,9.47,9.37,10.05,18.91,15.52,13.99,16.17,18.69,18.14,15.41,15.41,12.79
2020-12-18,600508,9.31,10.07,10.07,9.2,360406,357149728.0,9.51,10.05,0.92,4.99,3.91,4.02,2.83,5.11,5.43,6.09,0.43,-2.5,-1.96,0.11,9.17,9.3,9.49,9.41,8.04,4.97,3.57,5.56,7.85,7.35,4.87,4.87,2.48,3.67
2020-12-21,600508,10.35,10.74,10.88,10.16,484428,510329440.0,7.15,6.65,0.67,6.7,-5.81,-6.89,-4.82,-4.53,-3.94,-9.06,-11.71,-11.22,-9.35,-0.89,9.55,9.43,9.52,9.47,-1.58,-2.89,-1.02,1.12,0.65,-1.68,-1.68,-3.91,-2.79,-4.66
2020-12-22,600508,10.55,10.04,10.57,10.03,303230,312093168.0,5.03,-6.52,-0.7,4.2,-5.68,-3.59,-3.29,-2.69,-7.88,-10.57,-10.07,-8.18,0.4,8.47,9.77,9.5,9.53,9.5,3.88,5.88,8.17,7.67,5.18,5.18,2.79,3.98,1.99,-2.09
2020-12-23,600508,9.99,10.21,10.43,9.91,199054,204040956.0,5.18,1.69,0.17,2.75,-2.42,-2.12,-1.51,-6.76,-9.49,-8.98,-7.06,1.61,9.79,6.66,10.04,9.57,9.56,9.54,4.11,6.37,5.88,3.43,3.43,1.08,2.25,0.29,-3.72,-3.62
2020-12-24,600508,10.3,10.29,10.63,10.22,210408,218452337.0,4.02,0.78,0.08,2.91,-5.09,-4.5,-9.59,-12.23,-11.74,-9.88,-1.47,6.46,3.42,2.05,10.27,9.65,9.59,9.58,5.54,5.05,2.62,2.62,0.29,1.46,-0.49,-4.47,-4.37,-5.34
2020-12-25,600508,10.21,10.7,10.86,9.98,293817,308928928.0,8.55,3.98,0.41,4.07,-2.2,-7.41,-10.12,-9.62,-7.72,0.9,9.02,5.91,4.51,6.51,10.4,9.79,9.65,9.64,1.03,-1.31,-1.31,-3.55,-2.43,-4.3,-8.13,-8.04,-8.97,-11.87
2020-12-28,600508,10.71,10.5,10.81,10.37,233218,246329148.0,4.11,-1.87,-0.2,3.23,-10.9,-13.5,-13.02,-11.19,-2.89,4.92,1.93,0.58,2.51,4.73,10.35,9.95,9.7,9.67,0.57,0.57,-1.71,-0.57,-2.48,-6.38,-6.29,-7.24,-10.19,-11.62
2020-12-29,600508,10.51,10.25,10.56,10.13,147867,152141173.0,4.1,-2.38,-0.25,2.05,-11.45,-10.96,-9.08,-0.59,7.4,4.34,2.96,4.94,7.21,6.71,10.39,10.08,9.72,9.7,3.02,0.68,1.85,-0.1,-4.1,-4.0,-4.98,-8.0,-9.46,-8.78
2020-12-30,600508,10.15,10.25,10.56,10.03,169403,174574375.0,5.17,0.0,0.0,2.34,-10.07,-8.18,0.4,8.47,5.38,3.99,5.98,8.28,7.78,5.28,10.4,10.22,9.75,9.73,0.68,1.85,-0.1,-4.1,-4.0,-4.98,-8.0,-9.46,-8.78,-10.44
2020-12-31,600508,10.21,10.14,10.32,9.95,160325,162290501.0,3.61,-1.07,-0.11,2.22,-7.44,1.21,9.35,6.23,4.82,6.83,9.15,8.64,6.13,6.13,10.37,10.32,9.78,9.75,2.96,0.99,-3.06,-2.96,-3.94,-7.0,-8.48,-7.79,-9.47,-8.68
2021-01-04,600508,10.07,10.2,10.44,10.0,138144,141058262.0,4.34,0.59,0.06,1.91,0.7,8.8,5.7,4.3,6.3,8.6,8.1,5.6,5.6,3.2,10.27,10.33,9.81,9.77,0.39,-3.63,-3.53,-4.51,-7.55,-9.02,-8.33,-10.0,-9.22,-8.04
2021-01-05,600508,10.24,9.8,10.24,9.52,188401,184858234.0,7.06,-3.92,-0.4,2.61,14.29,11.03,9.56,11.66,14.08,13.55,10.92,10.92,8.4,9.66,10.13,10.24,9.83,9.76,0.31,0.41,-0.61,-3.78,-5.31,-4.59,-6.33,-5.51,-4.29,-4.29
2021-01-06,600508,9.8,9.62,9.83,9.48,106590,102544965.0,3.57,-1.84,-0.18,1.47,11.5,10.02,12.13,14.56,14.03,11.39,11.39,8.86,10.13,8.02,10.0,10.2,9.85,9.75,2.29,1.25,-1.98,-3.53,-2.81,-4.57,-3.74,-2.49,-2.49,-4.47
2021-01-07,600508,9.57,9.68,9.84,9.52,155219,150521283.0,3.33,0.62,0.06,2.15,9.56,11.66,14.08,13.55,10.92,10.92,8.4,9.66,7.56,3.26,9.89,10.14,9.86,9.75,0.62,-2.58,-4.13,-3.41,-5.17,-4.34,-3.1,-3.1,-5.06,-3.62
2021-01-08,600508,9.74,9.47,9.74,9.47,129538,123882897.0,2.79,-2.17,-0.21,1.79,12.25,14.68,14.15,11.51,11.51,8.98,10.24,8.13,3.8,3.91,9.75,10.06,9.85,9.75,-0.42,-2.01,-1.27,-3.06,-2.22,-0.95,-0.95,-2.96,-1.48,-2.64
2021-01-11,600508,9.4,9.1,9.43,9.06,125551,115268069.0,3.91,-3.91,-0.37,1.74,19.87,19.32,16.56,16.56,13.91,15.23,13.02,8.5,8.61,7.51,9.53,9.9,9.84,9.73,1.98,2.75,0.88,1.76,3.08,3.08,0.99,2.53,1.32,-1.98
2021-01-12,600508,9.1,9.22,9.28,9.06,81410,74821671.0,2.42,1.32,0.12,1.13,19.32,16.56,16.56,13.91,15.23,13.02,8.5,8.61,7.51,4.08,9.42,9.77,9.86,9.72,1.41,-0.43,0.43,1.74,1.74,-0.33,1.19,0.0,-3.25,-1.84
2021-01-13,600508,9.21,9.2,9.35,9.08,93537,86107576.0,2.93,-0.22,-0.02,1.29,16.3,16.3,13.66,14.98,12.78,8.26,8.37,7.27,3.85,2.2,9.33,9.67,9.87,9.71,-0.22,0.65,1.96,1.96,-0.11,1.41,0.22,-3.04,-1.63,-0.65
2021-01-14,600508,9.13,9.08,9.18,9.06,74738,68013352.0,1.3,-1.3,-0.12,1.03,16.56,13.91,15.23,13.02,8.5,8.61,7.51,4.08,2.43,3.2,9.21,9.55,9.89,9.68,1.98,3.3,3.3,1.21,2.75,1.54,-1.76,-0.33,0.66,-1.87
2021-01-15,600508,9.1,9.22,9.26,9.09,68260,62720528.0,1.87,1.54,0.14,0.94,13.53,14.85,12.65,8.14,8.25,7.15,3.74,2.09,2.86,0.99,9.16,9.46,9.89,9.67,1.74,1.74,-0.33,1.19,0.0,-3.25,-1.84,-0.87,-3.36,-4.77
2021-01-18,600508,9.22,9.26,9.38,9.16,82457,76546493.0,2.39,0.43,0.04,1.14,13.97,11.79,7.31,7.42,6.33,2.95,1.31,2.07,0.22,1.09,9.2,9.37,9.85,9.66,1.3,-0.76,0.76,-0.43,-3.67,-2.27,-1.3,-3.78,-5.18,-6.26
2021-01-19,600508,9.26,9.17,9.38,9.14,76608,70964516.0,2.59,-0.97,-0.09,1.06,12.04,7.55,7.66,6.56,3.17,1.53,2.3,0.44,1.31,2.63,9.19,9.3,9.77,9.66,0.22,1.74,0.55,-2.73,-1.31,-0.33,-2.84,-4.25,-5.34,-5.45
2021-01-20,600508,9.1,9.1,9.19,9.04,73528,66873826.0,1.64,-0.76,-0.07,1.02,8.74,8.85,7.74,4.31,2.65,3.43,1.55,2.43,3.76,3.76,9.17,9.25,9.72,9.65,2.53,1.32,-1.98,-0.55,0.44,-2.09,-3.52,-4.62,-4.73,-5.71
2021-01-21,600508,9.12,9.23,9.33,9.11,86833,80189732.0,2.42,1.43,0.13,1.2,8.01,6.92,3.51,1.87,2.63,0.77,1.65,2.96,2.96,0.88,9.2,9.21,9.67,9.64,-0.11,-3.36,-1.95,-0.98,-3.47,-4.88,-5.96,-6.07,-7.04,-7.91
2021-01-22,600508,9.2,8.93,9.22,8.9,86665,78178771.0,3.47,-3.25,-0.3,1.2,9.44,5.96,4.27,5.06,3.15,4.04,5.39,5.39,3.26,4.83,9.14,9.15,9.61,9.62,-0.11,1.34,2.35,-0.22,-1.68,-2.8,-2.91,-3.92,-4.82,-6.49
2021-01-25,600508,8.92,8.85,8.92,8.77,70404,62135945.0,1.68,-0.9,-0.08,0.97,7.53,5.82,6.61,4.68,5.59,6.96,6.96,4.79,6.39,5.13,9.06,9.13,9.51,9.6,2.26,3.28,0.68,-0.79,-1.92,-2.03,-3.05,-3.95,-5.65,-6.1
2021-01-26,600508,8.84,8.96,9.05,8.81,62991,56457269.0,2.71,1.24,0.11,0.87,5.33,6.13,4.2,5.11,6.47,6.47,4.31,5.9,4.65,1.25,9.01,9.1,9.44,9.61,2.01,-0.56,-2.01,-3.13,-3.24,-4.24,-5.13,-6.81,-7.25,-6.03
2021-01-27,600508,8.95,8.98,9.14,8.89,64785,58509862.0,2.79,0.22,0.02,0.9,5.17,3.26,4.16,5.51,5.51,3.37,4.95,3.71,0.34,1.8,8.99,9.08,9.37,9.61,-0.78,-2.23,-3.34,-3.45,-4.45,-5.35,-7.02,-7.46,-6.24,-5.79
2021-01-28,600508,8.9,8.73,8.91,8.69,63105,55353674.0,2.45,-2.78,-0.25,0.87,5.64,6.56,7.94,7.94,5.75,7.36,6.1,2.65,4.14,5.18,8.89,9.04,9.3,9.6,0.57,-0.57,-0.69,-1.72,-2.63,-4.35,-4.81,-3.55,-3.09,0.8
2021-01-29,600508,8.75,8.51,8.78,8.4,51596,44436508.0,4.35,-2.52,-0.22,0.71,10.24,11.67,11.67,9.4,11.07,9.76,6.19,7.74,8.81,6.07,8.81,8.97,9.22,9.58,2.0,1.88,0.82,-0.12,-1.88,-2.35,-1.06,-0.59,3.41,5.29
2021-02-01,600508,8.51,8.65,8.68,8.44,33661,28880952.0,2.82,1.65,0.14,0.47,11.14,11.14,8.89,10.55,9.24,5.69,7.23,8.29,5.57,4.03,8.77,8.91,9.14,9.54,0.23,-0.81,-1.73,-3.47,-3.93,-2.66,-2.2,1.73,3.58,9.25
2021-02-02,600508,8.6,8.55,8.67,8.52,27219,23369927.0,1.73,-1.16,-0.1,0.38,10.09,7.86,9.51,8.22,4.69,6.22,7.28,4.58,3.05,1.88,8.68,8.85,9.08,9.46,0.35,-0.58,-2.34,-2.81,-1.52,-1.05,2.92,4.8,10.53,7.95
2021-02-03,600508,8.54,8.45,8.58,8.39,35477,29968671.0,2.22,-1.17,-0.1,0.49,9.54,11.2,9.89,6.32,7.87,8.94,6.2,4.65,3.46,3.34,8.58,8.78,9.02,9.41,0.59,-1.18,-1.66,-0.36,0.12,4.14,6.04,11.83,9.23,8.76
2021-02-04,600508,8.42,8.3,8.5,8.19,35937,29912355.0,3.67,-1.78,-0.15,0.5,13.92,12.58,8.91,10.5,11.6,8.79,7.2,5.98,5.86,4.76,8.49,8.69,8.95,9.35,0.6,0.12,1.45,1.93,6.02,7.95,13.86,11.2,10.72,11.2
2021-02-05,600508,8.28,8.18,8.35,8.13,26093,21565340.0,2.65,-1.45,-0.12,0.36,13.41,9.72,11.32,12.42,9.59,8.0,6.77,6.64,5.54,4.55,8.43,8.62,8.88,9.28,1.59,2.93,3.42,7.58,9.54,15.53,12.84,12.35,12.84,9.66
2021-02-08,600508,8.15,8.26,8.31,8.14,24707,20365251.0,2.08,0.98,0.08,0.34,9.58,11.18,12.29,9.46,7.86,6.63,6.51,5.41,4.42,2.58,8.35,8.56,8.84,9.19,1.94,2.42,6.54,8.47,14.41,11.74,11.26,11.74,8.6,10.53
2021-02-09,600508,8.26,8.4,8.42,8.21,26216,21901474.0,2.54,1.69,0.14,0.36,10.23,11.33,8.53,6.94,5.72,5.6,4.51,3.53,1.71,1.22,8.32,8.5,8.8,9.12,0.71,4.76,6.67,12.5,9.88,9.4,9.88,6.79,8.69,11.07
2021-02-10,600508,8.41,8.43,8.46,8.33,26712,22392753.0,1.55,0.36,0.03,0.37,9.72,6.96,5.4,4.2,4.08,3.0,2.04,0.24,-0.24,1.08,8.31,8.45,8.76,9.06,4.39,6.29,12.1,9.49,9.02,9.49,6.41,8.3,10.68,11.51
2021-02-18,600508,8.6,8.79,8.8,8.58,63998,55666346.0,2.61,4.27,0.36,0.89,3.85,2.33,1.17,1.05,0.0,-0.93,-2.68,-3.15,-1.86,-1.4,8.41,8.45,8.75,9.02,1.93,7.51,5.01,4.55,5.01,2.05,3.87,6.14,6.94,7.74
2021-02-19,600508,8.75,8.94,8.96,8.7,63507,56184887.0,2.96,1.71,0.15,0.88,0.92,-0.23,-0.34,-1.38,-2.3,-4.02,-4.48,-3.22,-2.76,1.15,8.56,8.5,8.73,8.98,5.7,3.24,2.8,3.24,0.34,2.13,4.36,5.15,5.93,4.81
2021-02-22,600508,8.98,9.14,9.45,8.96,142225,131195756.0,5.48,2.24,0.2,1.97,-3.13,-3.24,-4.24,-5.13,-6.81,-7.25,-6.03,-5.58,-1.79,0.0,8.74,8.54,8.73,8.94,0.98,0.55,0.98,-1.86,-0.11,2.08,2.84,3.61,2.52,2.74
2021-02-23,600508,9.1,8.99,9.23,8.96,66930,60806125.0,2.95,-1.64,-0.15,0.93,-3.24,-4.24,-5.13,-6.81,-7.25,-6.03,-5.58,-1.79,0.0,5.47,8.86,8.59,8.72,8.91,2.22,2.67,-0.22,1.56,3.78,4.56,5.34,4.23,4.45,4.0
2021-02-24,600508,9.0,9.04,9.19,8.92,52439,47467449.0,3.0,0.56,0.05,0.73,-3.81,-4.71,-6.39,-6.84,-5.61,-5.16,-1.35,0.45,5.94,3.48,8.98,8.65,8.72,8.89,2.1,-0.77,1.0,3.21,3.98,4.76,3.65,3.87,3.43,2.1
2021-02-25,600508,9.11,9.09,9.23,9.07,51522,47032377.0,1.77,0.55,0.05,0.71,-6.28,-7.94,-8.38,-7.17,-6.73,-2.98,-1.21,4.19,1.76,1.32,9.04,8.73,8.71,8.87,-1.32,0.44,2.64,3.41,4.18,3.08,3.3,2.86,1.54,9.9
2021-02-26,600508,8.97,8.87,8.97,8.85,45981,40920449.0,1.32,-2.42,-0.22,0.64,-5.65,-6.1,-4.86,-4.41,-0.56,1.24,6.78,4.29,3.84,4.29,9.03,8.8,8.71,8.85,2.93,5.19,5.98,6.76,5.64,5.86,5.41,4.06,12.63,10.03
2021-03-01,600508,8.87,9.09,9.13,8.87,40426,36406962.0,2.93,2.48,0.22,0.56,-6.31,-5.07,-4.62,-0.79,1.01,6.54,4.06,3.61,4.06,1.13,9.02,8.88,8.72,8.85,2.64,3.41,4.18,3.08,3.3,2.86,1.54,9.9,7.37,7.7
2021-03-02,600508,9.06,9.17,9.33,9.06,75246,69191873.0,2.97,0.88,0.08,1.04,-7.06,-6.62,-2.87,-1.1,4.3,1.88,1.43,1.88,-0.99,0.77,9.05,8.96,8.73,8.85,2.51,3.27,2.18,2.4,1.96,0.65,8.94,6.43,6.76,5.67
2021-03-03,600508,9.1,9.4,9.4,9.07,87809,81668410.0,3.6,2.51,0.23,1.21,-6.73,-2.98,-1.21,4.19,1.76,1.32,1.76,-1.1,0.66,2.87,9.12,9.05,8.75,8.86,0.74,-0.32,-0.11,-0.53,-1.81,6.28,3.83,4.15,3.09,1.91
2021-03-04,600508,9.37,9.31,9.47,9.25,76541,71671943.0,2.34,-0.96,-0.09,1.06,-4.86,-3.14,2.16,-0.22,-0.65,-0.22,-3.03,-1.3,0.86,1.62,9.17,9.1,8.78,8.87,0.64,0.86,0.43,-0.86,7.3,4.83,5.16,4.08,2.9,2.69
2021-03-05,600508,9.3,9.24,9.37,9.15,46256,42679729.0,2.36,-0.75,-0.07,0.64,-2.08,3.28,0.87,0.44,0.87,-1.97,-0.22,1.97,2.73,3.5,9.24,9.13,8.81,8.87,1.62,1.19,-0.11,8.12,5.63,5.95,4.87,3.68,3.46,3.35
2021-03-08,600508,9.26,9.27,9.39,9.21,47818,44398211.0,1.95,0.32,0.03,0.66,2.61,0.22,-0.22,0.22,-2.61,-0.87,1.3,2.06,2.82,1.74,9.28,9.15,8.85,8.87,0.86,-0.43,7.77,5.29,5.61,4.53,3.34,3.13,3.02,4.1
2021-03-09,600508,9.21,9.14,9.35,8.91,59038,54019857.0,4.75,-1.4,-0.13,0.82,3.59,3.14,3.59,0.67,2.47,4.71,5.5,6.29,5.16,5.39,9.27,9.16,8.87,8.87,0.98,9.3,6.78,7.11,6.02,4.81,4.6,4.49,5.58,5.14
2021-03-10,600508,9.17,9.08,9.23,9.06,38248,34987346.0,1.86,-0.66,-0.06,0.53,1.43,1.88,-0.99,0.77,2.98,3.75,4.53,3.42,3.64,3.2,9.21,9.17,8.91,8.87,10.02,7.49,7.82,6.72,5.51,5.29,5.18,6.28,5.84,6.72
2021-03-11,600508,9.08,9.64,9.99,9.07,160668,154833223.0,10.13,6.17,0.56,2.22,1.76,-1.1,0.66,2.87,3.64,4.41,3.31,3.53,3.09,1.76,9.27,9.22,8.97,8.88,1.24,1.56,0.52,-0.62,-0.83,-0.93,0.1,-0.31,0.52,1.35
2021-03-12,600508,9.41,9.58,9.76,9.31,134319,128249455.0,4.67,-0.62,-0.06,1.86,-3.65,-1.93,0.21,0.97,1.72,0.64,0.86,0.43,-0.86,7.3,9.34,9.29,9.04,8.9,2.19,1.15,0.0,-0.21,-0.31,0.73,0.31,1.15,1.98,1.67
2021-03-15,600508,9.49,9.66,9.79,9.43,99024,95548967.0,3.76,0.84,0.08,1.37,-3.18,-1.06,-0.32,0.42,-0.64,-0.42,-0.85,-2.12,5.94,3.5,9.42,9.35,9.11,8.93,0.31,-0.83,-1.04,-1.14,-0.1,-0.52,0.31,1.14,0.83,5.49
2021-03-16,600508,9.65,9.61,9.69,9.44,64056,61243204.0,2.59,-0.52,-0.05,0.89,-1.17,-0.42,0.32,-0.74,-0.53,-0.95,-2.22,5.83,3.39,3.71,9.51,9.39,9.17,8.95,-0.31,-0.52,-0.62,0.42,0.0,0.83,1.66,1.35,6.04,3.12
2021-03-17,600508,9.57,9.56,9.58,9.38,60801,57643033.0,2.08,-0.52,-0.05,0.84,0.21,0.96,-0.11,0.11,-0.32,-1.6,6.5,4.05,4.37,3.3,9.61,9.41,9.23,8.97,0.0,-0.1,0.94,0.52,1.36,2.2,1.88,6.59,3.66,7.22
2021-03-18,600508,9.46,9.46,9.56,9.37,60537,57246845.0,1.99,-1.05,-0.1,0.84,1.07,0.0,0.21,-0.21,-1.49,6.62,4.16,4.48,3.42,2.24,9.57,9.42,9.26,8.99,0.95,2.01,1.59,2.43,3.28,2.96,7.72,4.76,8.35,6.03
2021-03-19,600508,9.33,9.37,9.55,9.29,58719,55229892.0,2.75,-0.95,-0.09,0.81,0.86,1.08,0.65,-0.65,7.53,5.06,5.38,4.31,3.12,2.91,9.53,9.44,9.29,9.02,2.99,2.56,3.42,4.27,3.95,8.75,5.76,9.39,7.04,6.62
2021-03-22,600508,9.35,9.63,9.65,9.35,69861,66685005.0,3.2,2.77,0.26,0.97,0.43,0.0,-1.28,6.84,4.39,4.71,3.64,2.46,2.25,2.14,9.53,9.47,9.31,9.05,-0.21,0.62,1.45,1.14,5.82,2.91,6.44,4.15,3.74,1.14
2021-03-23,600508,9.61,9.34,9.61,9.3,64133,60435169.0,3.22,-3.01,-0.29,0.89,0.54,-0.75,7.42,4.95,5.27,4.19,3.01,2.8,2.69,3.76,9.47,9.49,9.33,9.08,3.75,4.6,4.28,9.1,6.1,9.74,7.39,6.96,4.28,4.82
2021-03-24,600508,9.33,9.54,9.69,9.14,97265,91459175.0,5.89,2.14,0.2,1.35,0.98,9.3,6.78,7.11,6.02,4.81,4.6,4.49,5.58,5.14,9.47,9.54,9.35,9.12,2.41,2.1,6.81,3.88,7.44,5.14,4.72,2.1,2.62,3.67
2021-03-25,600508,9.48,9.55,9.77,9.28,128431,122726581.0,5.14,0.1,0.01,1.78,7.65,5.17,5.5,4.42,3.23,3.02,2.91,3.99,3.56,4.42,9.49,9.53,9.38,9.16,1.99,6.7,3.77,7.33,5.03,4.61,1.99,2.51,3.56,3.46
2021-03-26,600508,9.56,9.66,9.74,9.35,113989,109466728.0,4.08,1.15,0.11,1.58,4.39,4.71,3.64,2.46,2.25,2.14,3.21,2.78,3.64,4.49,9.54,9.54,9.41,9.21,5.49,2.59,6.11,3.83,3.42,0.83,1.35,2.38,2.28,2.9
2021-03-29,600508,9.8,10.05,10.19,9.66,190157,189652910.0,5.49,4.04,0.39,2.63,1.35,0.31,-0.83,-1.04,-1.14,-0.1,-0.52,0.31,1.14,0.83,9.63,9.58,9.46,9.27,-1.39,1.99,-0.2,-0.6,-3.08,-2.59,-1.59,-1.69,-1.09,-1.19
2021-03-30,600508,9.91,9.86,9.91,9.63,115765,113110030.0,2.79,-1.89,-0.19,1.6,0.62,-0.52,-0.73,-0.83,0.21,-0.21,0.62,1.45,1.14,5.82,9.73,9.6,9.5,9.32,3.96,1.72,1.32,-1.22,-0.71,0.3,0.2,0.81,0.71,-3.14
2021-03-31,600508,9.81,10.02,10.25,9.78,160406,161680568.0,4.77,1.62,0.16,2.22,-2.04,-2.25,-2.35,-1.33,-1.74,-0.92,-0.1,-0.41,4.19,1.33,9.83,9.65,9.53,9.37,0.1,-0.3,-2.79,-2.3,-1.3,-1.4,-0.8,-0.9,-4.69,-4.69
2021-04-01,600508,9.92,9.97,10.03,9.75,100602,99512564.0,2.79,-0.5,-0.05,1.39,-1.95,-2.05,-1.03,-1.44,-0.62,0.21,-0.1,4.51,1.64,5.13,9.91,9.7,9.56,9.41,0.2,-2.31,-1.81,-0.8,-0.9,-0.3,-0.4,-4.21,-4.21,2.11
2021-04-02,600508,9.97,9.72,9.99,9.66,71301,69522442.0,3.31,-2.51,-0.25,0.99,-1.14,-0.1,-0.52,0.31,1.14,0.83,5.49,2.59,6.11,3.83,9.92,9.73,9.59,9.43,0.21,0.72,1.75,1.65,2.26,2.16,-1.75,-1.75,4.73,5.35
2021-04-06,600508,9.59,9.67,9.74,9.57,47776,46205680.0,1.75,-0.51,-0.05,0.66,0.84,0.42,1.25,2.09,1.78,6.48,3.55,7.11,4.81,4.39,9.85,9.74,9.61,9.45,1.24,2.28,2.17,2.79,2.69,-1.24,-1.24,5.27,5.89,5.17
2021-04-07,600508,9.61,9.71,9.79,9.5,55749,53685993.0,3.0,0.41,0.04,0.77,1.16,2.0,2.84,2.53,7.26,4.32,7.89,5.58,5.16,2.53,9.82,9.78,9.63,9.48,1.85,1.75,2.37,2.27,-1.65,-1.65,4.84,5.46,4.74,4.12
2021-04-08,600508,9.73,9.76,9.89,9.67,82121,80245942.0,2.27,0.51,0.05,1.14,0.21,1.03,0.72,5.38,2.48,6.0,3.72,3.31,0.72,1.24,9.77,9.8,9.67,9.5,1.23,1.84,1.74,-2.15,-2.15,4.3,4.92,4.2,3.59,3.59
2021-04-09,600508,9.73,9.79,9.88,9.65,62528,61108406.0,2.36,0.31,0.03,0.87,1.24,0.93,5.6,2.69,6.22,3.94,3.52,0.93,1.45,2.49,9.73,9.82,9.68,9.52,1.53,1.43,-2.45,-2.45,3.98,4.6,3.88,3.27,3.27,0.1
2021-04-12,600508,9.73,9.87,9.94,9.7,82626,81449538.0,2.45,0.82,0.08,1.14,0.41,5.05,2.16,5.67,3.4,2.99,0.41,0.93,1.96,1.86,9.76,9.84,9.69,9.56,0.61,-3.24,-3.24,3.14,3.75,3.04,2.43,2.43,-0.71,-3.24
2021-04-13,600508,9.9,9.47,9.93,9.43,81237,77753564.0,5.07,-4.05,-0.4,1.12,8.06,5.09,8.7,6.36,5.94,3.29,3.82,4.88,4.77,5.41,9.72,9.78,9.68,9.57,0.84,0.84,7.5,8.13,7.39,6.76,6.76,3.48,0.84,0.53
2021-04-14,600508,9.47,9.5,9.55,9.41,33978,32199391.0,1.48,0.32,0.03,0.47,5.31,8.93,6.59,6.16,3.51,4.04,5.1,4.99,5.63,5.53,9.68,9.75,9.67,9.58,0.53,7.16,7.79,7.05,6.42,6.42,3.16,0.53,0.21,0.74
2021-04-15,600508,9.41,9.52,9.55,9.28,51545,48697169.0,2.84,0.21,0.02,0.71,10.45,8.08,7.65,4.96,5.5,6.57,6.47,7.11,7.0,2.91,9.63,9.7,9.67,9.58,6.93,7.56,6.83,6.2,6.2,2.94,0.32,0.0,0.53,0.84
2021-04-16,600508,9.55,9.99,10.18,9.54,198734,198568666.0,6.72,4.94,0.47,2.75,5.14,4.72,2.1,2.62,3.67,3.56,4.19,4.09,0.1,0.1,9.67,9.7,9.7,9.61,2.5,1.8,1.2,1.2,-1.9,-4.4,-4.7,-4.2,-3.9,-4.8
2021-04-19,600508,10.11,10.1,10.24,10.03,129376,131200596.0,2.1,1.1,0.11,1.79,-0.4,-2.89,-2.39,-1.4,-1.5,-0.9,-1.0,-4.79,-4.79,1.5,9.72,9.74,9.74,9.64,0.69,0.1,0.1,-2.97,-5.45,-5.74,-5.25,-4.95,-5.84,-4.65
2021-04-20,600508,10.1,10.03,10.17,10.0,72658,73252571.0,1.68,-0.69,-0.07,1.01,-2.6,-2.1,-1.1,-1.2,-0.6,-0.7,-4.5,-4.5,1.8,2.4,9.83,9.77,9.76,9.66,0.8,0.8,-2.29,-4.79,-5.08,-4.59,-4.29,-5.18,-3.99,0.4
2021-04-21,600508,9.92,9.92,10.11,9.88,47871,47655948.0,2.29,-1.1,-0.11,0.66,-0.91,0.1,0.0,0.61,0.51,-3.34,-3.34,3.04,3.64,2.94,9.91,9.8,9.78,9.69,1.92,-1.21,-3.73,-4.03,-3.53,-3.23,-4.13,-2.92,1.51,5.34
2021-04-22,600508,9.95,9.91,10.11,9.86,59280,59073607.0,2.52,-0.1,-0.01,0.82,0.3,0.2,0.81,0.71,-3.14,-3.14,3.25,3.85,3.14,2.54,9.99,9.81,9.8,9.72,-1.11,-3.63,-3.94,-3.43,-3.13,-4.04,-2.83,1.61,5.45,3.33
2021-04-23,600508,9.8,9.34,9.8,9.3,139013,131195976.0,5.05,-5.75,-0.57,1.92,6.24,6.88,6.77,2.69,2.69,9.46,10.11,9.35,8.71,8.71,9.86,9.77,9.79,9.71,2.25,1.93,2.46,2.78,1.82,3.1,7.82,11.88,9.64,11.78
2021-04-26,600508,9.41,9.45,9.55,9.33,72158,68238024.0,2.36,1.18,0.11,1.0,6.54,6.43,2.36,2.36,9.11,9.75,9.0,8.36,8.36,5.04,9.73,9.72,9.78,9.7,0.74,1.27,1.59,0.63,1.9,6.56,10.58,8.36,10.48,9.63
2021-04-27,600508,9.38,9.24,9.52,9.09,62983,58298135.0,4.55,-2.22,-0.21,0.87,9.24,5.06,5.06,11.99,12.65,11.88,11.22,11.22,7.81,5.06,9.57,9.7,9.74,9.69,3.57,3.9,2.92,4.22,8.98,13.1,10.82,12.99,12.12,10.39
2021-04-28,600508,9.33,9.57,9.57,9.2,71730,67762781.0,4.0,3.57,0.33,0.99,3.8,3.8,10.65,11.3,10.54,9.89,9.89,6.52,3.8,3.48,9.5,9.71,9.73,9.69,0.31,-0.63,0.63,5.22,9.2,7.0,9.09,8.25,6.58,5.12
2021-04-29,600508,9.51,9.51,9.6,9.43,52932,50352679.0,1.78,-0.63,-0.06,0.73,1.27,7.95,8.59,7.85,7.21,7.21,3.92,1.27,0.95,1.48,9.42,9.71,9.7,9.68,0.0,1.26,5.89,9.88,7.68,9.78,8.94,7.26,5.78,4.73
2021-04-30,600508,9.5,9.26,9.51,9.17,58679,54537563.0,3.58,-2.63,-0.25,0.81,11.01,11.67,10.91,10.25,10.25,6.87,4.14,3.82,4.36,4.69,9.41,9.63,9.67,9.68,4.0,8.75,12.85,10.58,12.74,11.88,10.15,8.64,7.56,6.91
2021-05-06,600508,9.32,9.55,9.63,9.32,80736,76941644.0,3.35,3.13,0.29,1.12,9.87,9.12,8.48,8.48,5.15,2.47,2.15,2.68,3.0,2.04,9.43,9.58,9.66,9.68,5.45,9.42,7.23,9.32,8.48,6.81,5.34,4.29,3.66,-0.84
2021-05-07,600508,9.58,9.94,10.07,9.57,159065,157019647.0,5.24,4.08,0.39,2.2,6.27,5.64,5.64,2.4,-0.21,-0.52,0.0,0.31,-0.63,0.63,9.57,9.57,9.67,9.69,5.13,3.02,5.03,4.23,2.62,1.21,0.2,-0.4,-4.73,-4.23
2021-05-10,600508,10.01,10.4,10.45,9.99,205053,210209798.0,4.63,4.63,0.46,2.84,1.2,1.2,-1.9,-4.4,-4.7,-4.2,-3.9,-4.8,-3.6,0.8,9.73,9.62,9.71,9.73,-1.54,0.38,-0.38,-1.92,-3.27,-4.23,-4.81,-8.94,-8.46,-8.27
2021-05-11,600508,10.2,10.16,10.24,9.9,133728,135173958.0,3.27,-2.31,-0.24,1.85,2.12,-1.01,-3.54,-3.84,-3.33,-3.03,-3.94,-2.73,1.72,5.56,9.86,9.64,9.73,9.75,2.76,1.97,0.39,-0.98,-1.97,-2.56,-6.79,-6.3,-6.1,-6.1
2021-05-12,600508,10.16,10.38,10.44,10.16,121708,125727455.0,2.76,2.17,0.22,1.68,-3.54,-6.0,-6.3,-5.81,-5.51,-6.4,-5.22,-0.89,2.85,0.79,10.09,9.75,9.76,9.78,-0.19,-1.73,-3.08,-4.05,-4.62,-8.77,-8.29,-8.09,-8.09,-8.29
2021-05-13,600508,10.21,10.05,10.36,10.0,102803,103967742.0,3.47,-3.18,-0.33,1.42,-4.5,-4.8,-4.3,-4.0,-4.9,-3.7,0.7,4.5,2.4,4.4,10.19,9.81,9.76,9.79,1.49,0.1,-0.9,-1.49,-5.77,-5.27,-5.07,-5.07,-5.27,-4.28
2021-05-14,600508,10.12,9.95,10.2,9.9,79165,79150647.0,2.99,-1.0,-0.1,1.1,-3.84,-3.33,-3.03,-3.94,-2.73,1.72,5.56,3.43,5.45,4.65,10.19,9.88,9.79,9.79,1.11,0.1,-0.5,-4.82,-4.32,-4.12,-4.12,-4.32,-3.32,-3.42
2021-05-17,600508,9.94,9.85,10.06,9.82,62234,61864058.0,2.41,-1.01,-0.1,0.86,-2.55,-2.24,-3.16,-1.93,2.55,6.42,4.28,6.31,5.5,3.87,10.08,9.91,9.81,9.79,1.12,0.51,-3.86,-3.35,-3.15,-3.15,-3.35,-2.34,-2.44,-2.64
2021-05-18,600508,9.92,9.87,9.96,9.84,48137,47626537.0,1.22,0.2,0.02,0.67,-2.44,-3.35,-2.13,2.34,6.2,4.07,6.1,5.28,3.66,2.24,10.02,9.94,9.82,9.78,0.3,-4.05,-3.55,-3.34,-3.34,-3.55,-2.53,-2.63,-2.84,-2.03
2021-05-19,600508,9.86,9.65,9.9,9.61,58780,56840811.0,2.94,-2.23,-0.22,0.81,-1.04,0.21,4.79,8.74,6.56,8.64,7.8,6.14,4.68,3.64,9.87,9.98,9.81,9.77,-1.87,-1.35,-1.14,-1.14,-1.35,-0.31,-0.41,-0.62,0.21,0.52
2021-05-20,600508,9.47,9.3,9.47,9.3,94095,88113344.0,1.76,-3.63,-0.35,1.3,3.55,8.28,12.37,10.11,12.26,11.4,9.68,8.17,7.1,6.45,9.72,9.96,9.77,9.76,2.37,2.58,2.58,2.37,3.44,3.33,3.12,3.98,4.3,5.48
2021-05-21,600508,9.34,9.4,9.52,9.31,57368,54128185.0,2.26,1.08,0.1,0.79,8.16,12.24,9.99,12.14,11.28,9.56,8.06,6.98,6.34,1.72,9.61,9.9,9.73,9.75,1.49,1.49,1.28,2.34,2.23,2.02,2.87,3.19,4.36,1.7
2021-05-24,600508,9.42,9.36,9.54,9.33,56109,52849505.0,2.23,-0.43,-0.04,0.78,12.0,9.75,11.9,11.04,9.32,7.82,6.75,6.11,1.5,2.04,9.52,9.8,9.71,9.74,1.92,1.71,2.78,2.67,2.46,3.31,3.63,4.81,2.14,4.49
2021-05-25,600508,9.36,9.49,9.54,9.31,57587,54354910.0,2.46,1.39,0.13,0.8,9.99,12.14,11.28,9.56,8.06,6.98,6.34,1.72,2.26,2.47,9.44,9.73,9.69,9.73,0.32,1.37,1.26,1.05,1.9,2.21,3.37,0.74,3.06,2.21
2021-05-26,600508,9.46,9.46,9.52,9.42,46947,44502414.0,1.05,-0.32,-0.03,0.65,10.83,9.98,8.28,6.79,5.73,5.1,0.53,1.06,1.27,1.27,9.4,9.64,9.69,9.72,1.69,1.59,1.37,2.22,2.54,3.7,1.06,3.38,2.54,6.55
2021-05-27,600508,9.5,9.54,9.62,9.5,51693,49438026.0,1.27,0.85,0.08,0.72,9.05,7.37,5.89,4.84,4.21,-0.32,0.21,0.42,0.42,0.21,9.45,9.59,9.7,9.71,0.73,0.52,1.36,1.68,2.83,0.21,2.52,1.68,5.66,4.93
2021-05-28,600508,9.56,9.45,9.61,9.42,42385,40373531.0,1.99,-0.94,-0.09,0.59,8.28,6.79,5.73,5.1,0.53,1.06,1.27,1.27,1.06,2.12,9.46,9.54,9.71,9.7,1.48,2.33,2.65,3.81,1.16,3.49,2.65,6.67,5.93,7.2
2021-05-31,600508,9.52,9.55,9.59,9.47,41951,39996424.0,1.27,1.06,0.1,0.58,6.23,5.17,4.54,0.0,0.53,0.74,0.74,0.53,1.58,1.48,9.5,9.51,9.71,9.71,1.26,1.57,2.72,0.1,2.41,1.57,5.55,4.82,6.07,7.12
2021-06-01,600508,9.55,9.66,9.67,9.38,96568,91972831.0,3.04,1.15,0.11,1.34,6.18,5.54,0.96,1.49,1.71,1.71,1.49,2.56,2.45,2.24,9.53,9.49,9.71,9.71,0.41,1.55,-1.04,1.24,0.41,4.35,3.62,4.87,5.9,6.11
2021-06-02,600508,9.62,9.6,9.7,9.56,62498,60105356.0,1.45,-0.62,-0.06,0.86,3.56,-0.94,-0.42,-0.21,-0.21,-0.42,0.63,0.52,0.31,1.15,9.56,9.48,9.73,9.7,2.19,-0.42,1.88,1.04,5.0,4.27,5.52,6.56,6.77,7.92
2021-06-03,600508,9.63,9.7,9.81,9.61,85668,83230096.0,2.08,1.04,0.1,1.19,-1.46,-0.94,-0.73,-0.73,-0.94,0.1,0.0,-0.21,0.62,0.94,9.59,9.52,9.74,9.68,-1.44,0.82,0.0,3.92,3.2,4.43,5.46,5.67,6.8,4.85
2021-06-04,600508,9.55,9.47,9.56,9.35,64567,60898931.0,2.16,-2.37,-0.23,0.89,1.82,2.03,2.03,1.82,2.89,2.78,2.57,3.42,3.74,4.92,9.6,9.53,9.71,9.67,3.27,2.43,6.44,5.7,6.97,8.03,8.24,9.4,7.39,4.86
2021-06-07,600508,9.48,9.65,9.78,9.46,66109,63886903.0,3.38,1.9,0.18,0.91,0.85,0.85,0.63,1.69,1.59,1.37,2.22,2.54,3.7,1.06,9.62,9.56,9.68,9.66,0.52,4.46,3.73,4.97,6.01,6.22,7.36,5.39,2.9,5.18
2021-06-08,600508,9.58,9.63,9.7,9.58,37993,36630176.0,1.24,-0.21,-0.02,0.53,-0.42,-0.63,0.42,0.31,0.1,0.94,1.25,2.4,-0.21,2.09,9.61,9.57,9.65,9.65,4.67,3.95,5.19,6.23,6.44,7.58,5.61,3.12,5.4,6.75
2021-06-09,600508,9.63,9.96,10.08,9.57,144985,144207715.0,5.3,3.43,0.33,2.01,-0.52,0.52,0.42,0.21,1.04,1.36,2.51,-0.1,2.19,1.36,9.68,9.62,9.63,9.67,0.5,1.71,2.71,2.91,4.02,2.11,-0.3,1.91,3.21,4.42
2021-06-10,600508,9.94,9.89,10.01,9.82,80289,79518890.0,1.91,-0.7,-0.07,1.11,-2.04,-2.14,-2.34,-1.53,-1.22,-0.1,-2.65,-0.41,-1.22,2.65,9.72,9.66,9.62,9.68,2.43,3.44,3.64,4.75,2.83,0.4,2.63,3.94,5.16,1.62
2021-06-11,600508,9.9,10.01,10.13,9.9,74453,74540642.0,2.33,1.21,0.12,1.03,-2.93,-3.13,-2.32,-2.02,-0.91,-3.43,-1.21,-2.02,1.82,1.11,9.83,9.71,9.62,9.71,2.2,2.4,3.5,1.6,-0.8,1.4,2.7,3.9,0.4,-2.1
2021-06-15,600508,10.04,9.97,10.23,9.82,67743,67532522.0,4.1,-0.4,-0.04,0.94,-2.34,-1.53,-1.22,-0.1,-2.65,-0.41,-1.22,2.65,1.93,3.16,9.89,9.75,9.63,9.72,2.81,3.91,2.01,-0.4,1.81,3.11,4.31,0.8,-1.71,-5.22
2021-06-16,600508,9.95,10.21,10.25,9.9,107682,109251876.0,3.51,2.41,0.24,1.49,-2.32,-2.02,-0.91,-3.43,-1.21,-2.02,1.82,1.11,2.32,3.33,10.01,9.81,9.65,9.75,1.47,-0.39,-2.74,-0.59,0.69,1.86,-1.57,-4.02,-7.44,-7.84
2021-06-17,600508,10.17,10.2,10.36,10.05,108342,110570701.0,3.04,-0.1,-0.01,1.5,-3.48,-2.39,-4.88,-2.69,-3.48,0.3,-0.4,0.8,1.79,1.99,10.06,9.87,9.67,9.78,-0.29,-2.65,-0.49,0.78,1.96,-1.47,-3.92,-7.35,-7.75,-7.45
2021-06-18,600508,10.1,9.96,10.17,9.91,75762,75937290.0,2.55,-2.35,-0.24,1.05,-1.01,-3.53,-1.31,-2.12,1.72,1.01,2.22,3.23,3.43,4.54,10.07,9.9,9.71,9.79,-0.3,1.91,3.21,4.42,0.9,-1.61,-5.12,-5.52,-5.22,-6.22
2021-06-21,600508,9.9,9.87,9.93,9.75,56530,55658518.0,1.81,-0.9,-0.09,0.78,-1.95,0.31,-0.51,3.38,2.67,3.9,4.92,5.13,6.26,4.31,10.04,9.94,9.73,9.79,2.84,4.15,5.37,1.82,-0.71,-4.26,-4.66,-4.36,-5.37,-4.66
2021-06-22,600508,9.89,10.14,10.15,9.86,86665,87080666.0,2.94,2.74,0.27,1.2,-0.81,-1.62,2.23,1.52,2.74,3.75,3.96,5.07,3.14,0.71,10.08,9.98,9.77,9.78,1.38,2.56,-0.89,-3.35,-6.8,-7.2,-6.9,-7.89,-7.2,-7.2
2021-06-23,600508,10.05,10.2,10.28,9.97,91845,93220118.0,3.06,0.59,0.06,1.27,-2.71,1.1,0.4,1.6,2.61,2.81,3.91,2.01,-0.4,1.81,10.07,10.04,9.81,9.78,1.96,-1.47,-3.92,-7.35,-7.75,-7.45,-8.43,-7.75,-7.75,-8.33
2021-06-24,600508,10.2,10.11,10.4,10.06,90306,92068222.0,3.33,-0.88,-0.09,1.25,0.2,-0.5,0.7,1.69,1.89,2.98,1.09,-1.29,0.89,2.19,10.06,10.06,9.84,9.77,-0.59,-3.07,-6.53,-6.92,-6.63,-7.62,-6.92,-6.92,-7.52,-7.52
2021-06-25,600508,9.99,9.98,10.05,9.79,138445,137219528.0,2.57,-1.29,-0.13,1.92,2.25,3.47,4.49,4.7,5.82,3.88,1.43,3.68,5.01,6.23,10.06,10.07,9.86,9.77,-1.8,-5.31,-5.71,-5.41,-6.41,-5.71,-5.71,-6.31,-6.31,-6.11
2021-06-28,600508,9.8,9.41,9.8,9.41,139073,132694454.0,3.91,-5.71,-0.57,1.92,7.65,8.71,8.93,10.1,8.08,5.53,7.86,9.25,10.52,6.8,9.97,10.01,9.86,9.75,0.43,0.0,0.32,-0.74,0.0,0.0,-0.64,-0.64,-0.43,0.85
2021-06-29,600508,9.44,9.27,9.45,9.25,67765,63310669.0,2.13,-1.49,-0.14,0.94,10.59,10.81,12.0,9.95,7.35,9.73,11.14,12.43,8.65,5.95,9.79,9.94,9.84,9.73,1.51,1.83,0.76,1.51,1.51,0.86,0.86,1.08,2.37,2.37
2021-06-30,600508,9.27,9.35,9.41,9.27,44052,41169486.0,1.51,0.86,0.08,0.61,10.57,11.76,9.71,7.12,9.49,10.9,12.19,8.41,5.72,1.94,9.62,9.85,9.83,9.71,0.96,-0.11,0.64,0.64,0.0,0.0,0.21,1.5,1.5,3.21
2021-07-01,600508,9.36,9.22,9.44,9.21,47470,44345765.0,2.46,-1.39,-0.13,0.66,12.49,10.42,7.82,10.21,11.62,12.92,9.12,6.41,2.61,2.17,9.45,9.75,9.81,9.7,1.3,2.06,2.06,1.41,1.41,1.63,2.93,2.93,4.66,2.82
2021-07-02,600508,9.21,9.24,9.34,9.19,32112,29693715.0,1.63,0.22,0.02,0.44,10.66,8.05,10.45,11.86,13.17,9.36,6.64,2.83,2.39,2.72,9.3,9.68,9.79,9.7,1.84,1.84,1.19,1.19,1.41,2.71,2.71,4.44,2.6,6.49
2021-07-05,600508,9.27,9.38,9.41,9.23,37151,34664341.0,1.95,1.52,0.14,0.51,7.58,9.97,11.38,12.68,8.88,6.18,2.38,1.95,2.28,1.19,9.29,9.63,9.78,9.7,0.32,-0.32,-0.32,-0.11,1.17,1.17,2.88,1.07,4.9,4.69
2021-07-06,600508,9.4,9.38,9.41,9.3,38616,36105403.0,1.17,0.0,0.0,0.53,9.14,10.54,11.83,8.06,5.38,1.61,1.18,1.51,0.43,1.18,9.31,9.55,9.77,9.7,-0.32,-0.32,-0.11,1.17,1.17,2.88,1.07,4.9,4.69,2.56
2021-07-07,600508,9.31,9.3,9.35,9.26,26379,24527779.0,0.96,-0.85,-0.08,0.37,11.02,12.31,8.53,5.83,2.05,1.62,1.94,0.86,1.62,1.62,9.3,9.46,9.75,9.69,0.54,0.75,2.04,2.04,3.76,1.94,5.81,5.59,3.44,3.87
2021-07-08,600508,9.22,9.08,9.35,9.05,51729,47479137.0,3.23,-2.37,-0.22,0.72,14.92,11.05,8.29,4.42,3.98,4.31,3.2,3.98,3.98,3.31,9.28,9.36,9.71,9.68,3.19,4.52,4.52,6.28,4.41,8.37,8.15,5.95,6.39,7.49
2021-07-09,600508,9.1,9.35,9.37,9.09,52124,48245939.0,3.08,2.97,0.27,0.72,10.56,7.81,3.96,3.52,3.85,2.75,3.52,3.52,2.86,2.86,9.3,9.3,9.68,9.67,1.5,1.5,3.21,1.39,5.24,5.03,2.89,3.32,4.39,6.52
2021-07-12,600508,9.37,9.32,9.49,9.32,41422,38933796.0,1.82,-0.32,-0.03,0.57,5.15,1.39,0.97,1.29,0.21,0.97,0.97,0.32,0.32,0.54,9.29,9.29,9.65,9.67,1.82,3.54,1.72,5.58,5.36,3.22,3.65,4.72,6.87,6.33
2021-07-13,600508,9.37,9.49,9.49,9.28,53208,50092858.0,2.25,1.82,0.17,0.74,1.83,1.4,1.72,0.65,1.4,1.4,0.75,0.75,0.97,2.26,9.31,9.31,9.62,9.67,1.69,-0.11,3.69,3.48,1.37,1.79,2.85,4.95,4.43,6.22
2021-07-14,600508,9.53,9.45,9.65,9.44,55537,52979295.0,2.21,-0.42,-0.04,0.77,-0.32,0.0,-1.06,-0.32,-0.32,-0.95,-0.95,-0.74,0.53,0.53,9.34,9.32,9.58,9.66,0.32,4.13,3.92,1.8,2.22,3.28,5.4,4.87,6.67,3.49
2021-07-15,600508,9.41,9.47,9.48,9.31,37800,35561590.0,1.8,0.21,0.02,0.52,1.4,0.32,1.07,1.07,0.43,0.43,0.64,1.93,1.93,3.65,9.42,9.35,9.55,9.66,3.91,3.7,1.58,2.01,3.06,5.17,4.65,6.44,3.27,1.27
2021-07-16,600508,9.5,9.69,9.84,9.5,98965,96052813.0,3.59,2.32,0.22,1.37,-1.68,-0.95,-0.95,-1.58,-1.58,-1.37,-0.11,-0.11,1.58,-0.21,9.48,9.39,9.53,9.65,1.34,-0.72,-0.31,0.72,2.79,2.27,4.02,0.93,-1.03,3.92
2021-07-19,600508,9.73,9.64,9.82,9.58,56650,54763668.0,2.48,-0.52,-0.05,0.78,-1.77,-1.77,-2.4,-2.4,-2.19,-0.94,-0.94,0.73,-1.04,2.71,9.55,9.42,9.52,9.66,-0.21,0.21,1.24,3.32,2.8,4.56,1.45,-0.52,4.46,2.59
2021-07-20,600508,9.54,9.61,9.62,9.4,46780,44488432.0,2.28,-0.31,-0.03,0.65,0.11,-0.53,-0.53,-0.32,0.96,0.96,2.66,0.85,4.68,4.47,9.57,9.44,9.5,9.66,0.52,1.56,3.64,3.12,4.89,1.77,-0.21,4.79,2.91,2.91
2021-07-21,600508,9.62,9.55,9.66,9.48,42975,41011500.0,1.87,-0.62,-0.06,0.59,-1.37,-1.37,-1.16,0.11,0.11,1.79,0.0,3.8,3.59,1.48,9.59,9.47,9.46,9.66,2.2,4.29,3.77,5.55,2.41,0.42,5.45,3.56,3.56,5.03
2021-07-22,600508,9.51,9.69,9.76,9.51,51276,49537516.0,2.62,1.47,0.14,0.71,-1.68,-1.47,-0.21,-0.21,1.47,-0.32,3.47,3.26,1.16,1.58,9.64,9.53,9.44,9.65,2.79,2.27,4.02,0.93,-1.03,3.92,2.06,2.06,3.51,4.75
2021-07-23,600508,9.68,9.76,9.96,9.66,87433,85852570.0,3.1,0.72,0.07,1.21,-3.0,-1.76,-1.76,-0.1,-1.86,1.86,1.66,-0.41,0.0,1.04,9.65,9.57,9.43,9.64,1.54,3.28,0.2,-1.74,3.18,1.33,1.33,2.77,4.0,5.33
2021-07-26,600508,9.8,9.71,9.91,9.55,72661,70637484.0,3.69,-0.51,-0.05,1.01,-0.63,-0.63,1.05,-0.73,3.04,2.83,0.73,1.15,2.2,4.29,9.66,9.61,9.45,9.63,3.81,0.72,-1.24,3.71,1.85,1.85,3.3,4.53,5.87,5.97
2021-07-27,600508,9.73,9.73,10.08,9.7,113570,112776439.0,3.91,0.21,0.02,1.57,-2.16,-0.52,-2.27,1.44,1.24,-0.82,-0.41,0.62,2.68,2.16,9.69,9.63,9.47,9.63,0.51,-1.44,3.49,1.64,1.64,3.08,4.32,5.65,5.76,6.17
2021-07-28,600508,9.69,9.42,9.78,9.11,78288,74053215.0,6.89,-3.19,-0.31,1.08,5.93,4.06,8.01,7.79,5.6,6.04,7.14,9.33,8.78,10.65,9.66,9.63,9.47,9.6,1.8,6.9,4.99,4.99,6.48,7.75,9.13,9.24,9.66,12.1
2021-07-29,600508,9.48,9.51,9.59,9.27,60249,56781112.0,3.4,0.96,0.09,0.83,2.27,6.15,5.93,3.78,4.21,5.29,7.44,6.9,8.74,5.5,9.63,9.63,9.49,9.58,5.89,4.0,4.0,5.47,6.73,8.1,8.2,8.62,11.04,11.99
2021-07-30,600508,9.55,9.91,10.07,9.51,120892,119108712.0,5.89,4.21,0.4,1.67,3.47,3.26,1.16,1.58,2.63,4.73,4.21,5.99,2.84,0.84,9.66,9.65,9.52,9.57,-0.2,-0.2,1.21,2.42,3.73,3.83,4.24,6.56,7.47,9.18
2021-08-02,600508,9.76,9.85,9.89,9.59,86431,84150683.0,3.03,-0.61,-0.06,1.2,2.4,0.31,0.73,1.77,3.86,3.34,5.11,1.98,0.0,5.01,9.68,9.67,9.55,9.57,0.41,1.83,3.05,4.37,4.47,4.87,7.21,8.12,9.85,10.05
2021-08-03,600508,9.71,9.41,9.89,9.38,98881,95006340.0,5.18,-4.47,-0.44,1.37,2.56,2.99,4.05,6.18,5.65,7.46,4.26,2.24,7.36,5.44,9.62,9.65,9.55,9.55,6.59,7.86,9.25,9.35,9.78,12.22,13.18,14.98,15.2,12.01
2021-08-04,600508,9.42,10.01,10.03,9.4,157151,154173712.0,6.7,6.38,0.6,2.17,2.77,3.83,5.96,5.43,7.23,4.04,2.02,7.13,5.21,5.21,9.74,9.7,9.58,9.54,1.4,2.7,2.8,3.2,5.49,6.39,8.09,8.29,5.29,4.3
2021-08-05,600508,10.13,9.96,10.15,9.85,122145,122242417.0,3.0,-0.5,-0.05,1.69,-0.91,1.12,0.61,2.34,-0.71,-2.64,2.23,0.41,0.41,1.83,9.83,9.73,9.63,9.54,3.21,3.31,3.71,6.02,6.93,8.63,8.84,5.82,4.82,1.51
2021-08-06,600508,9.95,10.13,10.28,9.93,136345,138098709.0,3.51,1.71,0.17,1.89,0.3,-0.2,1.51,-1.51,-3.42,1.41,-0.4,-0.4,1.01,2.22,9.87,9.76,9.67,9.54,1.58,1.97,4.24,5.13,6.81,7.01,4.05,3.06,-0.2,-1.48
2021-08-09,600508,10.17,10.02,10.29,9.92,93088,93421186.0,3.65,-1.09,-0.11,1.29,-0.1,1.61,-1.41,-3.33,1.51,-0.3,-0.3,1.11,2.32,3.63,9.91,9.8,9.7,9.56,3.09,5.39,6.29,7.98,8.18,5.19,4.19,0.9,-0.4,3.69
2021-08-10,600508,9.99,10.16,10.33,9.99,119093,121216546.0,3.39,1.4,0.14,1.65,0.9,-2.1,-4.0,0.8,-1.0,-1.0,0.4,1.6,2.9,3.0,10.06,9.84,9.73,9.59,3.94,4.82,6.5,6.69,3.74,2.76,-0.49,-1.77,2.26,3.15
2021-08-11,600508,10.18,10.47,10.56,10.13,163352,169568915.0,4.23,3.05,0.31,2.26,-3.46,-5.33,-0.59,-2.37,-2.37,-0.99,0.2,1.48,1.58,1.97,10.15,9.94,9.78,9.63,1.72,3.34,3.53,0.67,-0.29,-3.44,-4.68,-0.76,0.1,2.67
2021-08-12,600508,10.4,10.49,10.65,10.26,149608,156155644.0,3.72,0.19,0.02,2.07,-6.53,-1.85,-3.61,-3.61,-2.24,-1.07,0.19,0.29,0.68,2.92,10.25,10.04,9.84,9.67,3.15,3.34,0.48,-0.48,-3.62,-4.86,-0.95,-0.1,2.48,7.05
2021-08-13,600508,10.49,10.71,10.82,10.41,170955,181585186.0,3.91,2.1,0.22,2.37,-3.27,-5.0,-5.0,-3.65,-2.5,-1.25,-1.15,-0.77,1.44,2.31,10.37,10.12,9.89,9.72,1.21,-1.59,-2.52,-5.6,-6.82,-2.99,-2.15,0.37,4.86,1.87
2021-08-16,600508,10.75,10.46,10.84,10.44,146937,155787667.0,3.73,-2.33,-0.25,2.03,-5.27,-5.27,-3.93,-2.78,-1.53,-1.44,-1.05,1.15,2.01,3.64,10.46,10.18,9.93,9.76,0.76,-0.19,-3.35,-4.59,-0.67,0.19,2.77,7.36,4.3,7.74
2021-08-17,600508,10.42,10.26,10.54,10.22,140700,145760997.0,3.06,-1.91,-0.2,1.95,-3.23,-1.86,-0.68,0.59,0.68,1.08,3.33,4.21,5.87,6.07,10.48,10.27,9.96,9.79,1.75,-1.46,-2.73,1.27,2.14,4.78,9.45,6.34,9.84,11.4
2021-08-18,600508,10.24,10.31,10.44,10.1,90212,92855503.0,3.31,0.49,0.05,1.25,-0.69,0.5,1.78,1.88,2.28,4.55,5.45,7.13,7.33,4.36,10.45,10.3,10.0,9.82,-1.94,-3.2,0.78,1.65,4.27,8.92,5.82,9.31,10.86,12.12
2021-08-19,600508,10.11,9.89,10.11,9.71,138592,136523775.0,3.88,-4.07,-0.42,1.92,4.53,5.87,5.97,6.39,8.75,9.68,11.43,11.64,8.55,7.52,10.33,10.29,10.01,9.85,0.91,5.06,5.97,8.7,13.55,10.31,13.95,15.57,16.89,19.11
2021-08-20,600508,9.84,9.9,9.98,9.72,72859,71746004.0,2.63,0.1,0.01,1.01,5.76,5.86,6.28,8.64,9.57,11.32,11.52,8.44,7.41,4.01,10.16,10.27,10.02,9.87,4.95,5.86,8.59,13.43,10.2,13.84,15.45,16.77,18.99,18.59
2021-08-23,600508,10.11,10.18,10.39,10.1,125172,128089710.0,2.93,2.83,0.28,1.73,1.88,2.28,4.55,5.45,7.13,7.33,4.36,3.37,0.1,-1.19,10.11,10.28,10.04,9.89,2.95,5.6,10.31,7.17,10.71,12.28,13.56,15.72,15.32,14.73
2021-08-24,600508,10.34,10.36,10.48,10.25,106982,110942279.0,2.26,1.77,0.18,1.48,0.78,3.02,3.9,5.56,5.76,2.83,1.85,-1.37,-2.63,1.37,10.13,10.3,10.07,9.92,3.76,8.4,5.31,8.78,10.33,11.58,13.71,13.32,12.74,16.8
2021-08-25,600508,10.4,10.71,10.75,10.32,137837,146325532.0,4.15,3.38,0.35,1.91,2.33,3.2,4.84,5.04,2.13,1.16,-2.03,-3.29,0.68,1.55,10.21,10.33,10.13,9.97,4.86,1.87,5.23,6.72,7.94,9.99,9.62,9.06,12.98,15.41
2021-08-26,600508,10.7,10.95,11.23,10.6,218560,239641523.0,5.88,2.24,0.24,3.02,0.47,2.08,2.26,-0.57,-1.51,-4.62,-5.85,-1.98,-1.13,1.42,10.42,10.37,10.21,10.01,-0.37,2.92,4.38,5.57,7.58,7.21,6.67,10.5,12.88,23.38
2021-08-27,600508,10.7,10.87,10.91,10.6,116099,125052347.0,2.83,-0.73,-0.08,1.61,2.08,2.26,-0.57,-1.51,-4.62,-5.85,-1.98,-1.13,1.42,5.94,10.61,10.39,10.25,10.05,3.68,5.15,6.35,8.37,8.0,7.45,11.32,13.71,24.29,24.75
2021-08-30,600508,10.98,11.26,11.27,10.7,184710,204114656.0,5.24,3.59,0.39,2.56,1.31,-1.5,-2.43,-5.51,-6.73,-2.9,-2.06,0.47,4.95,1.96,10.83,10.47,10.33,10.11,1.51,2.66,4.62,4.26,3.73,7.46,9.77,19.98,20.43,22.38
2021-08-31,600508,11.26,11.37,11.43,10.95,189987,212165624.0,4.26,0.98,0.11,2.63,-3.74,-4.66,-7.67,-8.86,-5.11,-4.29,-1.83,2.56,-0.37,2.92,11.03,10.58,10.42,10.17,1.67,3.61,3.25,2.73,6.42,8.71,18.82,19.26,21.2,18.12
2021-09-01,600508,11.31,10.97,11.56,10.83,189066,209703109.0,6.42,-3.52,-0.4,2.62,-3.6,-6.65,-7.85,-4.06,-3.23,-0.74,3.69,0.74,4.06,5.54,11.08,10.65,10.47,10.21,7.38,7.02,6.47,10.3,12.67,23.15,23.61,25.62,22.42,21.06
2021-09-02,600508,11.03,11.71,11.78,10.95,260454,297351872.0,7.57,6.75,0.74,3.6,-7.67,-8.86,-5.11,-4.29,-1.83,2.56,-0.37,2.92,4.38,5.57,11.24,10.83,10.56,10.28,0.26,-0.26,3.33,5.55,15.37,15.8,17.68,14.69,13.41,16.74
2021-09-03,600508,11.6,11.36,11.74,11.29,179556,206299012.0,3.84,-2.99,-0.35,2.48,-11.6,-7.97,-7.17,-4.78,-0.53,-3.37,-0.18,1.24,2.39,4.34,11.33,10.97,10.62,10.33,2.82,6.51,8.8,18.93,19.37,21.3,18.22,16.9,20.33,19.98
2021-09-06,600508,11.52,11.47,11.68,11.18,124450,142526225.0,4.4,0.97,0.11,1.72,-7.07,-6.26,-3.85,0.45,-2.42,0.81,2.24,3.4,5.37,5.01,11.38,11.1,10.69,10.39,5.49,7.76,17.79,18.22,20.14,17.09,15.78,19.18,18.83,15.95
2021-09-07,600508,11.68,11.92,12.1,11.55,179264,212187887.0,4.8,3.92,0.45,2.48,-9.26,-6.93,-2.77,-5.54,-2.42,-1.04,0.09,1.99,1.65,1.13,11.49,11.26,10.78,10.47,3.69,13.34,13.76,15.6,12.67,11.41,14.68,14.35,11.58,13.59
2021-09-08,600508,11.7,12.28,12.36,11.66,196635,238150370.0,5.87,3.02,0.36,2.72,-7.8,-3.69,-6.43,-3.34,-1.97,-0.86,1.03,0.69,0.17,3.77,11.75,11.42,10.87,10.56,10.02,10.42,12.21,9.36,8.14,11.32,10.99,8.31,10.26,7.33
2021-09-09,600508,12.5,13.51,13.51,12.12,396038,518615104.0,11.32,10.02,1.23,5.48,-7.34,-9.98,-7.01,-5.69,-4.62,-2.81,-3.14,-3.63,-0.17,1.98,12.11,11.67,11.02,10.7,0.37,2.0,-0.59,-1.7,1.18,0.89,-1.55,0.22,-2.44,-6.22
2021-09-10,600508,13.0,12.86,13.56,12.86,297473,391477136.0,5.18,-4.81,-0.65,4.12,-15.16,-12.36,-11.12,-10.11,-8.4,-8.71,-9.18,-5.91,-3.89,5.05,12.41,11.87,11.13,10.79,7.15,4.43,3.27,6.3,5.99,3.42,5.29,2.49,-1.48,-0.86
2021-09-13,600508,13.08,13.52,13.78,12.92,271947,362102144.0,6.69,5.13,0.66,3.76,-12.77,-11.53,-10.53,-8.82,-9.13,-9.6,-6.35,-4.33,4.57,4.95,12.82,12.1,11.28,10.92,-0.67,-1.78,1.11,0.81,-1.63,0.15,-2.51,-6.29,-5.7,-0.3
2021-09-14,600508,13.19,12.84,13.43,12.76,214458,279409632.0,4.96,-5.03,-0.68,2.97,-10.42,-9.4,-7.68,-7.99,-8.46,-5.17,-3.13,5.88,6.27,7.99,13.0,12.24,11.41,11.03,3.43,6.46,6.15,3.58,5.45,2.65,-1.32,-0.7,4.98,-0.7
2021-09-15,600508,12.82,13.05,13.28,12.75,187653,245589211.0,4.13,1.64,0.21,2.6,-9.33,-7.61,-7.92,-8.39,-5.1,-3.06,5.96,6.35,8.08,5.33,13.16,12.45,11.55,11.13,4.75,4.44,1.92,3.75,1.0,-2.91,-2.3,3.3,-2.3,2.22
2021-09-16,600508,13.33,12.93,13.67,12.93,209857,279471488.0,5.67,-0.92,-0.12,2.9,-8.89,-9.2,-9.67,-6.42,-4.41,4.49,4.87,6.57,3.87,2.71,13.04,12.57,11.7,11.23,5.41,2.86,4.72,1.93,-2.01,-1.39,4.25,-1.39,3.17,4.8
2021-09-17,600508,12.9,12.74,13.63,12.25,218626,284186320.0,10.67,-1.47,-0.19,3.03,-4.16,-4.65,-1.22,0.9,10.29,10.69,12.49,9.63,8.41,11.59,13.02,12.71,11.84,11.32,4.4,6.28,3.45,-0.55,0.08,5.81,0.08,4.71,6.36,17.03
2021-09-22,600508,12.7,13.26,13.3,12.58,180494,236406416.0,5.65,4.08,0.52,2.5,-7.15,-3.82,-1.75,7.39,7.79,9.54,6.76,5.56,8.66,8.35,12.96,12.89,12.0,11.43,2.11,-0.6,-4.45,-3.85,1.66,-3.85,0.6,2.19,12.44,5.58
2021-09-23,600508,13.5,13.3,13.54,12.66,191318,251094781.0,6.64,0.3,0.04,2.65,-4.42,-2.37,6.71,7.11,8.85,6.08,4.9,7.98,7.66,5.06,13.06,13.03,12.14,11.53,-0.9,-4.74,-4.14,1.35,-4.14,0.3,1.88,12.11,5.26,-7.89
2021-09-24,600508,13.1,12.39,13.18,12.32,156246,197705030.0,6.47,-6.84,-0.91,2.16,0.32,9.66,10.06,11.85,9.01,7.79,10.96,10.63,7.95,9.9,12.92,13.04,12.23,11.59,2.26,2.91,8.8,2.91,7.67,9.36,20.34,12.99,-1.13,-1.13
2021-09-27,600508,12.6,11.65,12.67,11.4,188771,223759407.0,10.25,-5.97,-0.74,2.61,18.51,18.95,20.88,17.81,16.49,19.91,19.56,16.67,18.77,15.61,12.67,12.85,12.26,11.63,9.44,15.71,9.44,14.51,16.31,27.98,20.17,5.15,5.15,14.33
2021-09-28,600508,11.66,12.57,12.75,11.66,185550,229414530.0,9.36,7.9,0.92,2.57,16.3,18.18,15.18,13.89,17.24,16.9,14.07,16.12,13.04,8.66,12.63,12.83,12.35,11.69,7.24,1.43,6.13,7.8,18.62,11.38,-2.55,-2.55,5.97,15.19
2021-09-29,600508,12.46,12.35,13.48,12.3,245214,314718784.0,9.39,-1.75,-0.22,3.39,12.03,9.19,7.97,11.14,10.81,8.13,10.08,7.15,3.01,3.66,12.45,12.71,12.4,11.76,3.24,8.02,9.72,20.73,13.36,-0.81,-0.81,7.85,17.25,6.48
2021-09-30,600508,12.34,12.61,12.75,12.04,169974,210766167.0,5.75,2.11,0.26,2.35,11.54,10.3,13.54,13.21,10.47,12.46,9.47,5.23,5.9,11.96,12.31,12.69,12.46,11.84,5.79,7.45,18.24,11.02,-2.85,-2.85,5.63,14.83,4.28,11.74
2021-10-08,600508,13.34,12.32,13.34,12.04,175193,218442995.0,10.31,-2.3,-0.29,2.42,10.3,13.54,13.21,10.47,12.46,9.47,5.23,5.9,11.96,5.9,12.3,12.61,12.53,11.9,9.98,21.02,13.64,-0.57,-0.57,8.12,17.53,6.74,14.37,15.42
2021-10-11,600508,12.44,13.55,13.55,12.1,329038,434592048.0,11.77,9.98,1.23,4.55,12.98,12.64,9.92,11.9,8.93,4.71,5.37,11.4,5.37,10.25,12.68,12.67,12.62,12.03,10.04,3.32,-9.59,-9.59,-1.7,6.86,-2.95,3.99,4.94,1.25
2021-10-12,600508,13.99,14.33,14.91,13.8,628988,904642752.0,8.19,5.76,0.78,8.7,-1.23,-3.62,-1.88,-4.49,-8.19,-7.61,-2.32,-7.61,-3.33,-1.81,13.03,12.83,12.77,12.17,-2.3,-14.52,-14.52,-7.05,1.05,-8.23,-1.67,-0.77,-4.26,-6.0
2021-10-13,600508,13.81,12.9,14.0,12.9,260535,345400224.0,7.68,-9.98,-1.43,3.6,3.1,4.96,2.17,-1.78,-1.16,4.5,-1.16,3.41,5.04,15.58,13.14,12.8,12.84,12.26,-5.04,-5.04,3.26,12.25,1.94,9.22,10.23,6.36,4.42,-2.56
2021-10-14,600508,11.72,11.96,12.25,11.61,369559,440635680.0,4.96,-7.29,-0.94,5.11,16.62,13.52,9.13,9.82,16.11,9.82,14.9,16.71,28.42,20.59,13.01,12.66,12.85,12.32,2.42,11.37,21.07,9.95,17.81,18.9,14.72,12.63,5.1,2.68
2021-10-15,600508,11.97,12.11,12.25,11.65,213673,256796197.0,5.02,1.25,0.15,2.96,13.13,8.76,9.44,15.71,9.44,14.51,16.31,27.98,20.17,5.15,12.97,12.64,12.84,12.36,9.99,19.57,8.59,16.35,17.42,13.29,11.23,3.8,1.4,-4.62
2021-10-18,600508,12.03,13.32,13.32,11.95,250692,326172816.0,11.31,9.99,1.21,3.47,6.03,6.69,12.8,6.69,11.63,13.39,24.77,17.15,2.51,2.51,12.92,12.8,12.83,12.44,8.71,-1.28,5.78,6.76,3.0,1.13,-5.63,-7.81,-13.29,-13.59
2021-10-19,600508,13.88,13.92,14.48,13.5,511456,715111120.0,7.36,4.5,0.6,7.08,-5.56,-0.15,-5.56,-1.19,0.37,10.44,3.7,-9.26,-9.26,-1.33,12.84,12.94,12.88,12.54,-5.53,1.22,2.16,-1.44,-3.23,-9.7,-11.78,-17.03,-17.31,-17.74
2021-10-20,600508,12.53,12.81,13.15,12.53,417313,534879232.0,4.45,-7.97,-1.11,5.77,7.58,1.76,6.46,8.14,18.99,11.73,-2.23,-2.23,6.3,15.56,12.82,12.98,12.85,12.6,9.99,11.01,7.1,5.15,-1.87,-4.14,-9.84,-10.15,-10.62,-13.82
2021-10-21,600508,12.97,14.09,14.09,12.66,488176,670475040.0,11.16,9.99,1.28,6.75,0.71,5.37,7.03,17.77,10.58,-3.24,-3.24,5.21,14.38,3.87,13.25,13.13,12.91,12.69,0.92,-2.63,-4.4,-10.79,-12.85,-18.03,-18.31,-18.74,-21.65,-22.78
2021-10-22,600508,14.0,13.33,14.22,13.18,444746,606416080.0,7.38,-5.39,-0.76,6.15,1.21,2.81,13.13,6.22,-7.06,-7.06,1.06,9.86,-0.23,6.9,13.49,13.23,12.92,12.77,2.93,1.05,-5.7,-7.88,-13.35,-13.65,-14.1,-17.18,-18.38,-19.58
2021-10-25,600508,13.49,13.23,13.72,12.84,289148,387041536.0,6.6,-0.75,-0.1,4.0,5.53,16.12,9.03,-4.6,-4.6,3.74,12.77,2.41,9.74,10.75,13.48,13.2,12.94,12.82,1.81,-4.99,-7.18,-12.7,-13.0,-13.45,-16.55,-17.76,-18.97,-21.32
2021-10-26,600508,13.4,12.66,13.47,12.59,293235,378076144.0,6.65,-4.31,-0.57,4.06,18.43,11.2,-2.7,-2.7,5.8,15.01,4.45,11.91,12.95,8.98,13.22,13.03,12.93,12.86,-0.71,-3.0,-8.77,-9.08,-9.56,-12.8,-14.06,-15.32,-17.77,-18.8
2021-10-27,600508,12.22,12.57,12.57,11.98,214754,263266938.0,4.66,-0.71,-0.09,2.97,16.86,2.25,2.25,11.19,20.87,9.77,17.61,18.7,14.52,12.44,13.18,13.0,12.9,12.9,-2.31,-8.11,-8.43,-8.91,-12.17,-13.44,-14.72,-17.18,-18.22,-18.77
2021-10-28,600508,12.25,11.45,12.28,11.31,317216,365294480.0,7.72,-8.91,-1.12,4.39,8.31,8.31,17.77,28.03,16.27,24.58,25.73,21.31,19.1,11.14,12.65,12.95,12.81,12.88,0.87,0.52,0.0,-3.58,-4.98,-6.38,-9.08,-10.22,-10.83,-10.04
2021-10-29,600508,11.39,11.34,11.55,11.21,133830,151622779.0,2.97,-0.96,-0.11,1.85,9.28,18.82,29.17,17.31,25.69,26.85,22.39,20.16,12.13,9.55,12.25,12.87,12.75,12.85,1.5,0.97,-2.65,-4.06,-5.47,-8.2,-9.35,-9.96,-9.17,-9.52
2021-11-01,600508,11.17,11.36,11.51,11.12,138669,157189858.0,3.44,0.18,0.02,1.92,19.78,30.22,18.26,26.71,27.88,23.38,21.13,13.04,10.43,3.87,11.88,12.68,12.74,12.78,0.79,-2.82,-4.23,-5.63,-8.36,-9.51,-10.12,-9.33,-9.68,-10.3
2021-11-02,600508,11.38,10.75,11.45,10.46,210653,229115283.0,8.71,-5.37,-0.61,2.91,38.43,25.72,34.7,35.95,31.17,28.78,20.17,17.4,10.42,10.04,11.49,12.36,12.65,12.71,2.7,1.21,-0.28,-3.16,-4.37,-5.02,-4.19,-4.56,-5.21,-5.21
2021-11-03,600508,10.76,10.95,11.04,10.7,133334,145302363.0,3.16,1.86,0.2,1.84,22.9,31.68,32.9,28.22,25.89,17.48,14.77,7.94,7.57,7.01,11.17,12.17,12.58,12.62,-0.64,-2.1,-4.93,-6.12,-6.76,-5.94,-6.3,-6.94,-6.94,-7.03
2021-11-04,600508,10.75,10.82,10.88,10.6,100921,108601226.0,2.56,-1.19,-0.13,1.4,32.92,34.15,29.43,27.08,18.58,15.85,8.96,8.58,8.02,4.15,11.04,11.85,12.49,12.55,-0.92,-3.79,-4.99,-5.64,-4.81,-5.18,-5.82,-5.82,-5.91,-3.05
2021-11-05,600508,10.71,10.3,10.72,10.2,130222,135562554.0,4.81,-4.81,-0.52,1.8,39.41,34.51,32.06,23.24,20.39,13.24,12.84,12.25,8.24,6.67,10.84,11.54,12.39,12.46,1.07,-0.19,-0.87,0.0,-0.39,-1.07,-1.07,-1.17,1.84,1.07
2021-11-08,600508,10.3,10.18,10.41,10.15,90160,92530434.0,2.52,-1.17,-0.12,1.25,35.17,32.71,23.84,20.99,13.79,13.4,12.81,8.77,7.19,5.62,10.6,11.24,12.22,12.37,0.98,0.29,1.18,0.79,0.1,0.1,0.0,3.05,2.26,4.03
2021-11-09,600508,10.13,10.26,10.28,10.11,73487,74919153.0,1.67,0.79,0.08,1.02,33.23,24.33,21.46,14.24,13.85,13.25,9.2,7.62,6.03,2.97,10.5,11.0,12.02,12.29,-0.49,0.39,0.0,-0.68,-0.68,-0.78,2.24,1.46,3.22,2.73
2021-11-10,600508,10.15,10.18,10.21,9.97,95907,96679810.0,2.34,-0.78,-0.08,1.33,26.08,23.17,15.85,15.45,14.84,10.73,9.13,7.52,4.41,3.11,10.35,10.76,11.88,12.19,1.18,0.79,0.1,0.1,0.0,3.05,2.26,4.03,3.54,3.54
2021-11-11,600508,10.2,10.27,10.3,10.11,99915,102042013.0,1.87,0.88,0.09,1.38,21.46,14.24,13.85,13.25,9.2,7.62,6.03,2.97,1.68,0.99,10.24,10.64,11.79,12.08,-0.1,-0.78,-0.78,-0.88,2.14,1.36,3.12,2.63,2.63,3.7
2021-11-12,600508,10.25,10.09,10.26,10.03,79465,80389547.0,2.24,-1.75,-0.18,1.1,15.15,14.76,14.16,10.07,8.47,6.88,3.79,2.49,1.79,2.69,10.2,10.52,11.69,12.01,0.99,0.99,0.89,3.96,3.17,4.96,4.46,4.46,5.55,2.08
2021-11-15,600508,10.03,10.14,10.19,9.97,69604,70365089.0,2.18,0.5,0.05,0.96,15.45,14.84,10.73,9.13,7.52,4.41,3.11,2.41,3.31,2.91,10.19,10.39,11.53,11.96,0.49,0.39,3.45,2.66,4.44,3.94,3.94,5.03,1.58,-0.3
2021-11-16,600508,10.14,10.01,10.19,10.0,62716,63255726.0,1.87,-1.28,-0.13,0.87,14.5,10.4,8.8,7.2,4.1,2.8,2.1,3.0,2.6,1.9,10.14,10.32,11.34,11.87,1.7,4.8,4.0,5.79,5.29,5.29,6.39,2.9,1.0,2.3
2021-11-17,600508,10.02,10.18,10.18,10.01,58147,58893732.0,1.7,1.7,0.17,0.8,10.29,8.69,7.09,4.0,2.7,2.0,2.9,2.5,1.8,1.8,10.14,10.24,11.21,11.8,3.05,2.26,4.03,3.54,3.54,4.62,1.18,-0.69,0.59,0.59
2021-11-18,600508,10.22,10.37,10.49,10.22,125675,130433805.0,2.65,1.87,0.19,1.74,6.46,4.89,1.86,0.59,-0.1,0.78,0.39,-0.29,-0.29,-0.39,10.16,10.2,11.02,11.72,0.39,2.12,1.64,1.64,2.7,-0.68,-2.51,-1.25,-1.25,-0.68
2021-11-19,600508,10.3,10.41,10.41,10.19,78611,81098820.0,2.12,0.39,0.04,1.09,5.2,2.16,0.88,0.2,1.08,0.69,0.0,0.0,-0.1,2.94,10.22,10.21,10.88,11.66,1.73,1.25,1.25,2.31,-1.06,-2.88,-1.63,-1.63,-1.06,1.73
2021-11-22,600508,10.55,10.38,10.59,10.35,74432,77589884.0,2.31,-0.29,-0.03,1.03,0.58,-0.68,-1.35,-0.48,-0.87,-1.55,-1.55,-1.64,1.35,0.58,10.27,10.23,10.73,11.56,1.54,1.54,2.6,-0.77,-2.6,-1.35,-1.35,-0.77,2.02,3.56
2021-11-23,600508,10.36,10.41,10.54,10.36,74520,77956050.0,1.73,0.29,0.03,1.03,-0.77,-1.45,-0.58,-0.97,-1.64,-1.64,-1.74,1.25,0.48,2.22,10.35,10.24,10.62,11.42,1.25,2.31,-1.06,-2.88,-1.63,-1.63,-1.06,1.73,3.27,1.92
2021-11-24,600508,10.46,10.54,10.54,10.38,79308,83001075.0,1.54,1.25,0.13,1.1,-1.64,-0.77,-1.16,-1.83,-1.83,-1.93,1.06,0.29,2.02,1.54,10.42,10.28,10.52,11.35,1.04,-2.28,-4.08,-2.85,-2.85,-2.28,0.47,1.99,0.66,0.38
2021-11-25,600508,10.54,10.4,10.65,10.38,67386,70631980.0,2.56,-1.33,-0.14,0.93,-0.77,-1.16,-1.83,-1.83,-1.93,1.06,0.29,2.02,1.54,1.54,10.43,10.29,10.47,11.29,-0.96,-2.79,-1.54,-1.54,-0.96,1.83,3.37,2.02,1.73,1.54
2021-11-26,600508,10.3,10.19,10.3,10.18,57471,58769250.0,1.15,-2.02,-0.21,0.8,0.79,0.1,0.1,0.0,3.05,2.26,4.03,3.54,3.54,4.62,10.38,10.3,10.41,11.23,-0.79,0.49,0.49,1.08,3.93,5.5,4.12,3.83,3.63,3.14
2021-11-29,600508,10.05,10.06,10.11,9.96,56115,56373447.0,1.47,-1.28,-0.13,0.78,2.31,2.31,2.21,5.32,4.52,6.33,5.82,5.82,6.93,3.41,10.32,10.3,10.34,11.12,1.79,1.79,2.39,5.27,6.86,5.47,5.17,4.97,4.47,6.96
2021-11-30,600508,10.09,10.08,10.24,10.07,44077,44700892.0,1.69,0.2,0.02,0.61,1.19,1.09,4.17,3.38,5.16,4.67,4.67,5.76,2.28,0.4,10.25,10.3,10.31,10.99,1.59,2.18,5.06,6.65,5.26,4.96,4.76,4.27,6.75,5.95
2021-12-01,600508,10.08,10.23,10.24,10.07,48869,49758915.0,1.69,1.49,0.15,0.68,1.09,4.17,3.38,5.16,4.67,4.67,5.76,2.28,0.4,1.69,10.19,10.31,10.27,10.91,0.68,3.52,5.08,3.71,3.42,3.23,2.74,5.18,4.4,4.89
2021-12-02,600508,10.2,10.24,10.3,10.16,57383,58820010.0,1.37,0.1,0.01,0.79,3.25,2.46,4.23,3.74,3.74,4.82,1.38,-0.49,0.79,0.79,10.16,10.29,10.25,10.78,3.42,4.98,3.61,3.32,3.12,2.64,5.08,4.3,4.79,13.87
2021-12-03,600508,10.22,10.52,10.59,10.12,117497,122463111.0,4.59,2.73,0.28,1.63,2.87,4.64,4.15,4.15,5.24,1.78,-0.1,1.19,1.19,1.78,10.23,10.31,10.26,10.69,2.19,0.86,0.57,0.38,-0.1,2.28,1.52,2.0,10.84,9.6
2021-12-06,600508,10.49,10.45,10.75,10.43,122437,129436760.0,3.04,-0.67,-0.07,1.69,1.53,1.05,1.05,2.11,-1.25,-3.07,-1.82,-1.82,-1.25,1.53,10.3,10.31,10.27,10.59,1.53,1.24,1.05,0.57,2.97,2.2,2.68,11.58,10.33,7.75
2021-12-07,600508,10.58,10.51,10.61,10.31,71345,74613586.0,2.87,0.57,0.06,0.99,2.23,2.23,3.3,-0.1,-1.94,-0.68,-0.68,-0.1,2.72,4.27,10.39,10.32,10.28,10.52,0.67,0.48,0.0,2.38,1.62,2.09,10.94,9.71,7.14,5.71
2021-12-08,600508,10.52,10.49,10.58,10.4,58593,61211218.0,1.71,-0.19,-0.02,0.81,1.35,2.4,-0.96,-2.79,-1.54,-1.54,-0.96,1.83,3.37,2.02,10.44,10.32,10.3,10.45,0.67,0.19,2.57,1.81,2.29,11.15,9.91,7.34,5.91,5.72
2021-12-09,600508,10.45,10.51,10.56,10.43,63984,67175913.0,1.24,0.19,0.02,0.89,2.11,-1.25,-3.07,-1.82,-1.82,-1.25,1.53,3.07,1.73,1.44,10.5,10.33,10.31,10.42,0.0,2.38,1.62,2.09,10.94,9.71,7.14,5.71,5.52,7.04
2021-12-10,600508,10.48,10.41,10.51,10.39,58930,61487414.0,1.14,-0.95,-0.1,0.82,-0.87,-2.69,-1.44,-1.44,-0.87,1.92,3.46,2.12,1.83,1.64,10.47,10.35,10.33,10.39,3.36,2.59,3.07,12.01,10.76,8.17,6.72,6.53,8.07,8.55
2021-12-13,600508,10.45,10.64,10.76,10.45,110318,117172309.0,2.98,2.21,0.23,1.53,-3.25,-2.01,-2.01,-1.44,1.34,2.87,1.53,1.24,1.05,0.57,10.51,10.41,10.35,10.37,0.38,0.85,9.59,8.36,5.83,4.42,4.23,5.73,6.2,5.92
2021-12-14,600508,10.59,10.53,10.68,10.5,56451,59502195.0,1.69,-1.03,-0.11,0.78,-2.48,-2.48,-1.9,0.86,2.38,1.05,0.76,0.57,0.1,2.48,10.52,10.45,10.38,10.36,1.9,10.73,9.5,6.93,5.51,5.32,6.84,7.31,7.03,5.7
2021-12-15,600508,10.46,10.71,10.73,10.45,96882,103023462.0,2.66,1.71,0.18,1.34,-2.01,-1.44,1.34,2.87,1.53,1.24,1.05,0.57,2.97,2.2,10.56,10.5,10.4,10.35,8.87,7.66,5.14,3.73,3.55,5.04,5.51,5.23,3.92,5.98
2021-12-16,600508,10.73,11.45,11.66,10.72,298887,337837280.0,8.78,6.91,0.74,4.14,-3.92,-1.21,0.28,-1.03,-1.31,-1.49,-1.96,0.37,-0.37,0.09,10.75,10.62,10.46,10.37,0.7,-1.66,-2.97,-3.14,-1.75,-1.31,-1.57,-2.79,-0.87,-1.66
2021-12-17,600508,11.3,11.16,11.53,11.15,195480,221483422.0,3.32,-2.53,-0.29,2.7,-5.02,-3.59,-4.84,-5.11,-5.29,-5.74,-3.5,-4.22,-3.77,4.57,10.9,10.69,10.5,10.4,0.9,-0.45,-0.63,0.81,1.25,0.99,-0.27,1.7,0.9,1.79
2021-12-20,600508,11.22,10.87,11.26,10.86,97206,106776291.0,3.58,-2.6,-0.29,1.35,-1.01,-2.3,-2.58,-2.76,-3.22,-0.92,-1.66,-1.2,7.37,6.17,10.94,10.73,10.52,10.42,2.21,2.02,3.5,3.96,3.68,2.39,4.42,3.59,4.51,13.25
2021-12-21,600508,10.84,11.04,11.11,10.82,73954,81322616.0,2.67,1.56,0.17,1.02,-1.94,-2.22,-2.4,-2.87,-0.55,-1.29,-0.83,7.76,6.56,4.07,11.05,10.78,10.55,10.45,0.45,1.9,2.36,2.08,0.82,2.81,1.99,2.9,11.5,5.07
2021-12-22,600508,11.03,11.03,11.09,10.91,67760,74597475.0,1.63,-0.09,-0.01,0.94,-3.02,-3.21,-3.67,-1.37,-2.11,-1.65,6.87,5.68,3.21,1.83,11.11,10.84,10.58,10.48,1.99,2.45,2.18,0.91,2.9,2.09,2.99,11.6,5.17,4.08
2021-12-23,600508,10.96,11.21,11.25,10.91,94056,104666082.0,3.08,1.63,0.18,1.3,-3.21,-3.67,-1.37,-2.11,-1.65,6.87,5.68,3.21,1.83,1.65,11.06,10.91,10.62,10.51,0.8,0.54,-0.71,1.25,0.45,1.34,9.81,3.48,2.41,2.14
2021-12-24,600508,11.21,11.05,11.3,11.01,88416,98306014.0,2.59,-1.43,-0.16,1.22,-4.54,-2.27,-3.0,-2.54,5.9,4.72,2.27,0.91,0.73,2.18,11.04,10.97,10.66,10.54,1.99,0.72,2.71,1.9,2.81,11.4,4.98,3.89,3.62,2.53
2021-12-27,600508,11.06,11.12,11.27,10.98,65935,73415024.0,2.62,0.63,0.07,0.91,-2.0,-2.73,-2.28,6.19,5.01,2.55,1.18,1.0,2.46,2.91,11.09,11.02,10.71,10.57,0.09,2.07,1.26,2.16,10.7,4.32,3.24,2.97,1.89,1.71
2021-12-28,600508,11.12,10.75,11.13,10.66,93651,101086376.0,4.23,-3.33,-0.37,1.3,0.19,0.66,9.38,8.16,5.63,4.22,4.03,5.53,6.0,5.72,11.03,11.04,10.75,10.6,5.58,4.74,5.67,14.51,7.91,6.79,6.51,5.4,5.21,5.12
2021-12-29,600508,10.7,11.1,11.35,10.68,143060,157758975.0,6.23,3.26,0.35,1.98,0.47,9.18,7.96,5.43,4.03,3.84,5.34,5.81,5.52,4.21,11.05,11.08,10.79,10.63,1.44,2.34,10.9,4.5,3.42,3.15,2.07,1.89,1.8,3.24
2021-12-30,600508,11.08,11.12,11.26,10.92,110248,122428456.0,3.06,0.18,0.02,1.53,6.78,5.59,3.11,1.74,1.56,3.02,3.48,3.21,1.92,3.94,11.03,11.05,10.83,10.65,2.16,10.7,4.32,3.24,2.97,1.89,1.71,1.62,3.06,0.54
2021-12-31,600508,11.24,11.29,11.36,11.11,111358,125516321.0,2.25,1.53,0.17,1.54,3.78,1.35,0.0,-0.18,1.26,1.71,1.44,0.18,2.16,1.35,11.08,11.06,10.87,10.68,9.03,2.75,1.68,1.42,0.35,0.18,0.09,1.51,-0.97,-7.71
2022-01-04,600508,11.81,11.6,12.31,11.51,221624,260829737.0,7.09,2.75,0.31,3.07,-2.17,-3.48,-3.65,-2.26,-1.82,-2.09,-3.3,-1.39,-2.17,-1.3,11.17,11.13,10.93,10.72,0.0,-1.03,-1.29,-2.33,-2.5,-2.59,-1.21,-3.62,-10.17,-10.09
2022-01-05,600508,11.52,11.26,11.6,11.23,116393,132427059.0,3.19,-2.93,-0.34,1.61,-1.07,-1.25,0.18,0.62,0.36,-0.89,1.07,0.27,1.16,9.62,11.27,11.15,10.97,10.75,1.95,1.69,0.62,0.44,0.36,1.78,-0.71,-7.46,-7.37,-0.36
2022-01-06,600508,11.21,11.33,11.48,11.15,89724,101940085.0,2.93,0.62,0.07,1.24,-0.54,0.9,1.35,1.08,-0.18,1.79,0.99,1.88,10.4,4.04,11.32,11.18,11.01,10.78,1.06,0.0,-0.18,-0.26,1.15,-1.32,-8.03,-7.94,-0.97,-5.74
2022-01-07,600508,11.31,11.26,11.45,11.22,82018,92921195.0,2.03,-0.62,-0.07,1.13,0.27,0.71,0.45,-0.8,1.16,0.36,1.25,9.71,3.39,2.32,11.35,11.19,11.05,10.81,0.62,0.44,0.36,1.78,-0.71,-7.46,-7.37,-0.36,-5.15,-6.31
2022-01-10,600508,11.22,11.32,11.33,11.15,60335,67883402.0,1.6,0.53,0.06,0.83,1.35,1.08,-0.18,1.79,0.99,1.88,10.4,4.04,2.96,2.69,11.35,11.22,11.09,10.84,-0.09,-0.18,1.24,-1.24,-7.95,-7.86,-0.88,-5.65,-6.8,-7.69
2022-01-11,600508,11.22,11.16,11.31,11.12,67395,75667444.0,1.68,-1.41,-0.16,0.93,1.35,0.09,2.07,1.26,2.16,10.7,4.32,3.24,2.97,1.89,11.27,11.22,11.12,10.88,1.25,2.69,0.18,-6.63,-6.54,0.54,-4.3,-5.47,-6.36,-7.8
2022-01-12,600508,11.19,11.25,11.3,11.18,51799,58213572.0,1.08,0.81,0.09,0.72,-0.45,1.52,0.72,1.61,10.11,3.76,2.68,2.42,1.34,1.16,11.26,11.27,11.15,10.92,1.87,-0.62,-7.38,-7.29,-0.27,-5.07,-6.22,-7.11,-8.53,-11.91
2022-01-13,600508,11.24,11.24,11.46,11.24,95805,108712945.0,1.96,-0.09,-0.01,1.33,0.98,0.18,1.07,9.52,3.2,2.14,1.87,0.8,0.62,0.53,11.25,11.28,11.18,10.95,-0.53,-7.3,-7.21,-0.18,-4.98,-6.14,-7.03,-8.45,-11.83,-11.57
2022-01-14,600508,11.18,10.76,11.18,10.73,107362,116688266.0,4.0,-4.27,-0.48,1.49,4.94,5.87,14.73,8.11,6.99,6.71,5.59,5.41,5.31,6.8,11.15,11.25,11.15,10.97,-3.16,-3.07,4.28,-0.74,-1.95,-2.88,-4.37,-7.9,-7.62,-10.04
2022-01-17,600508,10.33,10.3,10.42,10.1,128590,131802679.0,2.97,-4.28,-0.46,1.78,12.48,21.88,14.85,13.66,13.37,12.18,11.98,11.88,13.47,10.69,10.94,11.15,11.1,10.96,1.26,8.93,3.69,2.43,1.46,-0.1,-3.79,-3.5,-6.02,-3.98
2022-01-18,600508,10.22,10.32,10.43,10.21,71978,74227189.0,2.14,0.19,0.02,1.0,20.57,13.61,12.44,12.14,10.97,10.77,10.68,12.24,9.5,2.06,10.77,11.02,11.08,10.96,8.72,3.49,2.23,1.26,-0.29,-3.97,-3.68,-6.2,-4.17,-1.45
2022-01-19,600508,10.35,10.81,11.22,10.34,181501,195232529.0,8.53,4.75,0.49,2.51,12.19,11.03,10.74,9.57,9.38,9.28,10.83,8.12,0.77,0.87,10.69,10.98,11.06,10.97,-1.2,-2.41,-3.33,-4.81,-8.33,-8.05,-10.45,-8.51,-5.92,-4.72
2022-01-20,600508,10.68,10.38,10.68,10.34,114406,119859267.0,3.15,-3.98,-0.43,1.58,11.03,10.74,9.57,9.38,9.28,10.83,8.12,0.77,0.87,8.51,10.51,10.88,11.03,10.97,1.64,0.67,-0.87,-4.53,-4.24,-6.74,-4.72,-2.02,-0.77,-0.48
2022-01-21,600508,10.54,10.49,10.55,10.35,82964,86688528.0,1.93,1.06,0.11,1.15,10.63,9.47,9.28,9.18,10.72,8.02,0.68,0.77,8.41,3.19,10.46,10.8,11.0,10.97,-0.38,-1.91,-5.53,-5.24,-7.72,-5.72,-3.05,-1.81,-1.53,-0.67
2022-01-24,600508,10.45,10.26,10.45,10.1,69487,71255750.0,3.34,-2.19,-0.23,0.96,12.18,11.98,11.88,13.47,10.69,3.17,3.27,11.09,5.74,4.46,10.45,10.7,10.96,10.96,0.29,-3.41,-3.12,-5.65,-3.61,-0.88,0.39,0.68,1.56,-0.19
2022-01-25,600508,10.21,9.73,10.29,9.7,89897,89317237.0,5.75,-5.17,-0.53,1.24,16.6,16.49,18.14,15.26,7.42,7.53,15.67,10.1,8.76,7.73,10.33,10.55,10.89,10.93,1.85,2.16,-0.51,1.64,4.52,5.86,6.17,7.09,5.24,3.29
2022-01-26,600508,9.8,9.78,9.91,9.64,44429,43412330.0,2.77,0.51,0.05,0.61,17.22,18.88,15.98,8.09,8.2,16.39,10.79,9.44,8.4,6.74,10.13,10.41,10.84,10.9,1.64,-1.02,1.12,3.99,5.32,5.62,6.54,4.7,2.76,3.48
2022-01-27,600508,9.84,9.62,9.94,9.62,45814,44715638.0,3.27,-1.64,-0.16,0.63,19.13,16.22,8.32,8.42,16.63,11.02,9.67,8.63,6.96,3.01,9.98,10.25,10.76,10.87,0.62,2.81,5.72,7.07,7.38,8.32,6.44,4.47,5.2,5.41
2022-01-28,600508,9.62,9.53,9.68,9.34,46843,44575989.0,3.53,-0.94,-0.09,0.65,19.7,11.56,11.67,20.13,14.35,12.96,11.88,10.17,6.1,6.42,9.78,10.12,10.68,10.8,3.78,6.72,8.08,8.39,9.34,7.45,5.46,6.19,6.4,9.55
2022-02-07,600508,9.66,9.83,9.89,9.66,50767,49777508.0,2.41,3.15,0.3,0.7,7.87,7.97,16.15,10.56,9.21,8.18,6.52,2.59,2.9,0.21,9.7,10.08,10.61,10.76,3.46,4.78,5.09,6.0,4.17,2.24,2.95,3.15,6.21,7.32
2022-02-08,600508,10.0,10.16,10.17,9.92,75954,76466755.0,2.54,3.36,0.33,1.05,5.14,13.1,7.66,6.35,5.34,3.73,-0.1,0.2,-2.42,-0.3,9.78,10.06,10.54,10.74,1.38,1.67,2.56,0.79,-1.08,-0.39,-0.2,2.76,3.84,4.63
2022-02-09,600508,10.1,10.17,10.3,10.03,63132,64324167.0,2.66,0.1,0.01,0.87,11.86,6.48,5.18,4.19,2.59,-1.2,-0.9,-3.49,-1.4,1.4,9.86,10.0,10.48,10.71,1.57,2.46,0.69,-1.18,-0.49,-0.29,2.65,3.74,4.52,2.95
2022-02-10,600508,10.11,10.31,10.33,10.01,63009,64408329.0,3.15,1.38,0.14,0.87,6.69,5.39,4.4,2.8,-1.0,-0.7,-3.3,-1.2,1.6,2.9,10.0,9.99,10.43,10.68,1.07,-0.68,-2.52,-1.84,-1.65,1.26,2.33,3.1,1.55,0.39
2022-02-11,600508,10.29,10.21,10.42,10.16,76620,78882826.0,2.52,-0.97,-0.1,1.06,3.84,2.85,1.28,-2.46,-2.17,-4.72,-2.66,0.1,1.38,1.67,10.14,9.96,10.38,10.65,0.29,-1.57,-0.88,-0.69,2.25,3.33,4.11,2.55,1.37,1.47
2022-02-14,600508,10.21,10.06,10.24,10.05,45526,46090687.0,1.86,-1.47,-0.15,0.63,3.98,2.39,-1.39,-1.09,-3.68,-1.59,1.19,2.49,2.79,3.68,10.18,9.94,10.32,10.62,-0.1,0.6,0.8,3.78,4.87,5.67,4.08,2.88,2.98,2.39
2022-02-15,600508,10.01,10.0,10.05,9.94,32790,32764444.0,1.09,-0.6,-0.06,0.45,3.52,-0.3,0.0,-2.62,-0.5,2.31,3.62,3.92,4.83,3.02,10.15,9.97,10.26,10.58,1.2,1.4,4.4,5.5,6.3,4.7,3.5,3.6,3.0,4.7
2022-02-16,600508,10.0,10.09,10.12,9.99,28956,29135163.0,1.3,0.9,0.09,0.4,-0.8,-0.5,-3.1,-1.0,1.8,3.1,3.4,4.3,2.5,0.6,10.13,10.0,10.2,10.56,0.5,3.47,4.56,5.35,3.77,2.58,2.68,2.08,3.77,6.74
2022-02-17,600508,10.09,10.09,10.14,10.01,38899,39258160.0,1.29,0.0,0.0,0.54,-0.7,-3.3,-1.2,1.6,2.9,3.2,4.1,2.3,0.4,1.1,10.09,10.05,10.14,10.52,3.47,4.56,5.35,3.77,2.58,2.68,2.08,3.77,6.74,11.0
2022-02-18,600508,10.15,10.4,10.44,10.08,84237,86981350.0,3.57,3.07,0.31,1.17,-3.97,-1.88,0.89,2.18,2.48,3.37,1.59,-0.3,0.4,0.6,10.13,10.13,10.13,10.5,1.44,2.21,0.67,-0.48,-0.38,-0.96,0.67,3.56,7.69,8.08
2022-02-21,600508,10.42,10.51,10.55,10.35,62536,65451996.0,1.92,1.06,0.11,0.87,-4.44,-1.74,-0.48,-0.19,0.68,-1.06,-2.9,-2.22,-2.03,0.87,10.22,10.2,10.14,10.47,1.14,-0.38,-1.52,-1.43,-2.0,-0.38,2.47,6.57,6.95,7.8
2022-02-22,600508,10.44,10.41,10.63,10.31,58668,61286853.0,3.04,-0.95,-0.1,0.81,-1.36,-0.1,0.19,1.07,-0.68,-2.52,-1.84,-1.65,1.26,2.33,10.3,10.23,10.14,10.43,0.58,-0.58,-0.48,-1.06,0.58,3.46,7.59,7.97,8.84,5.76
2022-02-23,600508,10.4,10.32,10.47,10.22,44133,45438518.0,2.4,-0.86,-0.09,0.61,0.78,1.08,1.96,0.2,-1.66,-0.98,-0.78,2.15,3.23,4.01,10.35,10.24,10.12,10.4,0.29,0.39,-0.19,1.45,4.36,8.53,8.91,9.79,6.69,5.14
2022-02-24,600508,10.24,10.13,10.35,10.01,52818,53806130.0,3.29,-1.84,-0.19,0.73,3.2,4.1,2.3,0.4,1.1,1.3,4.3,5.39,6.19,4.6,10.35,10.22,10.1,10.36,2.27,1.68,3.36,6.32,10.56,10.96,11.85,8.69,7.11,5.73
2022-02-25,600508,10.08,10.1,10.36,9.97,70299,71591088.0,3.85,-0.3,-0.03,0.97,4.51,2.71,0.8,1.5,1.71,4.71,5.82,6.62,5.02,3.81,10.29,10.21,10.09,10.32,1.98,3.66,6.63,10.89,11.29,12.18,9.01,7.43,6.04,4.95
2022-02-28,600508,10.1,10.26,10.3,10.01,43572,44555895.0,2.87,1.58,0.16,0.6,2.3,0.4,1.1,1.3,4.3,5.39,6.19,4.6,3.4,3.5,10.24,10.23,10.09,10.29,2.05,4.97,9.16,9.55,10.43,7.31,5.75,4.39,3.31,2.73
2022-03-01,600508,10.3,10.44,10.47,10.27,55925,58133819.0,1.95,1.75,0.18,0.77,-2.14,-1.46,-1.27,1.66,2.73,3.51,1.95,0.78,0.88,0.29,10.25,10.28,10.12,10.27,3.16,7.28,7.66,8.52,5.46,3.93,2.59,1.53,0.96,-3.93
2022-03-02,600508,10.5,10.69,10.77,10.45,88623,94114940.0,3.07,2.39,0.25,1.23,-3.16,-2.97,-0.1,0.96,1.72,0.19,-0.96,-0.86,-1.44,0.19,10.32,10.34,10.17,10.25,4.77,5.14,5.99,2.99,1.5,0.19,-0.84,-1.4,-6.17,-11.69
2022-03-03,600508,10.76,11.12,11.2,10.76,167086,184653545.0,4.12,4.02,0.43,2.31,-5.76,-2.97,-1.95,-1.21,-2.7,-3.81,-3.72,-4.28,-2.7,0.09,10.52,10.44,10.24,10.24,1.08,1.89,-0.99,-2.43,-3.69,-4.68,-5.22,-9.8,-15.11,-13.49
2022-03-04,600508,11.15,11.02,11.24,10.75,153930,169064259.0,4.41,-0.9,-0.1,2.13,-2.88,-1.86,-1.12,-2.6,-3.72,-3.63,-4.19,-2.6,0.19,4.19,10.71,10.5,10.32,10.25,2.81,-0.09,-1.54,-2.81,-3.81,-4.36,-8.98,-14.34,-12.7,-7.62
2022-03-07,600508,11.3,10.92,11.33,10.85,120432,132881446.0,4.36,-0.91,-0.1,1.67,-2.76,-2.03,-3.5,-4.61,-4.52,-5.07,-3.5,-0.74,3.23,3.59,10.84,10.54,10.37,10.27,0.82,-0.64,-1.92,-2.93,-3.48,-8.15,-13.55,-11.9,-6.78,-6.23
2022-03-08,600508,10.86,10.5,11.01,10.48,108260,115842763.0,4.85,-3.85,-0.42,1.5,1.43,-0.1,-1.24,-1.15,-1.72,-0.1,2.77,6.87,7.25,8.11,10.85,10.55,10.39,10.28,3.33,2.0,0.95,0.38,-4.48,-10.1,-8.38,-3.05,-2.48,-0.29
2022-03-09,600508,10.51,10.58,10.85,10.12,108549,114629571.0,6.95,0.76,0.08,1.5,3.46,2.27,2.37,1.78,3.46,6.42,10.67,11.07,11.96,8.79,10.83,10.58,10.41,10.27,1.23,0.19,-0.38,-5.2,-10.78,-9.07,-3.78,-3.21,-1.04,0.38
2022-03-10,600508,10.57,10.52,10.71,10.31,79244,83475810.0,3.78,-0.57,-0.06,1.1,0.39,0.48,-0.1,1.55,4.46,8.63,9.02,9.89,6.79,5.24,10.71,10.62,10.42,10.27,0.76,0.19,-4.66,-10.27,-8.56,-3.23,-2.66,-0.48,0.95,0.1
2022-03-11,600508,10.44,10.45,10.6,10.18,70017,73077416.0,3.99,-0.67,-0.07,0.97,1.77,1.18,2.85,5.8,10.02,10.41,11.3,8.15,6.58,5.21,10.59,10.65,10.43,10.27,0.86,-4.02,-9.67,-7.94,-2.58,-2.01,0.19,1.63,0.77,-0.57
2022-03-14,600508,10.3,10.01,10.54,10.0,82997,84905499.0,5.17,-4.21,-0.44,1.15,3.0,4.7,7.7,12.0,12.4,13.3,10.1,8.5,7.1,6.0,10.41,10.63,10.43,10.27,0.2,-5.69,-3.9,1.7,2.3,4.6,6.09,5.19,3.8,4.2
2022-03-15,600508,10.03,9.24,10.03,9.21,113212,107281833.0,8.19,-7.69,-0.77,1.57,13.68,16.94,21.61,22.04,23.02,19.54,17.81,16.29,15.09,14.44,10.16,10.51,10.39,10.25,2.16,4.11,10.17,10.82,13.31,14.94,13.96,12.45,12.88,11.47
2022-03-16,600508,9.34,9.37,9.44,8.9,82105,75525375.0,5.84,1.41,0.13,1.14,21.01,25.84,26.29,27.3,23.71,21.91,20.34,19.1,18.43,12.7,9.92,10.37,10.35,10.24,2.67,8.64,9.28,11.74,13.34,12.38,10.89,11.31,9.93,10.03
2022-03-17,600508,9.4,9.52,9.62,9.3,86304,81570041.0,3.42,1.6,0.15,1.19,20.43,20.86,21.83,18.39,16.67,15.16,13.98,13.33,7.85,1.51,9.72,10.21,10.33,10.23,6.93,7.56,9.98,11.55,10.61,9.14,9.56,8.19,8.3,7.88
2022-03-18,600508,9.52,10.14,10.18,9.5,139471,138779658.0,7.14,6.51,0.62,1.93,18.32,19.26,15.89,14.21,12.74,11.58,10.95,5.58,-0.63,1.26,9.66,10.13,10.31,10.25,0.99,3.25,4.73,3.85,2.47,2.86,1.58,1.68,1.28,1.87
2022-03-21,600508,10.08,10.17,10.24,9.98,63069,63796249.0,2.56,0.3,0.03,0.87,13.53,10.32,8.72,7.31,6.21,5.61,0.5,-5.41,-3.61,2.0,9.69,10.05,10.3,10.26,2.95,4.42,3.54,2.16,2.56,1.28,1.38,0.98,1.57,1.47
2022-03-22,600508,10.25,10.45,10.47,10.1,70794,72901358.0,3.64,2.75,0.28,0.98,9.01,7.43,6.04,4.95,4.36,-0.69,-6.53,-4.75,0.79,1.39,9.93,10.05,10.3,10.27,1.63,0.77,-0.57,-0.19,-1.44,-1.34,-1.72,-1.15,-1.24,-1.05
2022-03-23,600508,10.34,10.38,10.62,10.26,53573,55871026.0,3.44,-0.67,-0.07,0.74,5.75,4.39,3.31,2.73,-2.24,-7.99,-6.24,-0.78,-0.19,2.05,10.13,10.03,10.3,10.28,1.45,0.1,0.48,-0.77,-0.67,-1.06,-0.48,-0.58,-0.39,0.1
2022-03-24,600508,10.53,10.35,10.53,10.27,50705,52618259.0,2.5,-0.29,-0.03,0.7,4.28,3.21,2.63,-2.34,-8.08,-6.33,-0.88,-0.29,1.95,3.41,10.3,10.01,10.31,10.28,0.39,0.77,-0.48,-0.39,-0.77,-0.19,-0.29,-0.1,0.39,-0.68
2022-03-25,600508,10.24,10.26,10.39,10.16,62975,64727651.0,2.22,-0.87,-0.09,0.87,4.33,3.74,-1.28,-7.09,-5.31,0.2,0.79,3.05,4.53,3.64,10.32,9.99,10.32,10.28,1.66,0.39,0.49,0.1,0.68,0.58,0.78,1.27,0.19,0.88
2022-03-28,600508,10.3,10.28,10.43,10.06,57962,59418888.0,3.61,0.19,0.02,0.8,4.77,-0.3,-6.16,-4.37,1.19,1.79,4.08,5.57,4.67,3.28,10.34,10.02,10.32,10.29,0.19,0.29,-0.1,0.49,0.39,0.58,1.07,0.0,0.68,4.18
2022-03-29,600508,10.27,10.2,10.3,10.1,63280,64514837.0,1.95,-0.78,-0.08,0.88,-0.69,-6.53,-4.75,0.79,1.39,3.66,5.15,4.26,2.87,3.27,10.29,10.11,10.31,10.3,1.08,0.69,1.27,1.18,1.37,1.86,0.78,1.47,5.0,8.82
2022-03-30,600508,10.21,10.09,10.31,9.98,65118,65694569.0,3.24,-1.08,-0.11,0.9,-5.41,-3.61,2.0,2.61,4.91,6.41,5.51,4.11,4.51,3.21,10.24,10.18,10.28,10.3,1.78,2.38,2.28,2.48,2.97,1.88,2.58,6.14,10.01,19.92
2022-03-31,600508,10.09,10.18,10.27,10.06,59487,60473994.0,2.08,0.89,0.09,0.82,-4.37,1.19,1.79,4.08,5.57,4.67,3.28,3.68,2.39,2.49,10.2,10.25,10.23,10.3,1.47,1.38,1.57,2.06,0.98,1.67,5.21,9.04,18.86,30.75
2022-04-01,600508,10.16,10.17,10.33,10.05,64040,65024031.0,2.75,-0.1,-0.01,0.89,1.29,1.89,4.18,5.67,4.78,3.38,3.78,2.49,2.59,2.19,10.18,10.25,10.19,10.29,1.47,1.67,2.16,1.08,1.77,5.31,9.14,18.98,30.88,43.95
2022-04-06,600508,10.16,10.26,10.32,10.07,81559,83240295.0,2.46,0.88,0.09,1.13,1.69,3.97,5.46,4.57,3.18,3.57,2.28,2.38,1.99,2.58,10.18,10.26,10.16,10.28,0.78,1.27,0.19,0.88,4.39,8.19,17.93,29.73,42.69,56.92
2022-04-07,600508,10.26,10.08,10.34,10.08,56592,57842355.0,2.53,-1.75,-0.18,0.78,3.87,5.36,4.46,3.08,3.47,2.18,2.28,1.88,2.48,2.38,10.16,10.23,10.13,10.27,3.08,1.98,2.68,6.25,10.12,20.04,32.04,45.24,59.72,71.53
2022-04-08,600508,10.11,10.18,10.39,9.97,67212,68249438.0,4.17,0.99,0.1,0.93,6.52,5.62,4.21,4.61,3.31,3.41,3.01,3.61,3.51,3.71,10.17,10.21,10.11,10.27,0.98,1.67,5.21,9.04,18.86,30.75,43.81,58.15,69.84,68.86
2022-04-11,600508,10.11,9.93,10.28,9.87,71170,71743601.0,4.03,-2.46,-0.25,0.98,6.69,5.27,5.67,4.36,4.46,4.05,4.66,4.56,4.76,5.27,10.12,10.16,10.09,10.26,4.23,7.85,11.78,21.85,34.04,47.43,62.13,74.12,73.11,55.79
2022-04-12,600508,10.0,10.2,10.35,10.0,78265,79453408.0,3.52,2.72,0.27,1.08,3.9,4.3,3.0,3.1,2.7,3.3,3.2,3.4,3.9,2.8,10.13,10.16,10.07,10.27,5.0,8.82,18.63,30.49,43.53,57.84,69.51,68.53,51.67,63.73
2022-04-13,600508,10.16,10.56,10.71,10.16,158693,166338568.0,5.39,3.53,0.36,2.2,2.66,1.38,1.48,1.08,1.67,1.57,1.77,2.26,1.18,1.87,10.19,10.19,10.1,10.28,5.11,14.58,26.04,38.64,52.46,63.73,62.78,46.5,58.14,43.75
2022-04-14,600508,10.58,11.0,11.1,10.45,188745,204105566.0,6.16,4.17,0.44,2.61,-1.44,-1.34,-1.72,-1.15,-1.24,-1.05,-0.57,-1.63,-0.96,2.49,10.37,10.27,10.19,10.29,10.0,21.0,33.09,46.36,57.18,56.27,40.64,51.82,38.0,48.73
2022-04-15,600508,12.1,12.1,12.1,12.1,63055,76296998.0,0.0,10.0,1.1,0.87,-14.79,-15.12,-14.63,-14.71,-14.55,-14.13,-15.04,-14.46,-11.49,-8.26,10.76,10.47,10.32,10.34,10.0,20.99,33.06,42.89,42.07,27.85,38.02,25.45,35.21,30.58
2022-04-18,600508,13.31,13.31,13.31,13.31,41405,55110574.0,0.0,10.0,1.21,0.57,-22.84,-22.39,-22.46,-22.31,-21.94,-22.76,-22.24,-19.53,-16.6,-9.09,11.43,10.78,10.51,10.41,9.99,20.96,29.9,29.15,16.23,25.47,14.05,22.92,18.71,20.81
2022-04-19,600508,14.64,14.64,14.64,14.64,114484,167604488.0,0.0,9.99,1.33,1.58,-29.44,-29.51,-29.37,-29.03,-29.78,-29.3,-26.84,-24.18,-17.35,-9.08,12.32,11.23,10.74,10.53,9.97,18.1,17.42,5.67,14.07,3.69,11.75,7.92,9.84,19.13
2022-04-20,600508,16.1,16.1,16.1,16.1,355199,571870016.0,0.0,9.97,1.46,4.91,-35.9,-35.78,-35.47,-36.15,-35.71,-33.48,-31.06,-24.84,-17.33,-9.07,13.43,11.81,11.04,10.71,7.39,6.77,-3.91,3.73,-5.71,1.61,-1.86,-0.12,8.32,2.17
2022-04-21,600508,16.63,15.63,17.29,15.43,1169211,1940650032.0,11.55,-2.92,-0.47,16.18,-32.99,-32.66,-33.38,-32.92,-30.59,-28.06,-21.58,-13.74,-5.12,4.34,14.36,12.37,11.29,10.88,9.98,-1.02,6.85,-2.88,4.67,1.09,2.88,11.58,5.25,0.19
2022-04-22,600508,15.66,17.19,17.19,15.33,917403,1505255632.0,11.9,9.98,1.56,12.69,-32.22,-32.94,-32.49,-30.14,-27.59,-21.07,-13.18,-4.5,5.02,12.79,15.37,13.07,11.64,11.1,-10.01,-2.85,-11.69,-4.83,-8.09,-6.46,1.45,-4.3,-8.9,-0.87
2022-04-25,600508,15.47,15.47,15.47,15.47,60937,94269539.0,0.0,-10.01,-1.72,0.84,-33.55,-33.1,-30.77,-28.25,-21.78,-13.96,-5.37,4.07,11.76,11.12,15.81,13.62,11.89,11.26,7.95,-1.87,5.75,2.13,3.94,12.73,6.33,1.23,10.15,12.48
2022-04-26,600508,13.92,13.92,16.7,13.92,734318,1053588432.0,17.97,-10.02,-1.55,10.16,-25.65,-23.06,-20.26,-13.07,-4.38,5.17,15.66,24.21,23.49,11.14,15.66,13.99,12.07,11.38,9.05,17.53,13.51,15.52,25.29,18.18,12.5,22.41,25.0,11.93
2022-04-27,600508,13.6,14.87,15.18,13.22,679177,967385856.0,14.08,6.82,0.95,9.4,-18.99,-16.04,-8.47,0.68,10.74,21.79,30.79,30.03,17.02,26.32,15.42,14.42,12.3,11.54,10.02,6.25,8.14,17.28,10.63,5.31,14.59,17.01,4.77,11.77
2022-04-28,600508,14.8,16.0,16.36,14.58,791070,1226253408.0,11.97,7.6,1.13,10.95,-23.87,-17.01,-8.71,0.41,10.43,18.59,17.9,6.1,14.54,4.12,15.49,14.92,12.59,11.77,-1.25,0.5,9.0,2.81,-2.12,6.5,8.75,-2.62,3.88,14.19
2022-04-29,600508,15.8,15.37,15.8,14.42,705608,1072505984.0,8.63,-3.94,-0.63,9.76,-16.09,-7.7,1.53,11.65,19.9,19.21,7.28,15.81,5.27,13.45,15.13,15.25,12.86,11.97,4.62,13.47,7.03,1.89,10.87,13.21,1.37,8.13,18.87,18.28
2022-05-05,600508,15.48,15.85,16.08,14.86,613752,953048992.0,7.94,3.12,0.48,8.49,-10.43,-1.48,8.34,16.35,15.68,4.1,12.38,2.15,10.09,6.33,15.2,15.5,13.14,12.18,10.03,3.79,-1.2,7.51,9.78,-1.7,4.86,15.27,14.7,4.48
2022-05-06,600508,15.2,16.81,17.44,14.9,831477,1358503872.0,16.03,6.06,0.96,11.5,-1.74,8.05,16.04,15.37,3.83,12.08,1.88,9.8,6.04,7.92,15.78,15.72,13.47,12.4,-2.14,-6.84,1.37,3.51,-7.32,-1.13,8.69,8.15,-1.49,5.65
2022-05-09,600508,16.18,15.86,16.45,15.13,620616,974543232.0,7.85,-5.65,-0.95,8.59,6.41,14.28,13.62,2.25,10.38,0.33,8.13,4.43,6.28,15.27,15.98,15.7,13.75,12.59,-1.26,7.44,9.71,-1.77,4.79,15.2,14.63,4.41,11.98,11.48
2022-05-10,600508,15.3,15.49,15.66,14.66,482922,735533424.0,6.31,-2.33,-0.37,6.68,17.94,17.26,5.53,13.92,3.55,11.6,7.78,9.69,18.96,12.21,15.88,15.68,14.02,12.76,10.01,12.33,0.58,7.3,17.95,17.37,6.91,14.65,14.14,12.52
2022-05-11,600508,15.36,16.68,17.04,15.3,787739,1292224976.0,11.23,7.68,1.19,10.9,12.35,1.11,9.15,-0.78,6.93,3.27,5.1,13.99,7.52,2.35,16.14,15.63,14.35,12.97,4.32,-6.59,-0.36,9.53,8.99,-0.72,6.47,6.0,4.5,-0.48
2022-05-12,600508,16.9,15.14,17.4,15.07,786488,1281074528.0,13.97,-9.23,-1.54,10.88,2.65,10.82,0.73,8.56,4.84,6.7,15.73,9.16,3.92,13.07,16.0,15.6,14.61,13.13,2.91,9.78,20.67,20.08,9.38,17.31,16.78,15.13,9.64,19.02
2022-05-13,600508,15.01,15.11,15.58,14.73,510054,775407104.0,5.61,-0.2,-0.03,7.06,13.37,3.05,11.07,7.26,9.16,18.4,11.68,6.31,15.68,18.13,15.66,15.72,14.85,13.29,9.99,20.91,20.32,9.6,17.54,17.01,15.35,9.86,19.26,30.31
2022-05-16,600508,15.2,16.62,16.62,15.14,775540,1255267456.0,9.79,9.99,1.51,10.73,0.26,8.06,4.36,6.21,15.19,8.65,3.43,12.55,14.93,2.91,15.81,15.89,15.16,13.5,9.93,9.39,-0.36,6.86,6.38,4.87,-0.12,8.42,18.47,15.52
2022-05-17,600508,17.0,17.65,18.27,16.46,1027058,1774142848.0,10.89,6.2,1.03,14.21,-0.61,-4.01,-2.31,5.95,-0.06,-4.86,3.52,5.71,-5.35,0.97,16.24,16.06,15.49,13.75,3.0,-6.18,0.62,0.17,-1.25,-5.95,2.1,11.56,8.78,5.33
2022-05-18,600508,17.18,16.99,18.18,16.71,668082,1155106544.0,8.33,-3.74,-0.66,9.24,-5.45,-3.77,4.37,-1.56,-6.28,1.97,4.13,-6.76,-0.54,9.34,16.3,16.22,15.73,13.98,-2.53,4.53,4.06,2.59,-2.3,6.06,15.89,13.01,9.42,12.89
2022-05-19,600508,16.36,16.49,16.56,15.87,545195,885860592.0,4.06,-2.94,-0.5,7.54,1.32,9.89,3.65,-1.32,7.37,9.64,-1.83,4.73,15.12,14.56,16.57,16.28,15.89,14.19,7.7,7.22,5.7,0.67,9.28,19.41,16.43,12.73,16.31,13.71
2022-05-20,600508,16.52,17.13,17.76,16.26,681411,1153797232.0,9.1,3.88,0.64,9.43,7.26,1.17,-3.69,4.8,7.01,-4.18,2.21,12.36,11.81,1.85,16.98,16.32,16.02,14.42,3.21,1.75,-3.09,5.2,14.94,12.08,8.52,11.97,9.46,11.79
2022-05-23,600508,17.08,16.63,17.68,16.56,527662,897373200.0,6.54,-2.92,-0.5,7.3,-0.66,-5.43,2.9,5.07,-5.92,0.36,10.33,9.78,0.0,7.25,16.98,16.39,16.04,14.63,4.81,-0.18,8.36,18.4,15.45,11.79,15.33,12.75,15.15,15.94
2022-05-24,600508,16.71,16.15,17.43,16.15,500263,838860816.0,7.7,-2.89,-0.48,6.92,-3.03,5.51,7.74,-3.53,2.91,13.13,12.57,2.54,9.97,9.47,16.68,16.46,16.07,14.84,2.79,11.58,21.92,18.89,15.11,18.76,16.1,18.58,19.38,27.31
2022-05-25,600508,15.9,16.38,16.6,15.53,393746,635745248.0,6.63,1.42,0.23,5.45,9.72,12.04,0.32,7.02,17.64,17.06,6.63,14.36,13.84,12.23,16.56,16.43,16.03,15.04,10.01,20.21,17.22,13.49,17.09,14.47,16.91,17.7,25.52,33.94
2022-05-26,600508,16.18,18.02,18.02,16.08,607661,1044097744.0,11.84,10.01,1.64,8.41,8.21,-3.11,3.36,13.62,13.06,2.99,10.45,9.95,8.4,3.23,16.86,16.72,16.16,15.31,9.27,6.55,3.16,6.44,4.05,6.27,6.99,14.1,21.75,26.19
2022-05-27,600508,18.58,19.25,19.69,18.37,811164,1541192576.0,7.33,6.83,1.23,11.22,-15.19,-9.53,-0.54,-1.03,-9.85,-3.32,-3.76,-5.12,-9.64,-1.91,17.29,17.13,16.42,15.61,-0.26,-3.43,-0.36,-2.6,-0.52,0.16,6.81,13.97,18.13,14.65
2022-05-30,600508,19.19,18.6,19.2,18.06,579883,1074779952.0,5.92,-3.38,-0.65,8.02,-7.97,1.16,0.66,-8.31,-1.66,-2.1,-3.49,-8.08,-0.22,9.03,17.68,17.33,16.61,15.88,-0.05,3.12,0.81,2.96,3.66,10.54,17.96,22.26,18.66,22.04
2022-05-31,600508,18.46,18.38,18.59,17.6,497518,896153056.0,5.32,-1.18,-0.22,6.88,3.81,3.3,-5.91,0.91,0.45,-0.97,-5.68,2.39,11.87,9.09,18.13,17.4,16.73,16.13,4.35,2.01,4.19,4.9,11.86,19.37,23.72,20.08,23.5,21.49
2022-06-01,600508,18.06,19.18,19.18,17.66,542835,994767344.0,8.27,4.35,0.8,7.51,2.94,-6.23,0.57,0.11,-1.3,-6.0,2.04,11.49,8.72,5.27,18.69,17.62,16.92,16.36,-2.24,-0.16,0.52,7.19,14.39,18.56,15.07,18.35,16.42,10.06
2022-06-02,600508,18.7,18.11,18.75,18.0,399536,729728368.0,3.91,-5.58,-1.07,5.53,-8.0,-1.33,-1.78,-3.17,-7.78,0.11,9.39,6.67,3.28,6.56,18.7,17.78,17.03,16.52,5.74,6.46,13.53,21.15,25.57,21.87,25.35,23.3,16.57,10.66
2022-06-06,600508,18.04,18.51,19.15,17.96,423329,782783216.0,6.57,2.21,0.4,5.86,-1.11,-1.56,-2.95,-7.57,0.33,9.63,6.9,3.51,6.79,4.4,18.56,17.92,17.12,16.65,4.16,11.08,18.53,22.85,19.23,22.64,20.64,14.05,8.27,2.11
2022-06-07,600508,18.3,18.69,19.28,18.18,457906,854513792.0,5.94,0.97,0.18,6.34,-2.75,-4.13,-8.69,-0.88,8.31,5.61,2.26,5.5,3.14,5.34,18.57,18.13,17.26,16.74,10.01,17.39,21.67,18.08,21.46,19.48,12.95,7.22,1.12,-3.64
2022-06-08,600508,18.99,20.56,20.56,18.99,630110,1248452768.0,8.4,10.01,1.87,8.72,-8.21,-12.59,-5.11,3.69,1.11,-2.11,1.0,-1.26,0.84,1.53,19.01,18.57,17.51,16.9,6.71,10.6,7.34,10.41,8.61,2.68,-2.53,-8.07,-12.4,-13.47
2022-06-09,600508,20.89,20.9,21.94,20.18,774283,1629257088.0,8.56,1.65,0.34,10.71,-17.74,-10.7,-2.43,-4.86,-7.88,-4.96,-7.09,-5.1,-4.46,1.88,19.35,19.02,17.72,17.03,8.8,5.6,8.61,6.84,1.0,-4.11,-9.57,-13.83,-14.88,-17.08
2022-06-10,600508,20.79,22.12,22.74,20.48,624667,1357770864.0,10.81,5.84,1.22,8.64,-12.01,-3.86,-6.25,-9.23,-6.35,-8.45,-6.49,-5.86,0.39,7.13,20.16,19.43,18.07,17.25,-0.23,2.62,0.95,-4.57,-9.4,-14.56,-18.58,-19.58,-21.65,-21.2
2022-06-13,600508,21.6,21.81,22.07,20.8,523508,1129009760.0,5.74,-1.4,-0.31,7.24,-5.34,-7.69,-10.63,-7.79,-9.86,-7.93,-7.31,-1.15,5.48,9.33,20.82,19.69,18.41,17.51,4.08,2.38,-3.21,-8.12,-13.34,-17.42,-18.43,-20.54,-20.08,-15.73
2022-06-14,600508,21.39,22.37,22.7,21.08,495133,1098810160.0,7.43,2.57,0.56,6.85,-8.92,-11.81,-9.01,-11.05,-9.16,-8.54,-2.47,4.08,7.87,4.7,21.55,20.06,18.7,17.76,-0.18,-5.63,-10.42,-15.51,-19.49,-20.47,-22.53,-22.08,-17.84,-16.5
2022-06-15,600508,22.0,20.85,22.33,20.84,488756,1051878384.0,6.66,-6.79,-1.52,6.76,-10.8,-7.97,-10.03,-8.11,-7.49,-1.34,5.28,9.12,5.9,8.93,21.61,20.31,18.86,17.92,1.25,-3.88,-9.35,-13.62,-14.68,-16.88,-16.4,-11.85,-10.41,-6.91
2022-06-16,600508,20.78,19.86,21.11,19.51,469642,946844976.0,7.67,-4.75,-0.99,6.5,-1.69,-3.9,-1.85,-1.18,5.38,12.46,16.56,13.12,16.35,14.45,21.4,20.38,19.0,18.07,0.91,-4.83,-9.32,-10.42,-12.74,-12.24,-7.45,-5.94,-2.27,-6.29
2022-06-17,600508,19.75,19.87,20.04,19.26,361578,708563792.0,3.93,0.05,0.01,5.0,-2.65,-0.57,0.1,6.75,13.91,18.07,14.59,17.86,15.94,9.61,20.95,20.55,19.17,18.21,-4.88,-9.36,-10.47,-12.78,-12.28,-7.5,-5.99,-2.32,-6.34,-6.89
2022-06-20,600508,18.88,17.88,18.9,17.88,516478,930001952.0,5.13,-10.02,-1.99,7.15,7.1,7.83,14.99,22.71,27.18,23.43,26.96,24.89,18.06,12.08,20.17,20.49,19.21,18.24,0.73,-0.5,-3.08,-2.52,2.8,4.47,8.56,4.08,3.47,4.59
2022-06-21,600508,17.74,17.57,18.01,17.26,412835,730928960.0,4.19,-1.73,-0.31,5.71,11.7,19.12,27.11,31.75,27.87,31.52,29.37,22.31,16.11,9.5,19.21,20.38,19.25,18.3,1.25,-1.37,-0.8,4.61,6.32,10.47,5.92,5.29,6.43,11.55
2022-06-22,600508,17.78,17.0,17.79,16.89,322884,557995056.0,5.12,-3.24,-0.57,4.47,21.73,29.9,34.64,30.67,34.4,32.21,24.99,18.65,11.9,6.63,18.44,20.02,19.3,18.35,1.94,2.53,8.12,9.88,14.18,9.47,8.82,10.0,15.29,8.53
2022-06-23,600508,16.8,17.3,17.33,16.49,351444,595195344.0,4.94,1.76,0.3,4.86,33.05,37.9,33.84,37.66,35.42,28.02,21.53,14.61,9.22,7.88,17.92,19.66,19.34,18.37,0.75,6.24,7.98,12.2,7.57,6.94,8.09,13.29,6.65,10.87
2022-06-24,600508,17.11,16.96,17.43,16.81,291731,498009840.0,3.58,-1.97,-0.34,4.04,35.28,31.29,35.04,32.84,25.58,19.21,12.43,7.14,5.83,3.09,17.34,19.15,19.29,18.43,8.37,10.14,14.45,9.73,9.08,10.26,15.57,8.79,13.09,14.27
2022-06-27,600508,17.0,18.26,18.38,16.91,560121,994576832.0,8.67,7.67,1.3,7.75,30.51,34.24,32.05,24.84,18.51,11.77,6.51,5.2,2.48,3.08,17.42,18.79,19.24,18.54,2.3,6.3,1.92,1.31,2.41,7.34,1.04,5.04,6.13,-0.99
2022-06-28,600508,18.14,18.28,18.68,17.7,447443,813238944.0,5.37,0.11,0.02,6.19,28.25,26.16,19.27,13.22,6.78,1.75,0.51,-2.09,-1.53,3.84,17.56,18.38,19.22,18.59,6.18,1.81,1.2,2.3,7.22,0.93,4.92,6.02,-1.09,-1.91
2022-06-29,600508,18.48,18.4,19.41,18.31,510048,963548512.0,6.02,0.66,0.12,7.06,21.96,15.29,9.45,3.22,-1.64,-2.84,-5.35,-4.81,0.38,2.02,17.84,18.14,19.22,18.62,1.14,0.54,1.63,6.52,0.27,4.24,5.33,-1.74,-2.55,0.43
2022-06-30,600508,18.18,18.09,18.61,18.01,331355,604992336.0,3.26,-1.68,-0.31,4.58,17.21,11.27,4.94,0.0,-1.22,-3.78,-3.22,2.05,3.72,7.77,18.0,17.96,19.17,18.65,2.27,3.37,8.35,1.99,6.03,7.13,-0.06,-0.88,2.16,2.99
2022-07-01,600508,17.76,18.3,18.5,17.03,365803,651163040.0,8.13,1.16,0.21,5.06,17.67,10.98,5.75,4.46,1.76,2.35,7.93,9.69,13.98,9.28,18.27,17.8,19.18,18.71,2.19,7.1,0.82,4.81,5.9,-1.2,-2.02,0.98,1.8,0.22
2022-07-04,600508,18.18,17.82,18.7,17.68,290675,524494528.0,5.57,-2.62,-0.48,4.02,6.9,1.87,0.62,-1.98,-1.41,3.96,5.66,9.79,5.26,4.64,18.18,17.8,19.14,18.74,9.99,3.54,7.63,8.75,1.46,0.62,3.7,4.55,2.92,-0.67
2022-07-05,600508,18.12,19.38,19.6,18.07,656845,1254138336.0,8.59,8.75,1.56,9.09,-0.33,-1.55,-4.1,-3.54,1.72,3.38,7.42,2.99,2.38,3.49,18.4,17.98,19.18,18.83,-4.8,-1.03,0.0,-6.71,-7.48,-4.64,-3.87,-5.37,-8.67,-7.02
2022-07-06,600508,18.2,18.17,18.45,17.53,479668,860727616.0,4.75,-6.24,-1.21,6.64,1.48,-1.14,-0.57,4.85,6.56,10.72,6.16,5.53,6.67,11.81,18.35,18.1,19.06,18.9,5.56,6.66,-0.5,-1.32,1.71,2.53,0.94,-2.59,-0.83,-1.1
2022-07-07,600508,18.0,18.97,19.18,17.7,470897,879534336.0,8.15,4.4,0.8,6.52,-2.09,-1.53,3.84,5.54,9.66,5.14,4.52,5.65,10.73,4.24,18.53,18.26,18.96,18.98,2.16,-4.69,-5.48,-2.58,-1.79,-3.32,-6.69,-5.01,-5.27,-8.22
2022-07-08,600508,19.23,18.22,19.38,18.21,278832,521703408.0,6.17,-3.95,-0.75,3.86,-4.28,0.93,2.58,6.59,2.2,1.59,2.69,7.63,1.32,5.33,18.51,18.39,18.77,18.99,-0.77,-1.59,1.43,2.25,0.66,-2.85,-1.1,-1.37,-4.45,-7.96
2022-07-11,600508,17.8,17.69,18.08,17.33,241723,426496560.0,4.12,-2.91,-0.53,3.34,6.06,7.79,12.0,7.39,6.75,7.91,13.1,6.46,10.68,11.83,18.49,18.33,18.56,18.94,1.36,4.47,5.31,3.67,0.06,1.87,1.58,-1.58,-5.2,-5.65
2022-07-12,600508,17.59,17.74,17.93,17.4,184171,326572110.0,3.0,0.28,0.05,2.55,7.36,11.55,6.95,6.32,7.47,12.64,6.03,10.23,11.38,3.91,18.16,18.28,18.33,18.91,4.17,5.02,3.38,-0.23,1.58,1.3,-1.86,-5.47,-5.92,-4.62
2022-07-13,600508,18.14,18.26,18.48,17.5,275902,501587705.0,5.52,2.93,0.52,3.82,10.91,6.34,5.71,6.86,12.0,5.43,9.6,10.74,3.31,2.46,18.18,18.26,18.2,18.9,2.03,0.44,-3.07,-1.31,-1.59,-4.65,-8.16,-8.6,-7.34,-7.94
2022-07-14,600508,18.26,17.94,18.63,17.78,208175,376131644.0,4.65,-1.75,-0.32,2.88,4.67,4.05,5.17,10.24,3.77,7.87,9.0,1.69,0.84,3.94,17.97,18.25,18.1,18.86,2.23,-1.34,0.45,0.17,-2.95,-6.52,-6.97,-5.69,-6.3,-4.79
2022-07-15,600508,17.52,17.24,18.34,17.17,310075,551003713.0,6.52,-3.9,-0.7,4.29,7.75,8.91,14.15,7.45,11.71,12.87,5.3,4.43,7.63,8.5,17.77,18.14,17.97,18.83,2.67,4.52,4.23,0.99,-2.73,-3.19,-1.86,-2.49,-0.93,-0.81
2022-07-18,600508,17.41,17.61,17.7,17.01,287480,501087340.0,4.0,2.15,0.37,3.98,9.94,15.23,8.47,12.76,13.93,6.29,5.41,8.64,9.52,7.82,17.76,18.12,17.96,18.8,2.33,2.04,-1.14,-4.77,-5.22,-3.92,-4.54,-3.01,-2.9,-4.77
2022-07-19,600508,17.59,17.82,18.02,17.5,233817,416131273.0,2.95,1.19,0.21,3.24,12.0,5.43,9.6,10.74,3.31,2.46,5.6,6.46,4.8,1.14,17.77,17.97,17.97,18.77,0.84,-2.3,-5.89,-6.34,-5.05,-5.67,-4.15,-4.04,-5.89,-8.08
2022-07-20,600508,17.74,17.54,17.97,17.41,190896,336833374.0,3.14,-1.57,-0.28,2.64,5.97,10.17,11.32,3.85,2.99,6.15,7.01,5.34,1.67,3.5,17.63,17.9,18.0,18.67,-0.74,-4.39,-4.85,-3.53,-4.16,-2.62,-2.51,-4.39,-6.61,-8.49
2022-07-21,600508,17.41,16.66,17.41,16.6,254341,427589825.0,4.62,-5.02,-0.88,3.52,15.54,16.75,8.92,8.01,11.33,12.23,10.48,6.63,8.55,8.25,17.37,17.67,17.97,18.53,0.66,0.18,1.56,0.9,2.52,2.64,0.66,-1.68,-3.66,-5.28
2022-07-22,600508,16.56,16.26,16.77,16.26,161524,265191027.0,3.06,-2.4,-0.4,2.23,19.19,11.19,10.27,13.65,14.58,12.79,8.86,10.82,10.52,7.07,17.18,17.48,17.93,18.34,2.64,4.06,3.38,5.04,5.17,3.14,0.74,-1.29,-2.95,-2.95
2022-07-25,600508,16.28,16.5,16.69,16.26,135883,223857827.0,2.64,1.48,0.24,1.88,11.19,10.27,13.65,14.58,12.79,8.86,10.82,10.52,7.07,3.14,16.96,17.36,17.84,18.16,2.55,1.88,3.52,3.64,1.64,-0.73,-2.73,-4.36,-4.36,-2.79
2022-07-26,600508,16.34,16.77,16.92,16.32,149730,250168185.0,3.64,1.64,0.27,2.07,9.87,13.24,14.15,12.38,8.46,10.42,10.11,6.68,2.76,2.27,16.75,17.26,17.77,17.97,0.24,1.85,1.97,0.0,-2.33,-4.29,-5.9,-5.9,-4.35,-0.06
2022-07-27,600508,16.52,16.6,16.81,16.39,123291,204966455.0,2.5,-1.01,-0.17,1.71,12.75,13.67,11.9,7.99,9.95,9.64,6.22,2.32,1.83,3.23,16.56,17.09,17.68,17.83,2.89,3.01,1.02,-1.33,-3.31,-4.94,-4.94,-3.37,0.96,0.84
2022-07-28,600508,16.84,17.02,17.08,16.63,181500,305417253.0,2.71,2.53,0.42,2.51,12.03,10.28,6.43,8.36,8.06,4.69,0.84,0.36,1.74,1.08,16.63,17.0,17.63,17.74,0.47,-1.47,-3.76,-5.7,-7.29,-7.29,-5.76,-1.53,-1.65,-0.41
2022-07-29,600508,17.04,16.41,17.1,16.34,175455,292889453.0,4.47,-3.58,-0.61,2.43,12.24,8.32,10.28,9.98,6.55,2.63,2.14,3.55,2.88,4.53,16.66,16.92,17.53,17.62,2.19,-0.18,-2.19,-3.84,-3.84,-2.25,2.13,2.01,3.29,7.62
2022-08-01,600508,16.25,16.56,16.77,16.18,137087,225838439.0,3.6,0.91,0.15,1.9,9.39,11.37,11.06,7.6,3.65,3.15,4.57,3.89,5.56,5.69,16.67,16.81,17.47,17.58,-1.09,-3.08,-4.71,-4.71,-3.14,1.21,1.09,2.36,6.64,7.73
2022-08-02,600508,16.29,15.75,16.38,15.52,174495,277281722.0,5.19,-4.89,-0.81,2.41,16.11,15.79,12.18,8.05,7.54,9.02,8.31,10.05,10.18,8.05,16.47,16.61,17.29,17.52,1.9,0.19,0.19,1.84,6.41,6.29,7.62,12.13,13.27,10.03
2022-08-03,600508,15.74,15.59,16.05,15.55,113564,179648767.0,3.17,-1.02,-0.16,1.57,15.56,11.96,7.85,7.33,8.81,8.1,9.84,9.97,7.85,5.34,16.27,16.41,17.16,17.47,1.22,1.22,2.89,7.5,7.38,8.72,13.28,14.43,11.16,12.38
2022-08-04,600508,15.58,15.61,15.78,15.3,103447,160552644.0,3.08,0.13,0.02,1.43,13.79,9.61,9.08,10.59,9.87,11.63,11.76,9.61,7.06,4.9,15.98,16.31,16.99,17.41,1.09,2.75,7.37,7.24,8.58,13.13,14.29,11.02,12.24,11.79
2022-08-05,600508,15.71,15.62,15.78,15.28,105326,163124586.0,3.2,0.06,0.01,1.46,9.75,9.23,10.73,10.01,11.78,11.91,9.75,7.2,5.04,3.27,15.83,16.24,16.86,17.37,2.69,7.3,7.17,8.51,13.06,14.21,10.95,12.16,11.72,12.68
2022-08-08,600508,15.62,15.97,16.04,15.38,113711,180415293.0,4.23,2.24,0.35,1.57,8.52,10.01,9.3,11.05,11.18,9.04,6.5,4.36,2.6,2.6,15.71,16.19,16.77,17.29,4.95,4.82,6.14,10.58,11.71,8.52,9.71,9.27,10.21,14.59
2022-08-09,600508,15.81,16.59,16.76,15.81,244696,402240328.0,5.95,3.88,0.62,3.39,7.02,6.33,8.03,8.16,6.07,3.61,1.52,-0.19,-0.19,1.45,15.88,16.17,16.72,17.24,0.9,2.17,6.45,7.53,4.46,5.61,5.18,6.09,10.31,10.79
2022-08-10,600508,16.42,16.62,16.74,16.35,186490,309078594.0,2.35,0.18,0.03,2.58,2.81,4.46,4.59,2.57,0.18,-1.83,-3.49,-3.49,-1.9,2.51,16.08,16.17,16.63,17.18,1.99,6.26,7.34,4.27,5.42,4.99,5.9,10.11,10.59,11.61
2022-08-11,600508,16.84,16.7,16.95,16.4,125120,208431627.0,3.31,0.48,0.08,1.73,4.15,4.27,2.26,-0.12,-2.13,-3.78,-3.78,-2.2,2.2,2.07,16.3,16.14,16.57,17.13,5.75,6.83,3.77,4.91,4.49,5.39,9.58,10.06,11.08,19.7
2022-08-12,600508,16.9,17.34,17.66,16.9,267385,464338526.0,4.55,3.83,0.64,3.7,1.18,-0.77,-3.08,-5.03,-6.63,-6.63,-5.09,-0.83,-0.95,0.3,16.64,16.24,16.58,17.1,2.88,-0.06,1.04,0.63,1.5,5.54,6.0,6.98,15.28,14.94
2022-08-15,600508,17.22,17.32,17.84,17.21,261608,456702922.0,3.63,-0.12,-0.02,3.62,-2.56,-4.82,-6.74,-8.31,-8.31,-6.8,-2.61,-2.73,-1.51,2.61,16.91,16.31,16.56,17.08,0.06,1.15,0.75,1.62,5.66,6.12,7.1,15.42,15.07,11.95
2022-08-16,600508,17.31,17.25,17.33,16.87,233299,398841180.0,2.66,-0.4,-0.07,3.23,-2.9,-4.86,-6.46,-6.46,-4.92,-0.65,-0.77,0.47,4.68,5.75,17.05,16.46,16.53,17.01,1.57,1.16,2.03,6.09,6.55,7.54,15.88,15.54,12.41,11.01
2022-08-17,600508,17.29,17.27,17.52,17.11,186864,323509263.0,2.38,0.12,0.02,2.59,-6.2,-7.77,-7.77,-6.25,-2.05,-2.16,-0.94,3.21,4.27,1.29,17.18,16.63,16.52,16.98,1.04,1.91,5.96,6.43,7.41,15.75,15.4,12.28,10.89,4.11
2022-08-18,600508,17.2,17.05,17.45,16.88,146103,249964578.0,3.3,-1.27,-0.22,2.02,-6.52,-6.52,-4.98,-0.71,-0.83,0.41,4.62,5.69,2.67,3.79,17.25,16.77,16.54,16.92,3.23,7.33,7.8,8.8,17.24,16.89,13.72,12.32,5.45,6.04
2022-08-19,600508,17.2,17.4,17.6,16.98,256919,446149123.0,3.64,2.05,0.35,3.55,-7.07,-5.54,-1.3,-1.41,-0.18,4.0,5.06,2.06,3.18,2.77,17.26,16.95,16.6,16.89,5.17,5.63,6.61,14.89,14.54,11.44,10.06,3.33,3.91,2.01
2022-08-22,600508,17.5,18.18,18.3,17.48,401421,721060854.0,4.71,4.48,0.78,5.55,-8.24,-4.12,-4.23,-3.03,1.03,2.06,-0.86,0.23,-0.17,0.69,17.43,17.17,16.68,16.91,1.1,2.04,9.96,9.63,6.66,5.34,-1.1,-0.55,-2.37,-0.11
2022-08-23,600508,18.09,18.17,18.38,17.59,352311,634256681.0,4.35,-0.06,-0.01,4.87,-4.72,-4.83,-3.64,0.4,1.42,-1.48,-0.4,-0.8,0.06,4.04,17.61,17.33,16.75,16.92,2.09,10.02,9.69,6.71,5.39,-1.05,-0.5,-2.31,-0.06,-0.28
2022-08-24,600508,18.21,18.17,18.55,17.95,335821,612520104.0,3.3,0.0,0.0,4.65,-6.74,-5.57,-1.62,-0.61,-3.45,-2.4,-2.79,-1.95,1.95,2.4,17.79,17.49,16.83,16.92,10.02,9.69,6.71,5.39,-1.05,-0.5,-2.31,-0.06,-0.28,3.52
2022-08-25,600508,18.2,19.99,19.99,18.0,630406,1208243981.0,10.95,10.02,1.82,8.72,-5.83,-1.89,-0.89,-3.72,-2.67,-3.06,-2.22,1.67,2.11,3.06,18.38,17.81,16.98,16.99,-0.3,-3.0,-4.2,-10.06,-9.55,-11.21,-9.15,-9.35,-5.9,-9.15
2022-08-26,600508,19.93,19.32,19.93,18.98,573654,1111015725.0,4.75,-3.35,-0.67,7.94,-6.95,-6.01,-8.69,-7.69,-8.06,-7.27,-3.58,-3.16,-2.27,5.32,18.77,18.01,17.12,17.06,0.36,-0.88,-6.94,-6.42,-8.13,-6.0,-6.21,-2.64,-6.0,-5.8
2022-08-29,600508,19.0,19.3,19.39,18.46,393884,745898227.0,4.81,-0.1,-0.02,5.45,-3.36,-6.12,-5.09,-5.47,-4.66,-0.87,-0.43,0.49,8.29,7.96,18.99,18.21,17.26,17.11,-0.78,-6.84,-6.32,-8.03,-5.91,-6.11,-2.54,-5.91,-5.7,-5.91
2022-08-30,600508,19.01,17.87,19.15,17.71,410369,748674703.0,7.46,-7.41,-1.43,5.68,-2.15,-1.07,-1.47,-0.62,3.33,3.78,4.74,12.87,12.54,9.49,18.93,18.27,17.37,17.11,0.62,1.18,-0.67,1.62,1.4,5.26,1.62,1.85,1.62,-1.57
2022-08-31,600508,17.97,16.88,17.98,16.88,296836,512370687.0,6.16,-5.54,-0.99,4.11,3.79,3.38,4.27,8.41,8.89,9.89,18.42,18.07,14.87,13.45,18.67,18.23,17.43,17.09,7.11,5.15,7.58,7.35,11.43,7.58,7.82,7.58,4.21,3.97
2022-09-01,600508,16.96,17.5,18.08,16.89,370337,651541181.0,7.05,3.67,0.62,5.12,3.32,4.2,8.35,8.82,9.83,18.35,18.0,14.8,13.38,6.45,18.17,18.28,17.53,17.12,1.43,3.77,3.54,7.49,3.77,4.0,3.77,0.51,0.29,-3.03
2022-09-02,600508,17.31,17.23,17.75,17.11,207304,359945372.0,3.66,-1.54,-0.27,2.87,2.86,6.95,7.42,8.42,16.83,16.48,13.33,11.92,5.08,5.67,17.76,18.26,17.61,17.15,5.4,5.17,9.17,5.4,5.63,5.4,2.09,1.86,-1.51,-3.48
2022-09-05,600508,17.4,17.87,18.16,17.27,302543,539899076.0,5.17,3.71,0.64,4.19,5.96,6.43,7.41,15.75,15.4,12.28,10.89,4.11,4.69,2.78,17.47,18.23,17.7,17.2,1.4,5.26,1.62,1.85,1.62,-1.57,-1.79,-5.04,-6.94,-4.98
2022-09-06,600508,17.79,18.06,18.12,17.68,303853,545347521.0,2.46,1.06,0.19,4.2,3.96,4.92,13.07,12.73,9.67,8.31,1.7,2.26,0.4,2.71,17.51,18.22,17.77,17.24,4.15,0.55,0.78,0.55,-2.6,-2.82,-6.04,-7.92,-5.98,-6.53
2022-09-07,600508,17.95,18.4,18.81,17.68,315115,580132617.0,6.26,1.88,0.34,4.36,4.92,13.07,12.73,9.67,8.31,1.7,2.26,0.4,2.71,2.49,17.81,18.24,17.86,17.3,-1.3,-1.09,-1.3,-4.4,-4.62,-7.77,-9.62,-7.72,-8.26,-5.98
2022-09-08,600508,18.09,17.94,18.16,17.62,233484,418729105.0,2.93,-2.5,-0.46,3.23,13.45,13.11,10.05,8.68,2.04,2.61,0.74,3.06,2.84,6.75,17.9,18.04,17.93,17.33,1.45,1.23,-1.95,-2.17,-5.41,-7.3,-5.35,-5.91,-3.57,-2.4
2022-09-09,600508,17.92,18.07,18.2,17.6,203052,363853600.0,3.34,0.72,0.13,2.81,13.24,10.17,8.81,2.16,2.73,0.85,3.18,2.95,6.87,3.18,18.07,17.91,17.96,17.39,0.5,-2.66,-2.88,-6.09,-7.97,-6.03,-6.59,-4.26,-3.1,-7.8
2022-09-13,600508,18.09,17.58,18.16,17.49,223636,396049251.0,3.71,-2.71,-0.49,3.09,10.86,9.49,2.8,3.37,1.49,3.83,3.6,7.55,3.83,4.06,18.01,17.74,17.97,17.42,0.06,-0.17,-3.47,-5.4,-3.41,-3.98,-1.59,-0.4,-5.23,-7.34
2022-09-14,600508,17.21,17.15,17.59,16.98,223040,384208306.0,3.47,-2.45,-0.43,3.09,12.78,5.89,6.48,4.53,6.95,6.71,10.78,6.95,7.18,6.95,17.83,17.67,17.97,17.47,2.33,-1.05,-3.03,-0.99,-1.57,0.87,2.1,-2.86,-5.01,-5.42
2022-09-15,600508,17.45,17.11,17.55,16.7,324728,557623067.0,4.96,-0.23,-0.04,4.49,7.66,8.26,6.29,8.74,8.5,12.63,8.74,8.98,8.74,5.33,17.57,17.69,17.96,17.52,-0.82,-2.81,-0.76,-1.34,1.11,2.34,-2.63,-4.79,-5.2,-4.44
2022-09-16,600508,16.77,16.09,16.97,15.99,244901,402154738.0,5.73,-5.96,-1.02,3.39,13.07,11.01,13.57,13.32,17.64,13.57,13.82,13.57,10.01,9.76,17.2,17.55,17.91,17.53,3.36,5.53,4.91,7.52,8.83,3.54,1.24,0.81,1.62,2.3
2022-09-19,600508,15.93,16.38,16.63,15.85,181975,298325424.0,4.85,1.8,0.29,2.52,11.99,14.57,14.32,18.68,14.57,14.83,14.57,10.98,10.73,7.07,16.86,17.47,17.86,17.56,3.66,3.05,5.62,6.9,1.71,-0.55,-0.98,-0.18,0.49,2.87
2022-09-20,600508,16.52,16.71,16.98,16.32,154837,258915118.0,4.03,2.01,0.33,2.14,11.27,11.03,15.26,11.27,11.52,11.27,7.78,7.54,3.98,1.9,16.69,17.35,17.79,17.58,1.02,3.53,4.79,-0.3,-2.51,-2.93,-2.15,-1.5,0.84,-1.26
2022-09-21,600508,16.63,16.82,16.88,16.52,138860,232636496.0,2.15,0.66,0.11,1.92,9.69,13.86,9.93,10.17,9.93,6.48,6.23,2.72,0.67,2.78,16.62,17.23,17.72,17.59,2.85,4.1,-0.95,-3.15,-3.57,-2.79,-2.14,0.18,-1.9,-0.95
2022-09-22,600508,16.65,17.23,17.3,16.61,226588,386761936.0,4.1,2.44,0.41,3.14,13.25,9.33,9.57,9.33,5.9,5.66,2.17,0.12,2.23,1.63,16.65,17.11,17.67,17.61,1.63,-3.31,-5.46,-5.86,-5.11,-4.47,-2.21,-4.24,-3.31,-3.66
2022-09-23,600508,17.08,16.81,17.51,16.78,189054,322826767.0,4.24,-2.44,-0.42,2.62,8.22,8.46,8.22,4.83,4.59,1.13,-0.89,1.19,0.6,3.1,16.79,17.0,17.52,17.62,-0.89,-3.09,-3.51,-2.74,-2.08,0.24,-1.84,-0.89,-1.25,0.42
2022-09-26,600508,16.5,16.08,16.66,16.06,134063,218958180.0,3.57,-4.34,-0.73,1.85,13.33,13.08,9.53,9.28,5.67,3.55,5.73,5.11,7.72,9.03,16.73,16.8,17.35,17.57,1.31,0.87,1.68,2.36,4.79,2.61,3.61,3.23,4.98,2.49
2022-09-27,600508,16.15,15.92,16.29,15.0,159498,250515353.0,8.02,-1.0,-0.16,2.21,21.07,17.27,17.0,13.13,10.87,13.2,12.53,15.33,16.73,11.07,16.57,16.63,17.18,17.53,1.88,2.7,3.39,5.84,3.64,4.65,4.27,6.03,3.52,3.64
2022-09-28,600508,15.9,15.51,16.22,15.46,146152,230184332.0,4.77,-2.58,-0.41,2.02,13.78,13.52,9.77,7.57,9.83,9.18,11.9,13.26,7.76,5.37,16.31,16.47,17.07,17.47,5.42,6.13,8.64,6.38,7.41,7.03,8.83,6.25,6.38,8.06
2022-09-29,600508,15.8,16.23,16.35,15.66,229835,369821528.0,4.45,4.64,0.72,3.18,12.07,8.37,6.19,8.43,7.79,10.47,11.81,6.39,4.02,3.58,16.11,16.38,17.03,17.43,1.42,3.82,1.66,2.65,2.28,4.0,1.54,1.66,3.27,1.79
2022-09-30,600508,16.09,16.19,16.46,16.09,158638,258015349.0,2.28,-0.25,-0.04,2.2,5.47,3.36,5.53,4.91,7.52,8.83,3.54,1.24,0.81,1.62,15.99,16.39,16.97,17.41,4.08,1.91,2.9,2.53,4.26,1.79,1.91,3.52,2.04,0.86
2022-10-10,600508,16.5,16.23,16.85,16.1,223246,369292984.0,4.63,0.25,0.04,3.09,3.29,5.47,4.84,7.45,8.76,3.48,1.18,0.75,1.55,2.24,16.02,16.37,16.92,17.37,1.66,2.65,2.28,4.0,1.54,1.66,3.27,1.79,0.62,-0.62
2022-10-11,600508,16.23,16.46,16.5,15.75,173025,280264716.0,4.62,1.42,0.23,2.39,7.81,7.17,9.84,11.17,5.78,3.43,2.98,3.81,4.51,6.98,16.12,16.35,16.85,17.31,1.22,0.85,2.55,0.12,0.24,1.82,0.36,-0.79,-2.0,-5.41
2022-10-12,600508,16.27,16.66,16.66,16.01,146986,240083119.0,3.95,1.22,0.2,2.03,5.43,8.06,9.37,4.06,1.75,1.31,2.12,2.81,5.25,3.06,16.35,16.33,16.78,17.26,-0.36,1.32,-1.08,-0.96,0.6,-0.84,-1.98,-3.18,-6.54,-5.88
2022-10-13,600508,16.6,16.05,16.6,15.93,205773,331445357.0,4.02,-3.66,-0.61,2.85,8.6,9.92,4.58,2.26,1.82,2.64,3.33,5.78,3.58,4.58,16.32,16.21,16.66,17.19,5.17,2.68,2.8,4.42,2.93,1.74,0.5,-2.99,-2.31,-2.24
2022-10-14,600508,16.3,16.65,16.88,16.07,251547,415790363.0,5.05,3.74,0.6,3.48,8.96,3.67,1.37,0.93,1.74,2.43,4.85,2.68,3.67,3.3,16.41,16.2,16.6,17.08,-1.02,-0.9,0.66,-0.78,-1.92,-3.12,-6.49,-5.83,-5.77,-6.49
2022-10-17,600508,16.48,16.32,16.48,15.5,237281,379087616.0,5.89,-1.98,-0.33,3.28,7.48,5.1,4.65,5.48,6.19,8.71,6.45,7.48,7.1,8.9,16.43,16.22,16.51,16.98,1.1,2.7,1.23,0.06,-1.16,-4.6,-3.92,-3.86,-4.6,-8.27
2022-10-18,600508,16.25,16.15,16.5,16.06,155448,252834461.0,2.7,-1.04,-0.17,2.15,1.43,1.0,1.81,2.49,4.92,2.74,3.74,3.36,5.11,2.62,16.37,16.25,16.44,16.87,3.78,2.29,1.11,-0.12,-3.59,-2.91,-2.85,-3.59,-7.31,-9.6
2022-10-19,600508,16.11,16.28,16.76,15.92,223943,368485588.0,5.2,0.8,0.13,3.1,1.88,2.7,3.39,5.84,3.64,4.65,4.27,6.03,3.52,3.64,16.29,16.32,16.39,16.82,1.47,0.31,-0.92,-4.36,-3.69,-3.62,-4.36,-8.05,-10.32,-8.05
2022-10-20,600508,16.09,16.16,16.52,15.88,170682,276746731.0,3.93,-0.74,-0.12,2.36,2.96,3.65,6.11,3.9,4.91,4.53,6.3,3.78,3.9,5.54,16.31,16.32,16.35,16.79,1.05,-0.19,-3.65,-2.97,-2.91,-3.65,-7.36,-9.65,-7.36,-6.5
2022-10-21,600508,16.16,15.97,16.33,15.9,122546,197499212.0,2.66,-1.18,-0.19,1.7,3.52,5.97,3.77,4.78,4.4,6.16,3.65,3.77,5.41,3.9,16.18,16.29,16.34,16.74,1.0,-2.5,-1.82,-1.75,-2.5,-6.26,-8.58,-6.26,-5.39,-3.38
2022-10-24,600508,16.0,15.54,16.13,15.44,158560,249963731.0,4.32,-2.69,-0.43,2.19,9.13,6.87,7.9,7.51,9.33,6.74,6.87,8.55,6.99,5.76,16.02,16.22,16.3,16.69,0.19,0.9,0.97,0.19,-3.67,-6.05,-3.67,-2.77,-0.71,1.22
2022-10-25,600508,15.54,15.51,15.57,15.19,94473,145582985.0,2.45,-0.19,-0.03,1.31,8.62,9.68,9.28,11.13,8.49,8.62,10.34,8.76,7.5,6.19,15.89,16.13,16.24,16.61,1.1,1.16,0.39,-3.48,-5.87,-3.48,-2.58,-0.52,1.42,2.32
2022-10-26,600508,15.52,15.43,15.68,15.21,124785,193267849.0,3.03,-0.52,-0.08,1.73,9.53,9.14,10.98,8.35,8.48,10.19,8.61,7.36,6.05,2.37,15.72,16.01,16.17,16.52,1.69,0.91,-2.98,-5.38,-2.98,-2.07,0.0,1.94,2.85,2.33
2022-10-27,600508,15.51,15.36,15.69,15.31,159440,247273011.0,2.46,-0.45,-0.07,2.21,8.43,10.25,7.64,7.77,9.47,7.9,6.66,5.36,1.7,2.42,15.56,15.94,16.08,16.42,1.37,-2.54,-4.95,-2.54,-1.63,0.46,2.41,3.32,2.8,1.69
2022-10-28,600508,15.25,15.08,15.57,15.01,174185,265526857.0,3.65,-1.82,-0.28,2.41,12.46,9.79,9.93,11.66,10.06,8.79,7.46,3.73,4.46,4.53,15.38,15.78,15.99,16.32,-0.73,-3.18,-0.73,0.2,2.32,4.31,5.24,4.71,3.58,5.31
2022-10-31,600508,14.8,14.38,14.97,14.31,193981,282081602.0,4.38,-4.64,-0.7,2.68,15.16,15.3,17.12,15.44,14.12,12.72,8.81,9.57,9.64,8.81,15.15,15.59,15.9,16.2,1.53,4.1,5.08,7.3,9.39,10.36,9.81,8.62,10.43,12.38
2022-11-01,600508,14.37,14.6,14.6,14.11,199854,286812100.0,3.41,1.53,0.22,2.77,16.94,18.78,17.08,15.73,14.32,10.35,11.13,11.2,10.35,6.09,14.97,15.43,15.84,16.1,2.53,3.49,5.68,7.74,8.7,8.15,6.99,8.77,10.68,7.81
2022-11-02,600508,14.57,14.8,14.97,14.47,153178,225415909.0,3.42,1.37,0.2,2.12,15.83,14.17,12.85,11.47,7.6,8.36,8.43,7.6,3.46,0.9,14.84,15.28,15.8,16.02,2.09,4.26,6.28,7.23,6.69,5.54,7.3,9.19,6.35,7.5
2022-11-03,600508,14.61,14.94,15.11,14.58,135681,201878107.0,3.58,0.95,0.14,1.88,13.31,12.0,10.63,6.79,7.54,7.61,6.79,2.67,0.14,2.67,14.76,15.16,15.74,15.95,3.28,5.29,6.22,5.69,4.55,6.29,8.17,5.35,6.49,4.95
2022-11-04,600508,14.94,15.38,15.43,14.94,171820,262645341.0,3.28,2.95,0.44,2.38,9.3,7.97,4.22,4.95,5.02,4.22,0.2,-2.28,0.2,1.14,14.82,15.1,15.7,15.93,2.28,3.19,2.67,1.56,3.25,5.07,2.34,3.45,1.95,0.65
2022-11-07,600508,15.37,15.67,15.73,15.37,134186,209405587.0,2.34,1.89,0.29,1.86,4.94,1.3,2.02,2.08,1.3,-2.6,-5.01,-2.6,-1.69,0.39,15.08,15.12,15.67,15.9,1.28,0.77,-0.32,1.34,3.13,0.45,1.53,0.06,-1.21,-3.64
2022-11-08,600508,15.64,15.68,15.87,15.54,128892,202108387.0,2.11,0.06,0.01,1.78,0.19,0.9,0.97,0.19,-3.67,-6.05,-3.67,-2.77,-0.71,1.22,15.29,15.13,15.63,15.87,0.7,-0.38,1.28,3.06,0.38,1.47,0.0,-1.28,-3.7,-1.4
2022-11-09,600508,15.58,15.54,15.79,15.45,98467,153427969.0,2.17,-0.89,-0.14,1.36,1.49,1.55,0.78,-3.11,-5.5,-3.11,-2.2,-0.13,1.81,2.72,15.44,15.14,15.57,15.83,0.51,2.19,3.99,1.29,2.38,0.9,-0.39,-2.83,-0.51,-0.45
2022-11-10,600508,15.35,15.53,15.62,15.22,101529,156669671.0,2.57,-0.06,-0.01,1.4,3.09,2.3,-1.64,-4.07,-1.64,-0.72,1.38,3.35,4.27,3.75,15.56,15.16,15.55,15.77,2.25,4.06,1.35,2.45,0.97,-0.32,-2.77,-0.45,-0.39,0.45
2022-11-11,600508,15.81,15.76,15.88,15.57,146947,231328240.0,2.0,1.48,0.23,2.03,0.0,-3.85,-6.23,-3.85,-2.95,-0.9,1.03,1.93,1.41,0.32,15.64,15.23,15.5,15.74,2.54,-0.13,0.95,-0.51,-1.78,-4.19,-1.9,-1.84,-1.02,0.44
2022-11-14,600508,15.8,15.57,16.16,15.49,134029,212021947.0,4.25,-1.21,-0.19,1.85,-3.36,-5.75,-3.36,-2.45,-0.39,1.55,2.45,1.94,0.84,2.52,15.62,15.35,15.47,15.72,1.09,2.18,0.71,-0.58,-3.02,-0.71,-0.64,0.19,1.67,0.13
2022-11-15,600508,15.53,15.73,15.74,15.39,85824,134311026.0,2.25,1.03,0.16,1.19,-5.13,-2.73,-1.82,0.26,2.21,3.12,2.6,1.49,3.18,5.0,15.63,15.46,15.45,15.71,1.14,-0.32,-1.59,-4.01,-1.72,-1.65,-0.83,0.64,-0.89,0.45
2022-11-16,600508,15.71,15.73,15.91,15.68,86617,136702022.0,1.46,0.0,0.0,1.2,-4.53,-3.64,-1.59,0.32,1.21,0.7,-0.38,1.28,3.06,0.38,15.66,15.55,15.42,15.72,-0.32,-1.59,-4.01,-1.72,-1.65,-0.83,0.64,-0.89,0.45,2.23
2022-11-17,600508,15.68,15.45,15.68,15.26,97607,150539697.0,2.67,-1.78,-0.28,1.35,-0.98,1.11,3.08,4.0,3.47,2.36,4.06,5.9,3.15,4.26,15.65,15.6,15.38,15.69,0.19,-2.27,0.06,0.13,0.97,2.46,0.91,2.27,4.08,4.72
2022-11-18,600508,15.47,15.16,15.48,15.12,72903,111416448.0,2.33,-1.88,-0.29,1.01,2.05,4.03,4.96,4.43,3.31,5.03,6.88,4.1,5.22,3.7,15.53,15.58,15.34,15.66,-0.4,1.98,2.04,2.9,4.42,2.84,4.22,6.07,6.73,5.08
2022-11-21,600508,15.0,15.08,15.1,14.91,64273,96395533.0,1.25,-0.53,-0.08,0.89,5.5,6.44,5.9,4.76,6.51,8.38,5.57,6.71,5.16,3.82,15.43,15.52,15.32,15.62,2.52,2.59,3.45,4.97,3.38,4.77,6.63,7.29,5.64,7.43
2022-11-22,600508,15.12,15.19,15.46,15.07,80617,122978919.0,2.59,0.73,0.11,1.12,5.31,4.78,3.65,5.37,7.23,4.45,5.57,4.05,2.72,0.2,15.32,15.47,15.3,15.58,1.84,2.7,4.21,2.63,4.02,5.86,6.52,4.87,6.65,6.19
2022-11-23,600508,15.2,15.33,15.47,15.19,90572,138939585.0,1.84,0.92,0.14,1.25,3.95,2.83,4.54,6.39,3.62,4.74,3.23,1.91,-0.59,1.78,15.24,15.45,15.3,15.53,1.76,3.26,1.7,3.07,4.89,5.54,3.91,5.68,5.22,5.09
2022-11-24,600508,15.37,15.52,15.6,15.26,96655,149391273.0,2.22,1.24,0.19,1.34,2.36,4.06,5.9,3.15,4.26,2.75,1.44,-1.05,1.31,1.38,15.26,15.45,15.31,15.52,2.0,0.45,1.8,3.61,4.25,2.64,4.38,3.93,3.8,2.38
2022-11-25,600508,15.48,15.65,15.83,15.25,122310,190633400.0,3.74,0.84,0.13,1.69,4.13,5.97,3.21,4.33,2.82,1.51,-0.98,1.38,1.44,2.3,15.35,15.44,15.33,15.48,-0.38,0.96,2.75,3.39,1.79,3.51,3.07,2.94,1.53,2.11
2022-11-28,600508,15.54,15.33,15.59,15.25,99433,152932070.0,2.17,-2.04,-0.32,1.38,5.97,3.21,4.33,2.82,1.51,-0.98,1.38,1.44,2.3,3.8,15.4,15.42,15.38,15.45,3.07,4.89,5.54,3.91,5.68,5.22,5.09,3.65,4.24,5.48
2022-11-29,600508,15.5,15.78,15.8,15.41,140072,219020113.0,2.54,2.94,0.45,1.94,2.14,3.24,1.75,0.45,-2.01,0.32,0.39,1.23,2.73,1.17,15.52,15.42,15.44,15.44,1.9,2.53,0.95,2.66,2.22,2.09,0.7,1.27,2.47,0.0
2022-11-30,600508,15.75,15.92,16.08,15.7,150286,240048864.0,2.41,0.89,0.14,2.08,1.34,-0.13,-1.4,-3.82,-1.53,-1.46,-0.64,0.83,-0.7,0.64,15.64,15.44,15.5,15.43,1.63,0.06,1.76,1.32,1.19,-0.19,0.38,1.57,-0.88,-0.06
2022-12-01,600508,16.06,15.87,16.18,15.85,136799,218720666.0,2.07,-0.31,-0.05,1.89,-1.07,-2.33,-4.73,-2.46,-2.4,-1.58,-0.13,-1.64,-0.32,1.45,15.71,15.48,15.54,15.42,0.38,2.08,1.64,1.51,0.13,0.69,1.89,-0.57,0.25,-0.38
2022-12-02,600508,15.74,15.8,15.93,15.66,87190,137404059.0,1.7,-0.44,-0.07,1.21,-1.15,-3.58,-1.28,-1.21,-0.38,1.09,-0.45,0.89,2.68,3.32,15.74,15.55,15.56,15.41,2.53,2.09,1.96,0.57,1.14,2.34,-0.13,0.7,0.06,-0.51
2022-12-05,600508,15.93,16.18,16.2,15.85,137246,220560253.0,2.22,2.41,0.38,1.9,-4.73,-2.46,-2.4,-1.58,-0.13,-1.64,-0.32,1.45,2.08,0.5,15.91,15.66,15.59,15.43,-0.31,-0.43,-1.79,-1.24,-0.06,-2.47,-1.67,-2.29,-2.84,-4.26
2022-12-06,600508,16.06,16.07,16.13,15.8,114474,182840265.0,2.04,-0.68,-0.11,1.58,-2.15,-2.09,-1.27,0.19,-1.33,0.0,1.77,2.41,0.82,2.53,15.97,15.75,15.61,15.45,0.25,-1.12,-0.56,0.62,-1.8,-1.0,-1.62,-2.18,-3.61,-6.29
2022-12-07,600508,16.0,15.81,16.11,15.72,128996,204590259.0,2.43,-1.62,-0.26,1.78,-1.59,-0.76,0.7,-0.83,0.51,2.29,2.93,1.34,3.05,2.61,15.95,15.79,15.62,15.46,0.51,1.08,2.28,-0.19,0.63,0.0,-0.57,-2.02,-4.74,-5.76
2022-12-08,600508,15.75,15.82,15.89,15.67,64351,101592772.0,1.39,0.06,0.01,0.89,-0.45,1.02,-0.51,0.83,2.62,3.25,1.66,3.38,2.94,2.81,15.94,15.82,15.64,15.48,1.01,2.21,-0.25,0.57,-0.06,-0.63,-2.09,-4.8,-5.82,-4.61
2022-12-09,600508,15.78,15.98,15.98,15.78,86821,137933284.0,1.26,1.01,0.16,1.2,0.32,-1.2,0.13,1.9,2.53,0.95,2.66,2.22,2.09,0.7,15.97,15.86,15.65,15.51,1.19,-1.25,-0.44,-1.06,-1.63,-3.07,-5.76,-6.76,-5.57,-9.2
2022-12-12,600508,16.01,15.43,16.17,15.42,137016,215242382.0,4.69,-3.44,-0.55,1.9,1.1,2.46,4.28,4.93,3.31,5.06,4.6,4.47,3.05,3.63,15.82,15.87,15.64,15.54,2.27,3.11,2.46,1.88,0.39,-2.4,-3.43,-2.2,-5.96,-5.9
2022-12-13,600508,15.52,15.62,15.78,15.42,89651,140103795.0,2.33,1.23,0.19,1.24,2.46,4.28,4.93,3.31,5.06,4.6,4.47,3.05,3.63,4.86,15.73,15.85,15.64,15.58,1.86,1.22,0.64,-0.83,-3.59,-4.61,-3.39,-7.11,-7.04,-5.83
2022-12-14,600508,15.6,15.81,15.91,15.54,90774,143313472.0,2.37,1.22,0.19,1.26,3.47,4.12,2.51,4.25,3.8,3.67,2.25,2.83,4.05,1.54,15.73,15.84,15.64,15.61,0.0,-0.57,-2.02,-4.74,-5.76,-4.55,-8.22,-8.16,-6.96,-6.26
2022-12-15,600508,15.81,15.53,15.81,15.42,80714,125376026.0,2.47,-1.77,-0.28,1.12,4.93,3.31,5.06,4.6,4.47,3.05,3.63,4.86,2.33,3.18,15.67,15.81,15.64,15.63,1.22,-0.26,-3.03,-4.06,-2.83,-6.57,-6.5,-5.28,-4.57,-5.86
2022-12-16,600508,15.47,15.49,15.72,15.41,72369,112485859.0,2.0,-0.26,-0.04,1.0,3.37,5.13,4.67,4.54,3.11,3.7,4.93,2.4,3.24,2.6,15.58,15.77,15.66,15.63,0.0,-2.78,-3.81,-2.58,-6.33,-6.26,-5.04,-4.33,-5.62,-6.84
2022-12-19,600508,15.4,14.93,15.49,14.87,84439,127678950.0,4.0,-3.62,-0.56,1.17,8.94,8.47,8.34,6.86,7.46,8.74,6.12,6.99,6.32,5.72,15.48,15.65,15.65,15.61,0.87,-0.2,1.07,-2.81,-2.75,-1.47,-0.74,-2.08,-3.35,-2.21
2022-12-20,600508,14.92,14.79,15.06,14.68,56154,83422570.0,2.55,-0.94,-0.14,0.78,9.88,9.74,8.24,8.86,10.15,7.49,8.38,7.7,7.08,5.52,15.31,15.52,15.63,15.58,0.74,2.03,-1.89,-1.83,-0.54,0.2,-1.15,-2.43,-1.28,-1.22
2022-12-21,600508,14.86,14.73,14.9,14.63,46062,67845763.0,1.83,-0.41,-0.06,0.64,10.12,8.61,9.23,10.53,7.86,8.75,8.07,7.45,5.88,2.94,15.09,15.41,15.6,15.55,2.44,-1.49,-1.43,-0.14,0.61,-0.75,-2.04,-0.88,-0.81,-1.97
2022-12-22,600508,14.85,14.39,15.09,14.35,98133,143910901.0,5.02,-2.31,-0.34,1.36,10.73,11.36,12.68,9.97,10.87,10.17,9.55,7.94,4.95,3.83,14.87,15.27,15.55,15.51,0.83,0.9,2.22,2.99,1.6,0.28,1.46,1.53,0.35,1.46
2022-12-23,600508,14.28,14.4,14.51,14.12,51117,73389972.0,2.71,0.07,0.01,0.71,13.17,14.52,11.76,12.68,11.97,11.33,9.7,6.66,5.52,6.87,14.65,15.11,15.48,15.47,0.83,2.15,2.92,1.53,0.21,1.39,1.46,0.28,1.39,2.43
2022-12-26,600508,14.39,14.35,14.52,14.25,66159,94788900.0,1.88,-0.35,-0.05,0.92,13.47,10.74,11.65,10.95,10.32,8.7,5.68,4.56,5.89,1.82,14.53,15.0,15.43,15.43,2.51,3.28,1.88,0.56,1.74,1.81,0.63,1.74,2.79,2.09
2022-12-27,600508,14.4,14.7,14.71,14.32,100909,147256285.0,2.72,2.44,0.35,1.4,10.2,11.1,10.41,9.78,8.17,5.17,4.05,5.38,1.33,1.4,14.51,14.91,15.38,15.39,0.82,-0.54,-1.84,-0.68,-0.61,-1.77,-0.68,0.34,-0.34,3.27
2022-12-28,600508,14.58,14.66,14.82,14.5,77563,113606790.0,2.18,-0.27,-0.04,1.07,9.72,9.03,8.41,6.83,3.86,2.76,4.07,0.07,0.14,1.45,14.5,14.8,15.32,15.36,-0.27,-1.57,-0.41,-0.34,-1.5,-0.41,0.61,-0.07,3.55,2.32
2022-12-29,600508,14.58,14.28,14.62,14.27,79163,113847197.0,2.39,-2.59,-0.38,1.1,10.79,10.16,8.55,5.54,4.41,5.75,1.68,1.75,3.08,3.85,14.48,14.67,15.24,15.32,1.05,2.24,2.31,1.12,2.24,3.29,2.59,6.3,5.04,6.65
2022-12-30,600508,14.37,14.33,14.43,14.26,43213,61938564.0,1.19,0.35,0.05,0.6,10.24,8.63,5.61,4.49,5.82,1.75,1.82,3.16,3.93,2.52,14.46,14.56,15.16,15.29,1.88,1.95,0.77,1.88,2.93,2.23,5.93,4.68,6.28,4.88
2023-01-03,600508,14.18,14.58,14.6,14.16,75914,109451324.0,3.07,1.74,0.25,1.05,9.39,6.36,5.23,6.57,2.47,2.54,3.88,4.66,3.25,1.91,14.51,14.52,15.08,15.28,0.21,-0.96,0.14,1.17,0.48,4.12,2.88,4.46,3.09,2.74
2023-01-04,600508,14.51,14.36,14.61,14.32,61981,89653812.0,1.99,-1.51,-0.22,0.86,5.17,4.05,5.38,1.33,1.4,2.72,3.49,2.09,0.77,1.96,14.44,14.48,15.0,15.25,0.56,1.67,2.72,2.02,5.71,4.46,6.06,4.67,4.32,5.01
2023-01-05,600508,14.4,14.4,14.44,14.26,58281,83660800.0,1.25,0.28,0.04,0.81,4.49,5.82,1.75,1.82,3.16,3.93,2.52,1.19,2.38,2.45,14.39,14.45,14.93,15.22,1.39,2.43,1.74,5.42,4.17,5.76,4.37,4.03,4.72,6.04
2023-01-06,600508,14.38,14.57,14.6,14.34,86084,124960226.0,1.81,1.18,0.17,1.19,5.23,1.19,1.26,2.58,3.35,1.95,0.63,1.81,1.88,0.7,14.45,14.46,14.87,15.19,1.24,0.55,4.19,2.95,4.53,3.16,2.81,3.5,4.8,8.79
2023-01-09,600508,14.59,14.63,14.75,14.47,83505,122003239.0,1.92,0.41,0.06,1.16,0.28,0.35,1.66,2.42,1.04,-0.28,0.9,0.97,-0.21,0.9,14.51,14.49,14.8,15.15,0.14,3.76,2.53,4.1,2.73,2.39,3.08,4.37,8.34,9.23
2023-01-10,600508,14.62,14.51,14.65,14.46,56036,81401967.0,1.3,-0.82,-0.12,0.78,0.41,1.73,2.49,1.11,-0.21,0.97,1.04,-0.14,0.97,2.01,14.49,14.5,14.75,15.12,4.62,3.38,4.96,3.58,3.24,3.93,5.24,9.24,10.13,2.76
2023-01-11,600508,14.55,15.09,15.18,14.52,198019,295789439.0,4.55,4.0,0.58,2.74,1.31,2.07,0.69,-0.62,0.55,0.62,-0.55,0.55,1.58,0.9,14.64,14.54,14.73,15.1,-0.6,0.93,-0.4,-0.73,-0.07,1.19,5.04,5.9,-1.19,-1.66
2023-01-12,600508,15.0,14.91,15.0,14.79,127758,190210140.0,1.39,-1.19,-0.18,1.77,0.2,-1.15,-2.43,-1.28,-1.22,-2.37,-1.28,-0.27,-0.95,2.64,14.74,14.57,14.68,15.07,2.15,0.8,0.47,1.14,2.41,6.3,7.18,0.0,-0.47,1.14
2023-01-13,600508,14.88,14.95,15.23,14.78,92536,138610229.0,3.02,0.27,0.04,1.28,-1.08,-2.37,-1.22,-1.15,-2.3,-1.22,-0.2,-0.88,2.71,1.49,14.82,14.63,14.65,15.04,0.54,0.2,0.87,2.14,6.02,6.89,-0.27,-0.74,0.87,0.07
2023-01-16,600508,14.96,14.94,15.03,14.82,83321,124384528.0,1.4,-0.07,-0.01,1.15,-2.63,-1.48,-1.42,-2.56,-1.48,-0.47,-1.15,2.43,1.21,2.77,14.88,14.69,14.62,15.01,0.27,0.94,2.21,6.09,6.96,-0.2,-0.67,0.94,0.13,-1.47
2023-01-17,600508,14.85,14.84,14.98,14.79,62133,92315608.0,1.27,-0.67,-0.1,0.86,-1.28,-1.22,-2.37,-1.28,-0.27,-0.95,2.64,1.42,2.97,1.62,14.95,14.72,14.62,14.96,1.62,2.9,6.81,7.68,0.47,0.0,1.62,0.81,-0.81,-0.67
2023-01-18,600508,14.89,14.88,15.08,14.88,83519,125035477.0,1.35,0.27,0.04,1.16,-1.81,-2.96,-1.88,-0.87,-1.55,2.02,0.81,2.35,1.01,0.67,14.9,14.77,14.62,14.92,2.62,6.52,7.39,0.2,-0.27,1.34,0.54,-1.08,-0.94,-0.74
2023-01-19,600508,14.98,15.23,15.27,14.92,147990,223634724.0,2.35,2.35,0.35,2.05,-3.22,-2.14,-1.14,-1.81,1.74,0.54,2.08,0.74,0.4,1.07,14.97,14.86,14.65,14.9,4.07,4.92,-2.1,-2.56,-0.98,-1.77,-3.35,-3.22,-3.02,-3.68
2023-01-20,600508,15.28,15.85,15.85,15.2,187085,292726439.0,4.27,4.07,0.62,2.59,-3.95,-2.96,-3.62,-0.13,-1.32,0.2,-1.12,-1.45,-0.79,0.46,15.15,14.98,14.72,14.91,0.82,-5.93,-6.37,-4.86,-5.62,-7.13,-7.0,-6.81,-7.44,-7.51
2023-01-30,600508,15.91,15.58,15.98,15.46,193573,301795427.0,3.28,-1.7,-0.27,2.68,-4.59,-5.24,-1.81,-2.98,-1.49,-2.78,-3.1,-2.46,-1.23,2.52,15.28,15.08,14.78,14.89,-4.3,-4.75,-3.21,-3.98,-5.52,-5.39,-5.2,-5.84,-5.91,-5.97
2023-01-31,600508,14.28,14.86,14.91,14.28,348878,510691015.0,4.04,-4.62,-0.72,4.83,2.59,6.3,5.04,6.65,5.25,4.9,5.6,6.93,10.99,11.9,15.28,15.11,14.81,14.87,-0.13,1.48,0.67,-0.94,-0.81,-0.61,-1.28,-1.35,-1.41,-0.61
2023-02-01,600508,14.79,14.82,14.84,14.66,182507,268927075.0,1.21,-0.27,-0.04,2.53,3.55,2.32,3.89,2.52,2.18,2.86,4.16,8.12,9.0,1.71,15.27,15.09,14.81,14.85,1.75,0.94,-0.67,-0.54,-0.34,-1.01,-1.08,-1.15,-0.34,-0.54
2023-02-02,600508,14.82,14.98,15.08,14.71,171796,256235227.0,2.5,1.08,0.16,2.38,1.97,3.54,2.18,1.84,2.52,3.81,7.75,8.63,1.36,0.88,15.22,15.09,14.83,14.82,-0.13,-1.74,-1.6,-1.4,-2.07,-2.14,-2.2,-1.4,-1.6,-2.07
2023-02-03,600508,14.95,14.74,14.96,14.6,124768,183708440.0,2.4,-1.6,-0.24,1.73,4.32,2.95,2.6,3.29,4.59,8.56,9.45,2.12,1.64,3.29,15.0,15.07,14.85,14.79,-0.14,0.0,0.2,-0.47,-0.54,-0.61,0.2,0.0,-0.47,-0.75
2023-02-06,600508,14.68,14.61,14.72,14.53,70016,102354878.0,1.29,-0.88,-0.13,0.97,3.44,3.1,3.79,5.09,9.08,9.98,2.62,2.13,3.79,2.96,14.8,15.04,14.87,14.76,0.89,1.1,0.41,0.34,0.27,1.1,0.89,0.41,0.14,0.89
2023-02-07,600508,14.6,14.68,14.74,14.59,72052,105722044.0,1.03,0.48,0.07,1.0,2.67,3.36,4.66,8.64,9.53,2.19,1.71,3.36,2.54,0.89,14.77,15.02,14.87,14.75,0.61,-0.07,-0.14,-0.2,0.61,0.41,-0.07,-0.34,0.41,3.13
2023-02-08,600508,14.68,14.61,14.77,14.59,82862,121657993.0,1.23,-0.48,-0.07,1.15,3.36,4.66,8.64,9.53,2.19,1.71,3.36,2.54,0.89,1.03,14.72,15.0,14.88,14.75,0.41,0.34,0.27,1.1,0.89,0.41,0.14,0.89,3.63,5.54
2023-02-09,600508,14.55,14.67,14.67,14.55,65358,95531549.0,0.82,0.41,0.06,0.9,4.95,8.93,9.83,2.47,1.99,3.64,2.82,1.17,1.31,1.51,14.66,14.94,14.9,14.75,-0.07,-0.14,0.68,0.48,0.0,-0.27,0.48,3.2,5.11,6.75
2023-02-10,600508,14.66,14.57,14.66,14.52,71320,103947052.0,0.95,-0.68,-0.1,0.99,9.16,10.06,2.69,2.2,3.86,3.03,1.38,1.52,1.72,1.03,14.63,14.81,14.9,14.75,0.55,1.37,1.17,0.69,0.41,1.17,3.91,5.83,7.48,5.56
2023-02-13,600508,14.57,14.62,14.65,14.47,60426,88202089.0,1.24,0.34,0.05,0.84,10.44,3.04,2.56,4.22,3.39,1.73,1.87,2.07,1.38,1.31,14.63,14.72,14.9,14.76,1.03,0.82,0.34,0.07,0.82,3.56,5.47,7.11,5.2,5.27
2023-02-14,600508,14.64,14.71,14.77,14.6,71957,105653745.0,1.16,0.62,0.09,1.0,2.12,1.64,3.29,2.47,0.82,0.96,1.16,0.48,0.41,0.34,14.64,14.7,14.91,14.77,0.2,-0.27,-0.54,0.2,2.92,4.83,6.46,4.55,4.62,3.2
2023-02-15,600508,14.7,14.62,14.74,14.59,62488,91511551.0,1.02,-0.61,-0.09,0.86,1.71,3.36,2.54,0.89,1.03,1.23,0.55,0.48,0.41,1.23,14.64,14.68,14.88,14.77,0.34,0.07,0.82,3.56,5.47,7.11,5.2,5.27,3.83,3.63
2023-02-16,600508,14.62,14.4,14.67,14.29,91039,132031758.0,2.6,-1.5,-0.22,1.26,5.53,4.69,3.01,3.15,3.36,2.66,2.59,2.52,3.36,3.15,14.58,14.62,14.86,14.76,1.6,2.36,5.14,7.08,8.75,6.81,6.88,5.42,5.21,5.83
2023-02-17,600508,14.35,14.51,14.63,14.35,67515,98123148.0,1.94,0.76,0.11,0.93,4.25,2.58,2.72,2.93,2.23,2.16,2.09,2.93,2.72,2.23,14.57,14.6,14.84,14.77,1.59,4.34,6.27,7.93,6.0,6.06,4.62,4.41,5.03,5.03
2023-02-20,600508,14.56,14.71,14.74,14.53,98529,144534820.0,1.45,1.38,0.2,1.36,1.31,1.45,1.65,0.96,0.89,0.83,1.65,1.45,0.96,0.69,14.59,14.61,14.82,14.78,2.92,4.83,6.46,4.55,4.62,3.2,2.99,3.6,3.6,3.81
2023-02-21,600508,14.7,15.07,15.14,14.69,219445,329327606.0,3.06,2.45,0.36,3.04,0.34,0.54,-0.14,-0.2,-0.27,0.54,0.34,-0.14,-0.41,0.34,14.66,14.65,14.84,14.8,2.32,3.92,2.06,2.12,0.73,0.53,1.13,1.13,1.33,1.79
2023-02-22,600508,15.0,15.18,15.42,14.91,174371,264344030.0,3.38,0.73,0.11,2.41,-0.94,-1.61,-1.68,-1.74,-0.94,-1.14,-1.61,-1.88,-1.14,1.54,14.77,14.71,14.85,14.82,3.16,1.32,1.38,0.0,-0.2,0.4,0.4,0.59,1.05,-1.05
2023-02-23,600508,15.46,15.22,15.66,15.18,169333,259666504.0,3.16,0.26,0.04,2.34,-3.36,-3.43,-3.49,-2.7,-2.9,-3.36,-3.62,-2.9,-0.26,1.58,14.94,14.76,14.85,14.85,1.05,1.12,-0.26,-0.46,0.13,0.13,0.33,0.79,-1.31,-0.79
2023-02-24,600508,15.24,15.17,15.38,15.08,97329,147841011.0,1.97,-0.33,-0.05,1.35,-2.79,-2.85,-2.06,-2.25,-2.72,-2.98,-2.25,0.4,2.25,3.85,15.07,14.82,14.82,14.87,1.45,0.07,-0.13,0.46,0.46,0.66,1.12,-0.99,-0.46,-1.71
2023-02-27,600508,15.19,15.2,15.39,15.14,89687,136897722.0,1.65,0.2,0.03,1.24,-3.24,-2.44,-2.64,-3.1,-3.37,-2.64,0.0,1.85,3.43,1.59,15.17,14.88,14.8,14.89,-0.13,-0.33,0.26,0.26,0.46,0.92,-1.18,-0.66,-1.91,-3.55
2023-02-28,600508,15.15,15.1,15.18,14.93,74233,111796780.0,1.64,-0.66,-0.1,1.03,-1.07,-1.27,-1.74,-2.01,-1.27,1.41,3.28,4.89,3.01,3.08,15.17,14.92,14.81,14.91,0.33,0.93,0.93,1.13,1.59,-0.53,0.0,-1.26,-2.91,-2.72
2023-03-01,600508,15.1,15.14,15.15,15.01,59978,90593357.0,0.93,0.26,0.04,0.83,-1.8,-2.27,-2.53,-1.8,0.87,2.73,4.33,2.47,2.53,1.13,15.17,14.97,14.83,14.91,0.66,0.66,0.86,1.32,-0.79,-0.26,-1.52,-3.17,-2.97,-3.37
2023-03-02,600508,15.09,15.23,15.24,15.07,82517,125188050.0,1.12,0.59,0.09,1.14,-2.65,-2.92,-2.19,0.46,2.32,3.92,2.06,2.12,0.73,0.53,15.17,15.05,14.84,14.92,0.07,0.26,0.72,-1.38,-0.85,-2.1,-3.74,-3.55,-3.94,-4.66
2023-03-03,600508,15.22,15.2,15.24,15.07,65396,99105304.0,1.12,-0.2,-0.03,0.9,-2.92,-2.19,0.46,2.32,3.92,2.06,2.12,0.73,0.53,1.13,15.17,15.12,14.86,14.93,0.46,0.92,-1.18,-0.66,-1.91,-3.55,-3.36,-3.75,-4.47,-4.08
2023-03-06,600508,15.17,15.03,15.27,14.96,80528,121266910.0,2.04,-1.12,-0.17,1.11,-1.47,1.2,3.07,4.68,2.81,2.87,1.47,1.27,1.87,1.87,15.14,15.15,14.88,14.93,2.06,-0.07,0.47,-0.8,-2.46,-2.26,-2.66,-3.39,-2.99,-3.46
2023-03-07,600508,15.09,15.05,15.34,15.03,119813,182245629.0,2.06,0.13,0.02,1.66,0.73,2.59,4.19,2.33,2.4,1.0,0.8,1.4,1.4,1.6,15.13,15.15,14.9,14.94,-0.2,0.33,-0.93,-2.59,-2.39,-2.79,-3.52,-3.12,-3.59,-3.72
2023-03-08,600508,14.99,14.88,15.02,14.76,74921,111384220.0,1.73,-1.13,-0.17,1.04,4.47,6.1,4.2,4.27,2.85,2.64,3.25,3.25,3.46,3.93,15.08,15.12,14.91,14.94,1.48,0.2,-1.48,-1.28,-1.68,-2.42,-2.02,-2.49,-2.62,-1.48
2023-03-09,600508,14.94,14.88,15.1,14.84,51128,76387607.0,1.75,0.0,0.0,0.71,5.53,3.64,3.71,2.29,2.09,2.7,2.7,2.9,3.37,1.21,15.01,15.09,14.92,14.93,0.2,-1.48,-1.28,-1.68,-2.42,-2.02,-2.49,-2.62,-1.48,-0.87
2023-03-10,600508,14.89,14.54,14.91,14.53,71963,105343871.0,2.55,-2.28,-0.34,1.0,5.85,5.92,4.47,4.27,4.89,4.89,5.09,5.57,3.37,3.92,14.88,15.03,14.92,14.89,0.83,1.03,0.62,-0.14,0.28,-0.21,-0.34,0.83,1.44,1.1
2023-03-13,600508,14.46,14.61,14.66,14.44,49521,72046355.0,1.51,0.48,0.07,0.69,6.58,5.12,4.92,5.54,5.54,5.75,6.23,4.02,4.57,3.25,14.79,14.97,14.92,14.85,0.55,0.14,-0.62,-0.21,-0.68,-0.82,0.34,0.96,0.62,-1.44
2023-03-14,600508,14.61,14.34,14.69,14.26,71068,102753009.0,2.94,-1.85,-0.27,0.98,6.45,6.24,6.87,6.87,7.08,7.57,5.33,5.89,4.56,2.81,14.65,14.89,14.9,14.84,2.02,1.26,1.67,1.19,1.05,2.23,2.86,2.51,0.42,0.28
2023-03-15,600508,14.36,14.59,14.63,14.36,66839,97039716.0,1.88,1.74,0.25,0.92,5.5,6.13,6.13,6.34,6.82,4.6,5.15,3.83,2.09,2.3,14.59,14.84,14.9,14.83,-0.48,-0.07,-0.55,-0.69,0.48,1.1,0.75,-1.3,-1.44,-2.19
2023-03-16,600508,14.52,14.2,14.52,14.15,108253,154547173.0,2.54,-2.67,-0.39,1.5,7.7,7.7,7.92,8.41,6.15,6.71,5.37,3.6,3.82,3.39,14.46,14.73,14.89,14.8,2.68,2.18,2.04,3.24,3.87,3.52,1.41,1.27,0.49,0.49
2023-03-17,600508,14.28,14.42,14.58,14.25,77106,111388290.0,2.32,1.55,0.22,1.07,6.95,7.16,7.65,5.4,5.96,4.63,2.88,3.09,2.67,1.89,14.43,14.65,14.89,14.79,0.62,0.49,1.66,2.29,1.94,-0.14,-0.28,-1.04,-1.04,-1.39
2023-03-20,600508,14.46,14.29,14.51,14.25,63698,91568709.0,1.8,-0.9,-0.13,0.88,7.16,7.65,5.4,5.96,4.63,2.88,3.09,2.67,1.89,2.32,14.37,14.58,14.87,14.78,1.4,2.59,3.22,2.87,0.77,0.63,-0.14,-0.14,-0.49,-0.49
2023-03-21,600508,14.38,14.49,14.49,14.28,53187,76471888.0,1.47,1.4,0.2,0.74,7.42,5.18,5.74,4.41,2.66,2.87,2.45,1.68,2.1,1.61,14.4,14.52,14.84,14.77,1.17,1.79,1.45,-0.62,-0.76,-1.52,-1.52,-1.86,-1.86,-2.42
2023-03-22,600508,14.46,14.6,14.66,14.45,46509,67788095.0,1.45,0.76,0.11,0.64,3.94,4.5,3.18,1.45,1.66,1.25,0.48,0.9,0.42,0.28,14.4,14.5,14.81,14.77,1.03,0.68,-1.37,-1.51,-2.26,-2.26,-2.6,-2.6,-3.15,-4.11
2023-03-23,600508,14.6,14.74,14.75,14.53,66735,97943613.0,1.51,0.96,0.14,0.92,3.92,2.62,0.89,1.1,0.69,-0.07,0.34,-0.14,-0.28,0.89,14.51,14.48,14.78,14.78,-0.27,-2.31,-2.44,-3.19,-3.19,-3.53,-3.53,-4.07,-5.02,-5.7
2023-03-24,600508,14.7,14.39,14.7,14.3,114112,164371474.0,2.71,-2.37,-0.35,1.58,4.27,2.52,2.73,2.31,1.54,1.96,1.47,1.33,2.52,3.15,14.5,14.47,14.75,14.77,0.07,-0.07,-0.83,-0.83,-1.18,-1.18,-1.74,-2.71,-3.41,-3.89
2023-03-27,600508,14.4,14.3,14.4,14.22,61380,87728473.0,1.25,-0.63,-0.09,0.85,3.09,3.31,2.88,2.11,2.53,2.04,1.9,3.09,3.73,3.38,14.5,14.44,14.7,14.76,0.56,-0.21,-0.21,-0.56,-0.56,-1.12,-2.1,-2.8,-3.29,-4.06
2023-03-28,600508,14.33,14.24,14.38,14.2,49610,70739492.0,1.26,-0.42,-0.06,0.69,3.45,3.03,2.25,2.68,2.18,2.04,3.24,3.87,3.52,1.41,14.45,14.43,14.66,14.74,0.21,0.21,-0.14,-0.14,-0.7,-1.69,-2.39,-2.88,-3.65,-3.51
2023-03-29,600508,14.25,14.14,14.27,14.12,47006,66569520.0,1.05,-0.7,-0.1,0.65,3.61,2.83,3.26,2.76,2.62,3.82,4.46,4.11,1.98,1.84,14.36,14.38,14.61,14.73,0.92,0.57,0.57,0.0,-0.99,-1.7,-2.19,-2.97,-2.83,-2.69
2023-03-30,600508,14.11,14.26,14.27,13.78,100330,140559511.0,3.47,0.85,0.12,1.39,5.37,5.81,5.3,5.15,6.39,7.04,6.68,4.5,4.35,3.56,14.27,14.39,14.56,14.72,-0.28,-0.28,-0.84,-1.82,-2.52,-3.02,-3.79,-3.65,-3.51,-2.73
2023-03-31,600508,14.15,14.08,14.22,14.06,47649,67332277.0,1.12,-1.26,-0.18,0.66,3.7,3.2,3.06,4.27,4.91,4.55,2.42,2.28,1.49,1.49,14.2,14.35,14.5,14.71,0.99,0.43,-0.57,-1.28,-1.78,-2.56,-2.41,-2.27,-1.49,-0.43
2023-04-03,600508,14.04,14.07,14.22,14.02,55421,78189474.0,1.42,-0.07,-0.01,0.77,3.5,3.35,4.56,5.21,4.85,2.71,2.57,1.78,1.78,1.43,14.16,14.33,14.46,14.69,0.5,-0.5,-1.21,-1.71,-2.49,-2.35,-2.2,-1.42,-0.36,0.71
2023-04-04,600508,14.05,14.04,14.14,13.94,49567,69563034.0,1.42,-0.21,-0.03,0.69,3.95,5.16,5.81,5.45,3.3,3.16,2.37,2.37,2.01,2.01,14.12,14.29,14.4,14.65,-0.28,-1.0,-1.5,-2.28,-2.14,-1.99,-1.21,-0.14,0.93,1.35
2023-04-06,600508,14.0,13.86,14.0,13.8,51795,71834531.0,1.42,-1.28,-0.18,0.72,6.23,6.88,6.52,4.35,4.2,3.41,3.41,3.04,3.04,2.46,14.06,14.21,14.35,14.61,0.29,-0.22,-1.01,-0.87,-0.72,0.07,1.15,2.24,2.67,1.52
2023-04-07,600508,13.82,13.86,13.9,13.81,37198,51531651.0,0.65,0.0,0.0,0.51,6.81,6.44,4.27,4.13,3.33,3.33,2.97,2.97,2.39,1.38,13.98,14.12,14.3,14.56,-0.22,-1.01,-0.87,-0.72,0.07,1.15,2.24,2.67,1.52,1.23
2023-04-10,600508,13.82,13.73,13.83,13.7,41631,57232918.0,0.94,-0.94,-0.13,0.58,7.3,5.11,4.96,4.16,4.16,3.8,3.8,3.21,2.19,1.46,13.91,14.06,14.26,14.52,-0.07,0.07,0.22,1.02,2.11,3.2,3.64,2.48,2.18,1.17
2023-04-11,600508,13.72,13.61,13.72,13.51,49719,67489634.0,1.53,-0.87,-0.12,0.69,6.59,6.44,5.63,5.63,5.26,5.26,4.66,3.63,2.89,2.37,13.82,13.99,14.21,14.46,0.96,1.1,1.91,3.01,4.11,4.56,3.38,3.09,2.06,1.54
2023-04-12,600508,13.61,13.7,13.74,13.61,37482,51275481.0,0.96,0.66,0.09,0.52,5.66,4.85,4.85,4.48,4.48,3.89,2.87,2.13,1.62,0.81,13.75,13.94,14.18,14.42,0.44,1.24,2.34,3.43,3.87,2.7,2.41,1.39,0.88,1.09
2023-04-13,600508,13.7,13.72,13.76,13.67,34984,47979096.0,0.66,0.15,0.02,0.48,4.39,4.39,4.02,4.02,3.44,2.41,1.68,1.17,0.37,0.51,13.72,13.89,14.14,14.37,1.09,2.19,3.28,3.72,2.55,2.26,1.24,0.73,0.95,1.38
2023-04-14,600508,13.72,13.87,13.87,13.72,44270,61144008.0,1.09,1.09,0.15,0.61,4.01,3.64,3.64,3.06,2.04,1.31,0.8,0.0,0.15,0.29,13.73,13.85,14.12,14.32,1.08,2.16,2.6,1.44,1.15,0.14,-0.36,-0.14,0.29,6.78
2023-04-17,600508,13.9,14.01,14.02,13.84,54676,76276192.0,1.3,1.01,0.14,0.76,2.75,2.75,2.17,1.16,0.43,-0.07,-0.87,-0.72,-0.58,0.22,13.78,13.85,14.1,14.28,1.14,1.57,0.43,0.14,-0.86,-1.36,-1.14,-0.71,5.71,6.71
2023-04-18,600508,14.04,14.17,14.17,13.98,69254,97808041.0,1.36,1.14,0.16,0.96,1.72,1.14,0.14,-0.57,-1.07,-1.86,-1.72,-1.57,-0.79,0.29,13.89,13.86,14.09,14.26,0.42,-0.71,-0.99,-1.98,-2.47,-2.26,-1.83,4.52,5.5,6.49
2023-04-19,600508,14.19,14.02,14.23,14.01,66907,94510263.0,1.55,-1.06,-0.15,0.93,0.93,-0.07,-0.79,-1.28,-2.07,-1.93,-1.78,-1.0,0.07,1.14,13.96,13.86,14.07,14.22,0.36,0.07,-0.93,-1.43,-1.21,-0.78,5.63,6.63,7.63,7.85
2023-04-20,600508,13.99,14.05,14.07,13.8,54688,76182695.0,1.93,0.21,0.03,0.76,1.45,0.72,0.22,-0.58,-0.43,-0.29,0.51,1.59,2.68,3.12,14.02,13.87,14.04,14.19,-0.14,-1.14,-1.64,-1.42,-1.0,5.41,6.41,7.4,7.62,9.89
2023-04-21,600508,14.03,13.86,14.03,13.83,45763,63692330.0,1.42,-1.35,-0.19,0.63,0.51,0.0,-0.8,-0.65,-0.51,0.29,1.37,2.46,2.89,1.74,14.02,13.87,14.0,14.16,0.22,-0.29,-0.07,0.36,6.85,7.86,8.87,9.09,11.4,10.1
2023-04-24,600508,13.82,13.78,13.89,13.75,36889,50932413.0,1.01,-0.58,-0.08,0.51,0.58,-0.22,-0.07,0.07,0.87,1.96,3.05,3.49,2.33,2.04,13.98,13.88,13.97,14.13,0.29,0.51,0.94,7.47,8.49,9.51,9.72,12.05,10.74,10.45
2023-04-25,600508,13.71,13.6,13.82,13.46,42006,57131795.0,2.61,-1.31,-0.18,0.58,1.93,2.08,2.23,3.05,4.16,5.27,5.72,4.53,4.23,3.19,13.86,13.88,13.93,14.1,1.84,2.28,8.9,9.93,10.96,11.18,13.53,12.21,11.91,12.35
2023-04-26,600508,13.51,13.83,13.85,13.46,43403,59445129.0,2.87,1.69,0.23,0.6,2.08,2.23,3.05,4.16,5.27,5.72,4.53,4.23,3.19,2.67,13.82,13.89,13.91,14.08,0.58,7.09,8.1,9.11,9.33,11.64,10.34,10.05,10.48,10.92
2023-04-27,600508,13.86,13.85,13.91,13.69,39651,54624465.0,1.59,0.14,0.02,0.55,0.51,1.31,2.41,3.51,3.94,2.78,2.48,1.46,0.95,1.17,13.78,13.9,13.9,14.06,6.93,7.94,8.95,9.17,11.48,10.18,9.89,10.32,10.76,11.19
2023-04-28,600508,14.2,14.59,14.81,14.15,156059,226033828.0,4.77,5.34,0.74,2.16,-1.98,-0.92,0.14,0.57,-0.57,-0.85,-1.84,-2.33,-2.12,-1.7,13.93,13.98,13.91,14.07,2.47,3.43,3.63,5.83,4.59,4.32,4.73,5.14,5.55,4.73
2023-05-04,600508,14.49,14.85,14.95,14.33,137686,203749730.0,4.25,1.78,0.26,1.91,-2.16,-1.12,-0.7,-1.81,-2.09,-3.07,-3.56,-3.35,-2.93,3.35,14.14,14.06,13.95,14.09,1.62,1.82,3.97,2.76,2.49,2.9,3.3,3.7,2.9,3.23
2023-05-05,600508,14.81,14.85,15.09,14.7,89915,133656619.0,2.63,0.0,0.0,1.24,-3.61,-3.2,-4.29,-4.56,-5.51,-5.99,-5.78,-5.37,0.75,1.7,14.39,14.13,13.99,14.11,1.82,3.97,2.76,2.49,2.9,3.3,3.7,2.9,3.23,3.1
2023-05-08,600508,14.92,15.02,15.12,14.84,115497,173274148.0,1.89,1.14,0.17,1.6,-4.11,-5.19,-5.46,-6.4,-6.87,-6.67,-6.27,-0.2,0.74,1.68,14.63,14.23,14.04,14.12,2.8,1.6,1.33,1.73,2.13,2.53,1.73,2.06,1.93,0.87
2023-05-09,600508,15.06,15.0,15.44,15.0,193684,294709595.0,2.93,-0.13,-0.02,2.68,-6.2,-6.47,-7.4,-7.87,-7.67,-7.27,-1.27,-0.33,0.6,0.8,14.86,14.32,14.1,14.14,1.73,1.47,1.87,2.27,2.67,1.87,2.2,2.07,1.0,0.73
2023-05-10,600508,15.07,15.11,15.26,14.98,113184,170831004.0,1.87,0.73,0.11,1.57,-6.34,-7.28,-7.74,-7.54,-7.14,-1.13,-0.2,0.73,0.93,3.07,14.97,14.45,14.16,14.15,0.73,1.13,1.52,1.92,1.13,1.46,1.32,0.26,0.0,-1.39
2023-05-11,600508,15.1,15.16,15.22,14.92,75246,113538768.0,1.99,0.33,0.05,1.04,-6.9,-7.37,-7.17,-6.77,-0.74,0.2,1.14,1.34,3.49,2.28,15.03,14.59,14.23,14.17,0.79,1.19,1.58,0.79,1.12,0.99,-0.07,-0.33,-1.72,-2.37
2023-05-12,600508,15.13,15.15,15.28,15.02,58167,88094125.0,1.72,-0.07,-0.01,0.8,-7.99,-7.79,-7.39,-1.4,-0.47,0.47,0.67,2.8,1.6,1.33,15.09,14.74,14.31,14.2,1.25,1.65,0.86,1.19,1.06,0.0,-0.26,-1.65,-2.31,-2.9
2023-05-15,600508,15.13,15.33,15.34,15.05,82748,126082750.0,1.91,1.19,0.18,1.14,-7.97,-7.57,-1.59,-0.66,0.27,0.47,2.59,1.4,1.13,1.53,15.15,14.89,14.39,14.24,0.46,-0.33,0.0,-0.13,-1.17,-1.44,-2.8,-3.46,-4.04,-3.78
2023-05-16,600508,15.33,15.27,15.4,15.19,89546,136893251.0,1.37,-0.39,-0.06,1.24,-8.43,-2.5,-1.58,-0.66,-0.46,1.65,0.46,0.2,0.59,0.99,15.2,15.03,14.47,14.28,0.07,0.39,0.26,-0.79,-1.05,-2.42,-3.08,-3.67,-3.41,-2.88
2023-05-17,600508,15.27,15.2,15.28,15.1,59083,89661322.0,1.18,-0.46,-0.07,0.82,-1.92,-0.99,-0.07,0.13,2.25,1.06,0.79,1.19,1.59,1.99,15.22,15.09,14.53,14.31,0.86,0.72,-0.33,-0.59,-1.97,-2.63,-3.22,-2.96,-2.43,-3.16
2023-05-18,600508,15.31,15.24,15.33,15.16,53366,81247669.0,1.12,0.26,0.04,0.74,-1.39,-0.46,-0.26,1.85,0.66,0.4,0.79,1.19,1.58,0.79,15.24,15.13,14.6,14.35,0.46,-0.59,-0.85,-2.23,-2.89,-3.48,-3.22,-2.69,-3.41,-4.53
2023-05-19,600508,15.17,15.14,15.31,14.96,61751,93431562.0,2.3,-0.66,-0.1,0.85,0.87,1.07,3.21,2.01,1.74,2.14,2.54,2.94,2.14,2.47,15.24,15.16,14.64,14.38,0.07,-0.2,-1.59,-2.25,-2.84,-2.58,-2.05,-2.77,-3.9,-2.91
2023-05-22,600508,15.15,14.97,15.15,14.97,53437,80359492.0,1.19,-1.12,-0.17,0.74,1.0,3.14,1.94,1.67,2.07,2.47,2.87,2.07,2.4,2.27,15.16,15.16,14.69,14.41,0.94,-0.47,-1.14,-1.74,-1.47,-0.94,-1.67,-2.81,-1.8,-1.2
2023-05-23,600508,14.99,14.91,15.11,14.91,44763,67154081.0,1.34,-0.4,-0.06,0.62,3.55,2.35,2.08,2.48,2.88,3.29,2.48,2.82,2.68,1.61,15.09,15.15,14.74,14.45,-0.07,-0.74,-1.34,-1.07,-0.54,-1.27,-2.41,-1.41,-0.8,-0.54
2023-05-24,600508,14.86,14.75,14.9,14.69,46976,69409443.0,1.41,-1.07,-0.16,0.65,3.88,3.61,4.02,4.42,4.83,4.02,4.36,4.22,3.13,2.86,15.0,15.11,14.78,14.48,0.34,-0.27,0.0,0.54,-0.2,-1.36,-0.34,0.27,0.54,-0.75
2023-05-25,600508,14.74,14.66,14.8,14.5,52872,77394377.0,2.03,-0.61,-0.09,0.73,4.97,5.38,5.79,6.21,5.38,5.72,5.59,4.48,4.21,2.76,14.89,15.06,14.82,14.51,0.34,0.61,1.16,0.41,-0.75,0.27,0.89,1.16,-0.14,-0.27
2023-05-26,600508,14.65,14.59,14.71,14.41,47843,69485278.0,2.05,-0.48,-0.07,0.66,6.04,6.45,6.87,6.04,6.38,6.25,5.14,4.86,3.4,2.71,14.78,15.01,14.87,14.54,1.1,1.64,0.89,-0.27,0.75,1.37,1.64,0.34,0.21,0.75
2023-05-29,600508,14.52,14.72,14.75,14.51,49395,72227229.0,1.64,0.89,0.13,0.68,5.72,6.13,5.31,5.65,5.51,4.41,4.14,2.69,2.0,1.38,14.73,14.95,14.92,14.58,0.75,0.0,-1.15,-0.14,0.48,0.75,-0.54,-0.68,-0.14,0.07
2023-05-30,600508,14.72,14.72,14.83,14.55,43267,63488561.0,1.9,0.0,0.0,0.6,5.84,5.02,5.36,5.22,4.12,3.85,2.41,1.72,1.1,1.37,14.69,14.89,14.96,14.61,0.0,-1.15,-0.14,0.48,0.75,-0.54,-0.68,-0.14,0.07,0.0
2023-05-31,600508,14.65,14.41,14.72,14.3,61331,88555900.0,2.85,-2.11,-0.31,0.85,6.85,7.2,7.06,5.94,5.66,4.2,3.5,2.87,3.15,3.71,14.62,14.81,14.95,14.63,0.97,2.01,2.64,2.91,1.6,1.46,2.01,2.22,2.15,0.76
2023-06-01,600508,14.38,14.5,14.55,14.31,44988,65015147.0,1.67,0.62,0.09,0.62,7.13,6.99,5.87,5.59,4.12,3.42,2.8,3.07,3.63,2.87,14.59,14.74,14.93,14.64,1.38,2.0,2.28,0.97,0.83,1.38,1.59,1.52,0.14,-0.69
2023-06-02,600508,14.52,14.66,14.7,14.46,43393,63369386.0,1.66,1.1,0.16,0.6,5.88,4.77,4.5,3.04,2.35,1.73,2.01,2.56,1.8,0.62,14.6,14.69,14.93,14.66,0.89,1.16,-0.14,-0.27,0.27,0.48,0.41,-0.95,-1.77,-1.3
2023-06-05,600508,14.65,14.71,14.79,14.6,39430,57931379.0,1.3,0.34,0.05,0.55,3.77,3.49,2.05,1.37,0.75,1.03,1.58,0.82,-0.34,0.68,14.6,14.66,14.91,14.68,0.82,-0.48,-0.61,-0.07,0.14,0.07,-1.29,-2.11,-1.63,-1.63
2023-06-06,600508,14.7,14.56,14.83,14.55,58749,86232886.0,1.9,-1.02,-0.15,0.81,3.85,2.41,1.72,1.1,1.37,1.92,1.17,0.0,1.03,1.65,14.57,14.63,14.89,14.7,0.55,0.41,0.96,1.17,1.1,-0.27,-1.1,-0.62,-0.62,-1.92
2023-06-07,600508,14.59,14.42,14.64,14.39,36486,52760468.0,1.72,-0.96,-0.14,0.5,3.54,2.85,2.22,2.5,3.06,2.29,1.11,2.15,2.78,3.06,14.57,14.6,14.85,14.72,1.39,1.94,2.15,2.08,0.69,-0.14,0.35,0.35,-0.97,-1.6
2023-06-08,600508,14.42,14.6,14.62,14.39,41054,59679706.0,1.6,1.25,0.18,0.57,2.85,2.22,2.5,3.06,2.29,1.11,2.15,2.78,3.06,1.74,14.59,14.59,14.83,14.75,0.68,0.89,0.82,-0.55,-1.37,-0.89,-0.89,-2.19,-2.81,-2.88
2023-06-09,600508,14.6,14.65,14.7,14.53,44105,64561025.0,1.16,0.34,0.05,0.61,1.24,1.51,2.06,1.31,0.14,1.17,1.79,2.06,0.76,0.62,14.59,14.6,14.8,14.78,0.55,0.48,-0.89,-1.71,-1.23,-1.23,-2.53,-3.14,-3.21,-2.73
2023-06-12,600508,14.6,14.7,14.73,14.58,44541,65334105.0,1.02,0.34,0.05,0.62,1.17,1.71,0.96,-0.21,0.82,1.44,1.71,0.41,0.27,0.82,14.59,14.59,14.77,14.81,0.14,-1.22,-2.04,-1.56,-1.56,-2.86,-3.47,-3.54,-3.06,-0.07
2023-06-13,600508,14.7,14.45,14.72,14.44,38455,55861439.0,1.9,-1.7,-0.25,0.53,2.7,1.94,0.76,1.8,2.42,2.7,1.39,1.25,1.8,2.01,14.56,14.57,14.73,14.83,0.48,-0.35,0.14,0.14,-1.18,-1.8,-1.87,-1.38,1.66,0.55
2023-06-14,600508,14.46,14.32,14.52,14.28,37587,54132394.0,1.66,-0.9,-0.13,0.52,3.08,1.89,2.94,3.57,3.85,2.52,2.38,2.94,3.15,3.08,14.54,14.56,14.68,14.82,0.56,1.05,1.05,-0.28,-0.91,-0.98,-0.49,2.58,1.47,2.93
2023-06-15,600508,14.34,14.38,14.4,14.29,33062,47456537.0,0.77,0.42,0.06,0.46,1.82,2.87,3.5,3.78,2.45,2.31,2.87,3.08,3.01,1.61,14.5,14.55,14.64,14.8,0.63,0.63,-0.7,-1.32,-1.39,-0.9,2.16,1.04,2.5,3.2
2023-06-16,600508,14.4,14.41,14.47,14.36,32349,46631483.0,0.76,0.21,0.03,0.45,2.37,2.99,3.27,1.95,1.81,2.37,2.58,2.51,1.11,0.28,14.45,14.52,14.6,14.79,0.42,-0.9,-1.53,-1.6,-1.11,1.94,0.83,2.29,2.98,3.47
2023-06-19,600508,14.43,14.24,14.47,14.24,32873,46994557.0,1.6,-1.18,-0.17,0.45,3.86,4.14,2.81,2.67,3.23,3.44,3.37,1.97,1.12,1.62,14.36,14.47,14.57,14.76,0.28,-0.35,-0.42,0.07,3.16,2.04,3.51,4.21,4.71,5.34
2023-06-20,600508,14.24,14.09,14.28,14.06,33784,47732574.0,1.54,-1.05,-0.15,0.47,5.48,4.13,3.98,4.55,4.77,4.69,3.27,2.42,2.92,2.92,14.29,14.43,14.53,14.73,0.71,0.64,1.14,4.26,3.12,4.61,5.32,5.82,6.46,6.74
2023-06-21,600508,14.07,14.03,14.19,14.01,38943,54878776.0,1.28,-0.43,-0.06,0.54,4.5,4.35,4.93,5.14,5.07,3.64,2.78,3.28,3.28,1.93,14.23,14.39,14.49,14.7,1.07,1.57,4.7,3.56,5.06,5.77,6.27,6.91,7.2,1.92
2023-06-26,600508,14.02,14.11,14.18,13.93,49616,69728618.0,1.78,0.57,0.08,0.69,4.95,5.53,5.74,5.67,4.24,3.37,3.88,3.88,2.51,1.87,14.18,14.34,14.46,14.66,0.99,4.11,2.98,4.46,5.17,5.67,6.31,6.59,1.35,2.34
2023-06-27,600508,14.1,14.22,14.25,14.02,46237,65442521.0,1.63,0.78,0.11,0.64,4.85,5.06,4.99,3.57,2.71,3.21,3.21,1.85,1.21,1.14,14.14,14.3,14.44,14.63,3.31,2.18,3.66,4.36,4.85,5.49,5.77,0.56,1.55,1.27
2023-06-28,600508,14.22,14.56,14.69,14.16,111637,161802315.0,3.73,2.39,0.34,1.54,4.03,3.95,2.54,1.69,2.19,2.19,0.85,0.21,0.14,0.64,14.2,14.28,14.44,14.61,-0.21,1.24,1.92,2.4,3.02,3.3,-1.79,-0.82,-1.1,-1.79
2023-06-29,600508,14.53,14.45,14.53,14.32,56079,80969708.0,1.44,-0.76,-0.11,0.78,2.79,1.4,0.56,1.05,1.05,-0.28,-0.91,-0.98,-0.49,2.58,14.27,14.28,14.42,14.58,2.01,2.7,3.18,3.81,4.08,-1.04,-0.07,-0.35,-1.04,-1.04
2023-06-30,600508,14.44,14.68,14.74,14.44,57355,84091436.0,2.08,1.59,0.23,0.79,0.55,-0.28,0.21,0.21,-1.11,-1.73,-1.8,-1.32,1.73,0.62,14.4,14.32,14.44,14.56,1.09,1.57,2.18,2.45,-2.59,-1.63,-1.91,-2.59,-2.59,-2.25
2023-07-03,600508,14.66,14.83,14.84,14.66,62919,92965012.0,1.23,1.02,0.15,0.87,-1.77,-1.3,-1.3,-2.59,-3.21,-3.27,-2.8,0.2,-0.89,0.55,14.55,14.36,14.45,14.55,0.54,1.15,1.42,-3.57,-2.63,-2.9,-3.57,-3.57,-3.24,-3.71
2023-07-04,600508,14.83,14.81,14.91,14.76,55059,81572794.0,1.01,-0.13,-0.02,0.76,-1.96,-1.96,-3.25,-3.86,-3.93,-3.46,-0.47,-1.56,-0.14,0.54,14.67,14.4,14.46,14.54,1.28,1.55,-3.44,-2.5,-2.77,-3.44,-3.44,-3.11,-3.58,-3.58
2023-07-05,600508,14.81,14.97,15.0,14.77,79953,119358316.0,1.55,1.08,0.16,1.11,-2.03,-3.32,-3.93,-3.99,-3.52,-0.54,-1.62,-0.2,0.47,0.95,14.75,14.48,14.47,14.54,0.47,-4.48,-3.54,-3.81,-4.48,-4.48,-4.14,-4.61,-4.61,-4.21
2023-07-06,600508,14.97,14.96,15.04,14.88,68379,102226679.0,1.07,-0.07,-0.01,0.95,-4.03,-4.64,-4.7,-4.23,-1.28,-2.35,-0.94,-0.27,0.2,0.81,14.85,14.56,14.49,14.54,-4.41,-3.48,-3.74,-4.41,-4.41,-4.08,-4.55,-4.55,-4.14,-3.41
2023-07-07,600508,14.3,14.25,14.3,14.1,66111,93952826.0,1.34,-4.75,-0.71,0.91,0.64,0.57,1.06,4.18,3.05,4.54,5.25,5.74,6.38,6.67,14.76,14.58,14.49,14.52,1.33,1.05,0.35,0.35,0.7,0.21,0.21,0.63,1.4,0.56
2023-07-10,600508,14.29,14.35,14.44,14.26,53762,77100436.0,1.26,0.7,0.1,0.74,-0.56,-0.07,3.02,1.89,3.37,4.07,4.56,5.19,5.47,0.28,14.67,14.61,14.47,14.51,0.35,-0.35,-0.35,0.0,-0.49,-0.49,-0.07,0.7,-0.14,0.21
2023-07-11,600508,14.35,14.25,14.4,14.21,41643,59415586.0,1.32,-0.7,-0.1,0.58,0.28,3.38,2.25,3.73,4.43,4.93,5.56,5.84,0.63,1.62,14.56,14.61,14.45,14.5,0.35,0.35,0.7,0.21,0.21,0.63,1.4,0.56,0.91,1.4
2023-07-12,600508,14.29,14.2,14.3,14.15,37395,53152020.0,1.05,-0.35,-0.05,0.52,3.82,2.69,4.17,4.88,5.37,6.01,6.29,1.06,2.05,1.77,14.4,14.58,14.43,14.48,0.7,1.06,0.56,0.56,0.99,1.76,0.92,1.27,1.76,1.55
2023-07-13,600508,14.19,14.26,14.3,14.15,45794,65219863.0,1.06,0.42,0.06,0.63,2.69,4.17,4.88,5.37,6.01,6.29,1.06,2.05,1.77,1.06,14.26,14.56,14.42,14.47,0.63,0.14,0.14,0.56,1.33,0.49,0.84,1.33,1.12,1.4
2023-07-14,600508,14.31,14.27,14.35,14.2,36913,52714569.0,1.05,0.07,0.01,0.51,3.8,4.51,5.0,5.63,5.92,0.7,1.69,1.41,0.7,0.7,14.27,14.52,14.42,14.46,0.07,0.07,0.49,1.26,0.42,0.77,1.26,1.05,1.33,1.47
2023-07-17,600508,14.21,14.26,14.28,14.02,33974,48204129.0,1.82,-0.07,-0.01,0.47,5.85,6.35,6.99,7.28,2.0,3.0,2.71,2.0,2.0,2.35,14.25,14.46,14.41,14.45,0.14,0.56,1.33,0.49,0.84,1.33,1.12,1.4,1.54,2.1
2023-07-18,600508,14.26,14.15,14.28,14.09,38984,55140177.0,1.33,-0.77,-0.11,0.54,5.82,6.46,6.74,1.49,2.48,2.2,1.49,1.49,1.85,1.35,14.23,14.39,14.4,14.44,1.34,2.12,1.27,1.63,2.12,1.91,2.19,2.33,2.9,3.6
2023-07-19,600508,14.15,14.28,14.34,14.15,42792,61054211.0,1.34,0.92,0.13,0.59,6.01,6.29,1.06,2.05,1.77,1.06,1.06,1.41,0.92,0.92,14.24,14.32,14.4,14.42,1.19,0.35,0.7,1.19,0.98,1.26,1.4,1.96,2.66,2.8
2023-07-20,600508,14.33,14.3,14.45,14.27,42640,61250346.0,1.26,0.14,0.02,0.59,5.4,0.21,1.19,0.91,0.21,0.21,0.56,0.07,0.07,0.49,14.25,14.26,14.41,14.41,0.21,0.56,1.05,0.84,1.12,1.26,1.82,2.52,2.66,0.84
2023-07-21,600508,14.25,14.25,14.33,14.18,28521,40622030.0,1.05,-0.35,-0.05,0.39,0.85,1.83,1.55,0.85,0.85,1.2,0.71,0.71,1.13,1.9,14.25,14.26,14.42,14.41,0.91,1.4,1.19,1.47,1.61,2.18,2.88,3.02,1.19,1.61
2023-07-24,600508,14.3,14.24,14.38,14.16,36147,51618079.0,1.54,-0.07,-0.01,0.5,1.98,1.69,0.99,0.99,1.34,0.85,0.85,1.27,2.05,1.2,14.24,14.25,14.43,14.4,1.47,1.26,1.54,1.69,2.25,2.95,3.09,1.26,1.69,0.07
2023-07-25,600508,14.33,14.34,14.45,14.27,57092,82008404.0,1.26,0.7,0.1,0.79,0.91,0.21,0.21,0.56,0.07,0.07,0.49,1.26,0.42,0.77,14.28,14.26,14.43,14.39,0.56,0.84,0.98,1.53,2.23,2.37,0.56,0.98,-0.63,-0.63
2023-07-26,600508,14.38,14.42,14.42,14.29,41499,59631065.0,0.91,0.56,0.08,0.57,0.07,0.07,0.42,-0.07,-0.07,0.35,1.12,0.28,0.63,1.12,14.31,14.28,14.43,14.38,0.28,0.42,0.97,1.66,1.8,0.0,0.42,-1.18,-1.18,-1.6
2023-07-27,600508,14.38,14.34,14.46,14.28,34142,49067650.0,1.25,-0.55,-0.08,0.47,0.14,0.49,0.0,0.0,0.42,1.19,0.35,0.7,1.19,0.98,14.32,14.29,14.42,14.37,0.98,1.53,2.23,2.37,0.56,0.98,-0.63,-0.63,-1.05,0.7
2023-07-28,600508,14.31,14.44,14.48,14.26,59162,85191854.0,1.53,0.7,0.1,0.82,0.63,0.14,0.14,0.56,1.33,0.49,0.84,1.33,1.12,1.4,14.36,14.3,14.41,14.38,0.83,1.52,1.66,-0.14,0.28,-1.32,-1.32,-1.73,0.0,0.14
2023-07-31,600508,14.45,14.49,14.56,14.41,53278,77334122.0,1.04,0.35,0.05,0.74,-0.9,-0.9,-0.49,0.28,-0.56,-0.21,0.28,0.07,0.35,0.49,14.41,14.33,14.39,14.38,1.17,1.31,-0.48,-0.07,-1.66,-1.66,-2.07,-0.35,-0.21,-2.07
2023-08-01,600508,14.52,14.65,14.66,14.46,56104,81989573.0,1.38,1.1,0.16,0.78,-1.24,-0.83,-0.07,-0.9,-0.55,-0.07,-0.28,0.0,0.14,0.69,14.47,14.38,14.38,14.39,0.2,-1.57,-1.16,-2.73,-2.73,-3.14,-1.43,-1.3,-3.14,-2.46
2023-08-02,600508,14.66,14.42,14.68,14.39,50832,73574095.0,1.98,-1.57,-0.23,0.7,-0.35,0.42,-0.42,-0.07,0.42,0.21,0.49,0.63,1.18,1.88,14.47,14.39,14.36,14.4,0.0,0.42,-1.18,-1.18,-1.6,0.14,0.28,-1.6,-0.9,-1.25
2023-08-03,600508,14.38,14.35,14.42,14.27,35877,51457960.0,1.04,-0.49,-0.07,0.5,1.26,0.42,0.77,1.26,1.05,1.33,1.47,2.03,2.73,2.87,14.47,14.39,14.33,14.4,0.91,-0.7,-0.7,-1.11,0.63,0.77,-1.11,-0.42,-0.77,-1.67
2023-08-04,600508,14.44,14.27,14.48,14.25,49687,71205834.0,1.6,-0.56,-0.08,0.69,0.56,0.91,1.4,1.19,1.47,1.61,2.18,2.88,3.02,1.19,14.44,14.4,14.33,14.41,-0.14,-0.14,-0.56,1.19,1.33,-0.56,0.14,-0.21,-1.12,-0.42
2023-08-07,600508,14.25,14.13,14.25,14.05,40201,56713036.0,1.4,-0.98,-0.14,0.56,2.35,2.85,2.63,2.92,3.06,3.63,4.34,4.48,2.63,3.06,14.36,14.39,14.32,14.41,0.85,0.42,2.19,2.34,0.42,1.13,0.78,-0.14,0.57,-0.28
2023-08-08,600508,14.11,14.18,14.25,14.06,32667,46192537.0,1.34,0.35,0.05,0.45,2.77,2.56,2.84,2.99,3.56,4.27,4.41,2.56,2.99,1.35,14.27,14.37,14.31,14.41,0.07,1.83,1.97,0.07,0.78,0.42,-0.49,0.21,-0.63,-1.34
2023-08-09,600508,14.18,14.14,14.19,14.07,29233,41286629.0,0.85,-0.28,-0.04,0.4,2.49,2.77,2.91,3.48,4.19,4.34,2.49,2.91,1.28,1.28,14.21,14.34,14.31,14.4,2.12,2.26,0.35,1.06,0.71,-0.21,0.5,-0.35,-1.06,1.41
2023-08-10,600508,14.15,14.36,14.44,14.15,46707,66860721.0,2.05,1.56,0.22,0.65,2.19,2.33,2.9,3.6,3.75,1.91,2.33,0.71,0.71,0.28,14.22,14.34,14.31,14.39,0.7,-1.18,-0.49,-0.84,-1.74,-1.04,-1.88,-2.58,-0.14,-0.97
2023-08-11,600508,14.36,14.2,14.46,14.18,49641,70996527.0,1.95,-1.11,-0.16,0.69,2.12,2.68,3.39,3.53,1.69,2.12,0.49,0.49,0.07,1.83,14.2,14.32,14.31,14.38,-0.07,0.63,0.28,-0.63,0.07,-0.77,-1.48,0.99,0.14,-3.03
2023-08-14,600508,14.14,14.17,14.19,13.95,42479,59755360.0,1.69,-0.21,-0.03,0.59,4.37,5.09,5.23,3.37,3.8,2.15,2.15,1.72,3.51,3.66,14.21,14.29,14.31,14.36,0.85,0.49,-0.42,0.28,-0.56,-1.27,1.2,0.35,-2.82,-0.28
2023-08-15,600508,14.18,14.2,14.29,14.1,39642,56347862.0,1.34,0.21,0.03,0.55,3.97,4.11,2.27,2.7,1.06,1.06,0.64,2.41,2.55,0.64,14.21,14.24,14.31,14.34,0.28,-0.63,0.07,-0.77,-1.48,0.99,0.14,-3.03,-0.49,-2.61
2023-08-16,600508,14.1,14.13,14.24,14.1,20472,28976962.0,0.99,-0.49,-0.07,0.28,4.11,2.27,2.7,1.06,1.06,0.64,2.41,2.55,0.64,1.35,14.21,14.21,14.3,14.31,-0.14,0.57,-0.28,-0.99,1.49,0.64,-2.55,0.0,-2.12,-2.05
2023-08-17,600508,14.08,14.03,14.11,13.92,42731,59750482.0,1.34,-0.71,-0.1,0.59,3.59,4.02,2.37,2.37,1.94,3.74,3.88,1.94,2.66,2.3,14.15,14.18,14.29,14.28,1.28,0.43,-0.29,2.21,1.35,-1.85,0.71,-1.43,-1.35,-2.21
2023-08-18,600508,14.04,13.97,14.21,13.94,43327,60938783.0,1.92,-0.43,-0.06,0.6,3.87,2.22,2.22,1.79,3.59,3.73,1.79,2.51,2.15,1.22,14.1,14.15,14.27,14.27,0.86,0.14,2.65,1.79,-1.43,1.15,-1.0,-0.93,-1.79,0.72
2023-08-21,600508,14.02,13.85,14.09,13.85,58298,81329620.0,1.72,-0.86,-0.12,0.81,2.89,2.89,2.45,4.26,4.4,2.45,3.18,2.82,1.88,2.6,14.04,14.12,14.25,14.25,1.01,3.54,2.67,-0.58,2.02,-0.14,-0.07,-0.94,1.59,5.78
2023-08-22,600508,13.83,13.99,13.99,13.81,33255,46193284.0,1.3,1.01,0.14,0.46,3.19,2.75,4.56,4.71,2.75,3.48,3.11,2.17,2.9,2.03,13.99,14.1,14.24,14.24,2.5,1.64,-1.57,1.0,-1.14,-1.07,-1.93,0.57,4.72,4.0
2023-08-23,600508,13.98,14.15,14.34,13.92,66545,94483884.0,3.0,1.14,0.16,0.92,1.94,3.74,3.88,1.94,2.66,2.3,1.36,2.08,1.22,0.5,14.0,14.11,14.22,14.24,0.49,-2.69,-0.14,-2.26,-2.19,-3.04,-0.57,3.53,2.83,2.9
2023-08-24,600508,14.15,13.94,14.22,13.87,69429,97019470.0,2.47,-1.48,-0.21,0.96,4.11,4.25,2.31,3.03,2.67,1.73,2.45,1.59,0.87,3.39,13.98,14.06,14.2,14.23,-1.22,1.36,-0.79,-0.72,-1.58,0.93,5.09,4.38,4.45,4.66
2023-08-25,600508,13.77,13.33,13.77,13.13,99983,133059802.0,4.59,-4.38,-0.61,1.38,10.13,8.07,8.83,8.45,7.46,8.23,7.31,6.55,9.22,8.3,13.85,13.98,14.15,14.2,6.0,3.75,3.83,2.93,5.55,9.9,9.15,9.23,9.45,8.4
2023-08-28,600508,13.7,13.73,14.13,13.7,131936,183486714.0,3.23,3.0,0.4,1.83,3.58,4.31,3.94,2.99,3.72,2.85,2.12,4.67,3.8,0.51,13.83,13.93,14.11,14.18,0.73,0.8,-0.07,2.48,6.7,5.97,6.05,6.26,5.24,6.19
2023-08-29,600508,13.78,13.76,13.83,13.65,67321,92636864.0,1.31,0.22,0.03,0.93,4.69,4.32,3.37,4.1,3.22,2.49,5.05,4.18,0.88,3.52,13.78,13.89,14.06,14.17,0.58,-0.29,2.25,6.47,5.74,5.81,6.03,5.01,5.96,5.6
2023-08-30,600508,13.78,13.67,13.84,13.62,46153,63345988.0,1.6,-0.65,-0.09,0.64,4.55,3.6,4.33,3.45,2.72,5.29,4.41,1.1,3.74,1.54,13.69,13.84,14.03,14.15,0.37,2.93,7.17,6.44,6.51,6.73,5.71,6.66,6.29,6.58
2023-08-31,600508,13.66,13.58,13.72,13.57,32041,43608949.0,1.1,-0.66,-0.09,0.44,3.98,4.72,3.83,3.1,5.67,4.79,1.47,4.13,1.92,1.99,13.61,13.8,13.99,14.12,3.61,7.88,7.14,7.22,7.44,6.41,7.36,7.0,7.29,8.98
2023-09-01,600508,13.59,14.01,14.07,13.59,89918,125346964.0,3.53,3.17,0.43,1.24,4.56,3.68,2.94,5.52,4.64,1.32,3.97,1.77,1.84,0.96,13.75,13.8,13.98,14.12,4.57,3.85,3.93,4.14,3.14,4.07,3.71,4.0,5.64,6.35
2023-09-04,600508,14.22,14.43,14.65,14.15,130807,189279160.0,3.57,3.0,0.42,1.81,-0.42,-1.13,1.34,0.49,-2.69,-0.14,-2.26,-2.19,-3.04,-0.57,13.89,13.86,13.99,14.12,0.83,0.9,1.11,0.14,1.04,0.69,0.97,2.56,3.26,2.63
2023-09-05,600508,14.43,14.47,14.55,14.25,73127,105622480.0,2.08,0.28,0.04,1.01,-1.82,0.63,-0.21,-3.37,-0.84,-2.95,-2.88,-3.72,-1.26,2.81,14.03,13.91,14.01,14.13,0.62,0.83,-0.14,0.76,0.41,0.69,2.28,2.97,2.35,2.42
2023-09-06,600508,14.44,14.45,14.56,14.34,46438,67067226.0,1.52,-0.14,-0.02,0.64,0.0,-0.84,-3.97,-1.46,-3.56,-3.49,-4.32,-1.88,2.16,1.46,14.19,13.94,14.02,14.13,0.97,0.0,0.9,0.55,0.83,2.42,3.11,2.49,2.56,2.15
2023-09-07,600508,14.42,14.39,14.59,14.35,59291,85768026.0,1.66,-0.42,-0.06,0.82,-0.91,-4.04,-1.53,-3.62,-3.55,-4.39,-1.95,2.09,1.39,1.46,14.35,13.98,14.02,14.13,0.42,1.32,0.97,1.25,2.85,3.54,2.92,2.99,2.57,1.88
2023-09-08,600508,14.3,14.27,14.45,14.2,48649,69514247.0,1.74,-0.83,-0.12,0.67,-3.03,-0.49,-2.61,-2.54,-3.38,-0.92,3.17,2.46,2.54,2.75,14.4,14.08,14.03,14.12,2.17,1.82,2.1,3.71,4.41,3.78,3.85,3.43,2.73,1.61
2023-09-11,600508,14.34,14.39,14.58,14.31,55765,80525206.0,1.89,0.84,0.12,0.77,-1.26,-3.35,-3.28,-4.12,-1.68,2.38,1.68,1.75,1.96,0.98,14.39,14.14,14.04,14.12,0.97,1.25,2.85,3.54,2.92,2.99,2.57,1.88,0.76,1.11
2023-09-12,600508,14.42,14.31,14.53,14.3,43660,62831377.0,1.6,-0.56,-0.08,0.6,-3.29,-3.22,-4.06,-1.61,2.45,1.75,1.82,2.03,1.05,1.96,14.36,14.2,14.04,14.11,1.82,3.42,4.12,3.49,3.56,3.14,2.45,1.33,1.68,0.49
2023-09-13,600508,14.3,14.41,14.57,14.3,59251,85599870.0,1.89,0.7,0.1,0.82,-3.22,-4.06,-1.61,2.45,1.75,1.82,2.03,1.05,1.96,1.61,14.35,14.27,14.06,14.11,2.71,3.4,2.78,2.85,2.43,1.73,0.62,0.97,-0.21,-0.9
2023-09-14,600508,14.46,14.71,14.8,14.35,140619,206082586.0,3.12,2.08,0.3,1.95,-4.39,-1.95,2.09,1.39,1.46,1.67,0.7,1.6,1.25,1.53,14.42,14.38,14.09,14.12,1.29,0.68,0.75,0.34,-0.34,-1.43,-1.09,-2.24,-2.92,-1.84
2023-09-15,600508,14.75,14.68,14.9,14.62,105193,154732944.0,1.9,-0.2,-0.03,1.46,-3.76,0.21,-0.48,-0.41,-0.21,-1.16,-0.27,-0.62,-0.34,1.23,14.5,14.45,14.13,14.13,0.89,0.95,0.54,-0.14,-1.23,-0.89,-2.04,-2.72,-1.63,-1.36
2023-09-18,600508,14.71,14.66,14.81,14.51,72284,105770187.0,2.04,-0.14,-0.02,1.0,0.96,0.28,0.34,0.55,-0.41,0.48,0.14,0.41,2.0,2.69,14.55,14.47,14.17,14.15,1.09,0.68,0.0,-1.09,-0.75,-1.91,-2.59,-1.5,-1.23,-1.57
2023-09-19,600508,14.7,14.66,14.82,14.61,91092,134070784.0,1.43,0.0,0.0,1.26,-0.41,-0.34,-0.14,-1.1,-0.21,-0.55,-0.27,1.3,1.98,1.37,14.62,14.49,14.2,14.17,0.68,0.0,-1.09,-0.75,-1.91,-2.59,-1.5,-1.23,-1.57,-3.34
2023-09-20,600508,14.65,14.63,14.76,14.57,61843,90661691.0,1.3,-0.2,-0.03,0.86,-0.07,0.14,-0.82,0.07,-0.27,0.0,1.58,2.26,1.65,1.72,14.67,14.51,14.22,14.18,0.21,-0.89,-0.55,-1.71,-2.39,-1.3,-1.03,-1.37,-3.14,-4.03
2023-09-21,600508,14.58,14.49,14.66,14.47,50997,74159878.0,1.3,-0.96,-0.14,0.71,0.83,-0.14,0.76,0.41,0.69,2.28,2.97,2.35,2.42,2.0,14.62,14.52,14.25,14.19,0.07,0.41,-0.76,-1.45,-0.35,-0.07,-0.41,-2.21,-3.11,-3.04
2023-09-22,600508,14.42,14.35,14.5,14.25,70799,101488343.0,1.73,-0.97,-0.14,0.98,1.4,2.32,1.96,2.25,3.86,4.56,3.93,4.0,3.58,2.88,14.56,14.53,14.3,14.19,1.39,0.21,-0.49,0.63,0.91,0.56,-1.25,-2.16,-2.09,-0.91
2023-09-25,600508,14.35,14.39,14.55,14.24,70415,101733422.0,2.16,0.28,0.04,0.97,2.39,2.04,2.32,3.93,4.63,4.0,4.07,3.65,2.95,1.83,14.5,14.53,14.34,14.2,-0.07,-0.76,0.35,0.63,0.28,-1.53,-2.43,-2.36,-1.18,-1.11
2023-09-26,600508,14.38,14.26,14.38,14.24,41701,59582997.0,0.97,-0.9,-0.13,0.58,2.04,2.32,3.93,4.63,4.0,4.07,3.65,2.95,1.83,2.18,14.42,14.52,14.36,14.2,0.14,1.26,1.54,1.19,-0.63,-1.54,-1.47,-0.28,-0.21,0.49
2023-09-27,600508,14.26,14.13,14.28,14.12,41395,58780253.0,1.12,-0.91,-0.13,0.57,3.19,4.82,5.52,4.89,4.96,4.53,3.82,2.69,3.05,1.84,14.32,14.5,14.38,14.2,2.19,2.48,2.12,0.28,-0.64,-0.57,0.64,0.71,1.42,-0.07
2023-09-28,600508,14.26,14.4,14.44,14.18,66945,96036448.0,1.84,1.91,0.27,0.93,4.37,5.08,4.44,4.51,4.09,3.39,2.26,2.61,1.41,0.71,14.31,14.47,14.42,14.22,0.56,0.21,-1.6,-2.5,-2.43,-1.25,-1.18,-0.49,-1.94,-2.43
2023-10-09,600508,14.29,14.43,14.48,14.18,53586,76708890.0,2.08,0.21,0.03,0.74,5.08,4.44,4.51,4.09,3.39,2.26,2.61,1.41,0.71,1.83,14.32,14.44,14.45,14.23,0.0,-1.8,-2.7,-2.63,-1.46,-1.39,-0.69,-2.15,-2.63,-3.81
2023-10-10,600508,14.32,14.12,14.43,14.1,56171,79986252.0,2.29,-2.15,-0.31,0.78,5.04,5.11,4.68,3.97,2.84,3.19,1.99,1.28,2.41,2.7,14.27,14.39,14.43,14.24,0.35,-0.57,-0.5,0.71,0.78,1.49,0.0,-0.5,-1.7,-1.91
2023-10-11,600508,14.15,13.92,14.17,13.91,48986,68569800.0,1.84,-1.42,-0.2,0.68,6.54,6.11,5.39,4.24,4.6,3.38,2.66,3.81,4.1,3.74,14.2,14.31,14.4,14.24,0.86,0.93,2.16,2.23,2.95,1.44,0.93,-0.29,-0.5,2.16
2023-10-12,600508,13.94,14.02,14.04,13.94,37445,52377804.0,0.72,0.72,0.1,0.52,5.88,5.16,4.02,4.38,3.16,2.44,3.59,3.87,3.52,1.65,14.18,14.25,14.38,14.23,0.21,1.43,1.5,2.21,0.71,0.21,-1.0,-1.21,1.43,-2.35
2023-10-13,600508,13.93,13.96,14.05,13.89,30553,42686245.0,1.14,-0.43,-0.06,0.42,5.54,4.39,4.75,3.53,2.81,3.96,4.25,3.89,2.02,1.08,14.09,14.2,14.36,14.23,1.86,1.93,2.65,1.15,0.64,-0.57,-0.79,1.86,-1.93,-3.8
2023-10-16,600508,13.96,14.17,14.22,13.96,51712,73070965.0,1.86,1.5,0.21,0.72,3.87,4.23,3.01,2.29,3.44,3.72,3.37,1.5,0.57,0.64,14.04,14.18,14.35,14.26,0.42,1.13,-0.35,-0.85,-2.05,-2.26,0.35,-3.39,-5.22,-4.87
2023-10-17,600508,14.16,14.22,14.23,14.08,34033,48186878.0,1.06,0.35,0.05,0.47,3.34,2.13,1.42,2.56,2.84,2.49,0.64,-0.28,-0.21,0.99,14.06,14.16,14.35,14.28,0.77,-0.7,-1.2,-2.39,-2.6,0.0,-3.73,-5.56,-5.2,-5.49
2023-10-18,600508,14.21,14.11,14.33,14.08,41269,58587025.0,1.76,-0.77,-0.11,0.57,2.13,1.42,2.56,2.84,2.49,0.64,-0.28,-0.21,0.99,1.07,14.1,14.15,14.34,14.29,0.07,-0.43,-1.63,-1.84,0.78,-2.98,-4.82,-4.46,-4.75,-4.54
2023-10-19,600508,14.0,13.94,14.12,13.8,38571,53841052.0,2.27,-1.2,-0.17,0.53,3.48,4.64,4.93,4.57,2.68,1.74,1.81,3.04,3.12,3.84,14.08,14.13,14.31,14.3,0.79,-0.43,-0.65,2.01,-1.79,-3.66,-3.3,-3.59,-3.37,-4.02
2023-10-20,600508,13.96,13.92,14.05,13.87,29112,40639379.0,1.29,-0.14,-0.02,0.4,4.11,4.4,4.04,2.16,1.23,1.3,2.52,2.6,3.32,1.8,14.07,14.08,14.27,14.31,-0.29,-0.5,2.16,-1.65,-3.52,-3.16,-3.45,-3.23,-3.88,-3.45
2023-10-23,600508,13.86,13.57,13.88,13.52,32436,44358802.0,2.59,-2.51,-0.35,0.45,7.1,6.73,4.81,3.85,3.92,5.18,5.25,5.99,4.44,3.92,13.95,14.0,14.22,14.3,2.06,4.79,0.88,-1.03,-0.66,-0.96,-0.74,-1.4,-0.96,-1.18
2023-10-24,600508,13.68,13.78,13.85,13.6,39070,53520115.0,1.84,1.55,0.21,0.54,6.1,4.19,3.24,3.31,4.56,4.63,5.37,3.82,3.31,2.06,13.86,13.96,14.17,14.27,3.19,-0.65,-2.54,-2.18,-2.47,-2.25,-2.9,-2.47,-2.69,-3.34
2023-10-25,600508,13.91,13.94,14.22,13.9,45442,63843165.0,2.32,1.16,0.16,0.63,1.94,1.01,1.08,2.3,2.37,3.09,1.58,1.08,-0.14,-0.36,13.83,13.96,14.14,14.26,-1.79,-3.66,-3.3,-3.59,-3.37,-4.02,-3.59,-3.8,-4.45,-4.45
2023-10-26,600508,13.69,13.4,13.69,13.16,145172,193570074.0,3.8,-3.87,-0.54,2.01,6.69,6.76,8.05,8.13,8.89,7.29,6.76,5.47,5.24,8.05,13.72,13.9,14.08,14.22,0.22,0.6,0.3,0.52,-0.15,0.3,0.07,-0.6,-0.6,1.57
2023-10-27,600508,13.22,13.37,13.43,13.22,69466,92816703.0,1.57,-0.22,-0.03,0.96,6.28,7.56,7.64,8.4,6.81,6.28,4.99,4.77,7.56,3.56,13.61,13.84,14.02,14.19,0.82,0.52,0.75,0.07,0.52,0.3,-0.37,-0.37,1.8,1.65
2023-10-30,600508,13.37,13.35,13.48,13.32,54698,73179939.0,1.2,-0.15,-0.02,0.76,6.76,6.83,7.58,6.01,5.48,4.2,3.98,6.76,2.78,0.83,13.57,13.76,13.97,14.16,0.67,0.9,0.22,0.67,0.45,-0.22,-0.22,1.95,1.8,2.17
2023-10-31,600508,13.33,13.4,13.44,13.28,50477,67461982.0,1.2,0.37,0.05,0.7,7.15,7.91,6.33,5.8,4.52,4.29,7.08,3.09,1.13,1.51,13.49,13.68,13.92,14.12,0.52,-0.15,0.3,0.07,-0.6,-0.6,1.57,1.42,1.79,1.34
2023-11-01,600508,13.4,13.34,13.47,13.3,35357,47183360.0,1.27,-0.45,-0.06,0.49,7.74,6.17,5.64,4.36,4.14,6.92,2.93,0.98,1.35,1.05,13.37,13.6,13.87,14.09,0.3,0.75,0.52,-0.15,-0.15,2.02,1.87,2.25,1.8,1.72
2023-11-02,600508,13.34,13.27,13.38,13.27,32752,43576108.0,0.82,-0.52,-0.07,0.45,6.41,5.88,4.6,4.37,7.16,3.17,1.21,1.58,1.28,1.51,13.35,13.53,13.83,14.05,1.28,1.06,0.38,0.38,2.56,2.41,2.79,2.34,2.26,1.96
2023-11-03,600508,13.35,13.34,13.44,13.3,43965,58786211.0,1.06,0.53,0.07,0.61,5.64,4.36,4.14,6.92,2.93,0.98,1.35,1.05,1.28,0.6,13.34,13.48,13.78,14.01,0.52,-0.15,-0.15,2.02,1.87,2.25,1.8,1.72,1.42,1.27
2023-11-06,600508,13.39,13.32,13.41,13.22,69492,92285609.0,1.42,-0.15,-0.02,0.96,4.99,4.77,7.56,3.56,1.59,1.97,1.66,1.89,1.21,1.66,13.33,13.45,13.72,13.96,0.0,0.0,2.18,2.03,2.4,1.95,1.88,1.58,1.43,1.13
2023-11-07,600508,13.32,13.31,13.32,13.22,49299,65387315.0,0.75,-0.08,-0.01,0.68,4.77,7.56,3.56,1.59,1.97,1.66,1.89,1.21,1.66,1.44,13.32,13.4,13.68,13.92,0.08,2.25,2.1,2.48,2.03,1.95,1.65,1.5,1.2,2.33
2023-11-08,600508,13.31,13.22,13.32,13.16,47643,62923786.0,1.2,-0.68,-0.09,0.66,8.05,4.03,2.05,2.43,2.13,2.36,1.67,2.13,1.9,1.22,13.29,13.33,13.65,13.87,2.95,2.8,3.18,2.72,2.65,2.34,2.19,1.89,3.03,2.34
2023-11-09,600508,13.22,13.57,13.61,13.2,134908,181709219.0,3.1,2.65,0.35,1.87,3.71,1.74,2.12,1.82,2.05,1.36,1.82,1.59,0.91,0.91,13.35,13.35,13.62,13.83,0.15,0.52,0.07,0.0,-0.29,-0.44,-0.74,0.37,-0.29,-0.29
2023-11-10,600508,13.54,13.57,13.59,13.31,80667,108367903.0,2.06,0.0,0.0,1.12,0.9,1.28,0.98,1.2,0.53,0.98,0.75,0.08,0.08,2.25,13.4,13.37,13.61,13.8,0.52,0.07,0.0,-0.29,-0.44,-0.74,0.37,-0.29,-0.29,0.81
2023-11-13,600508,13.58,13.57,13.64,13.43,61129,82709518.0,1.55,0.0,0.0,0.85,0.37,0.07,0.3,-0.37,0.07,-0.15,-0.82,-0.82,1.34,1.19,13.45,13.39,13.58,13.78,0.07,0.0,-0.29,-0.44,-0.74,0.37,-0.29,-0.29,0.81,2.43
2023-11-14,600508,13.52,13.43,13.58,13.38,49479,66480705.0,1.47,-1.03,-0.14,0.68,0.45,0.67,0.0,0.45,0.22,-0.45,-0.45,1.72,1.57,1.94,13.47,13.39,13.54,13.74,1.04,0.74,0.6,0.3,1.41,0.74,0.74,1.86,3.5,3.65
2023-11-15,600508,13.5,13.54,13.57,13.42,55211,74539342.0,1.12,0.82,0.11,0.76,0.37,-0.3,0.15,-0.07,-0.75,-0.75,1.42,1.27,1.64,1.19,13.54,13.41,13.51,13.72,-0.07,-0.22,-0.52,0.59,-0.07,-0.07,1.03,2.66,2.81,3.25
2023-11-16,600508,13.49,13.49,13.53,13.41,43337,58368584.0,0.89,-0.37,-0.05,0.6,-0.22,0.22,0.0,-0.67,-0.67,1.49,1.34,1.72,1.27,1.19,13.52,13.44,13.48,13.7,0.15,-0.15,0.96,0.3,0.3,1.41,3.04,3.19,3.63,2.89
2023-11-17,600508,13.45,13.44,13.51,13.39,29900,40163265.0,0.89,-0.37,-0.05,0.41,0.37,0.15,-0.52,-0.52,1.64,1.49,1.87,1.42,1.34,1.05,13.49,13.45,13.46,13.67,0.22,1.34,0.67,0.67,1.79,3.42,3.57,4.02,3.27,4.39
2023-11-20,600508,13.41,13.46,13.47,13.38,29638,39802553.0,0.67,0.15,0.02,0.41,0.22,-0.45,-0.45,1.72,1.57,1.94,1.49,1.42,1.12,0.97,13.47,13.46,13.46,13.64,1.19,0.52,0.52,1.63,3.27,3.42,3.86,3.12,4.23,5.27
2023-11-21,600508,13.46,13.48,13.62,13.46,52730,71356612.0,1.19,0.15,0.02,0.73,-1.04,-1.04,1.11,0.97,1.34,0.89,0.82,0.52,0.37,0.07,13.48,13.48,13.44,13.61,0.37,0.37,1.48,3.12,3.26,3.71,2.97,4.08,5.12,4.82
2023-11-22,600508,13.48,13.4,13.53,13.4,26916,36231965.0,0.96,-0.59,-0.08,0.37,-0.6,1.57,1.42,1.79,1.34,1.27,0.97,0.82,0.52,1.64,13.45,13.5,13.41,13.6,0.97,2.09,3.73,3.88,4.33,3.58,4.7,5.75,5.45,3.66
2023-11-23,600508,13.4,13.53,13.53,13.38,32795,44171604.0,1.12,0.97,0.13,0.45,1.72,1.57,1.94,1.49,1.42,1.12,0.97,0.67,1.79,1.12,13.46,13.49,13.42,13.58,1.11,2.73,2.88,3.33,2.59,3.7,4.73,4.43,2.66,2.29
2023-11-24,600508,13.52,13.63,13.68,13.52,70982,96628722.0,1.18,0.74,0.1,0.98,0.52,0.89,0.44,0.37,0.07,-0.07,-0.37,0.74,0.07,0.07,13.5,13.5,13.43,13.57,1.98,2.13,2.57,1.83,2.93,3.96,3.67,1.91,1.54,1.83
2023-11-27,600508,13.67,13.89,13.9,13.67,93626,129406282.0,1.69,1.91,0.26,1.3,-0.22,-0.66,-0.73,-1.02,-1.17,-1.46,-0.37,-1.02,-1.02,0.07,13.59,13.53,13.46,13.56,0.22,0.65,-0.07,1.01,2.02,1.73,0.0,-0.36,-0.07,2.02
2023-11-28,600508,13.89,13.78,13.92,13.65,64958,89308944.0,1.94,-0.79,-0.11,0.9,-0.51,-0.59,-0.88,-1.03,-1.32,-0.22,-0.88,-0.88,0.22,1.83,13.65,13.56,13.48,13.55,1.45,0.73,1.81,2.83,2.54,0.8,0.44,0.73,2.83,2.54
2023-11-29,600508,13.69,13.88,13.98,13.69,65802,91365595.0,2.1,0.73,0.1,0.91,-0.88,-1.17,-1.31,-1.61,-0.51,-1.17,-1.17,-0.07,1.53,1.68,13.74,13.6,13.51,13.54,0.0,1.08,2.09,1.8,0.07,-0.29,0.0,2.09,1.8,1.73
2023-11-30,600508,13.8,13.82,13.88,13.77,44001,60798478.0,0.79,-0.43,-0.06,0.61,-1.74,-1.89,-2.18,-1.09,-1.74,-1.74,-0.65,0.94,1.09,1.53,13.8,13.63,13.53,13.53,1.52,2.53,2.24,0.51,0.14,0.43,2.53,2.24,2.17,2.46
2023-12-01,600508,13.84,13.96,14.03,13.84,60755,84794467.0,1.37,1.01,0.14,0.84,-2.38,-2.67,-1.59,-2.24,-2.24,-1.16,0.43,0.58,1.01,0.29,13.87,13.68,13.56,13.53,1.5,1.22,-0.5,-0.86,-0.57,1.5,1.22,1.15,1.43,1.43
2023-12-04,600508,13.96,14.14,14.17,13.94,76574,107596453.0,1.65,1.29,0.18,1.06,-3.37,-2.3,-2.94,-2.94,-1.87,-0.29,-0.14,0.29,-0.43,0.65,13.92,13.75,13.61,13.55,-0.07,-1.77,-2.12,-1.84,0.21,-0.07,-0.14,0.14,0.14,-1.06
2023-12-05,600508,14.04,13.86,14.13,13.82,56490,79051975.0,2.19,-1.98,-0.28,0.78,-1.45,-2.1,-2.1,-1.01,0.58,0.72,1.16,0.43,1.52,2.53,13.93,13.79,13.63,13.56,0.22,-0.14,0.14,2.24,1.95,1.88,2.16,2.16,0.94,0.22
2023-12-06,600508,13.8,13.82,13.89,13.71,46809,64544966.0,1.3,-0.29,-0.04,0.65,-1.31,-1.31,-0.22,1.39,1.53,1.97,1.24,2.33,3.36,3.06,13.92,13.83,13.66,13.55,0.14,0.43,2.53,2.24,2.17,2.46,2.46,1.23,0.51,1.59
2023-12-07,600508,13.83,13.79,13.84,13.73,31070,42870973.0,0.8,-0.22,-0.03,0.43,-1.46,-0.36,1.24,1.38,1.82,1.09,2.18,3.2,2.91,1.17,13.91,13.86,13.67,13.57,0.65,2.76,2.47,2.39,2.68,2.68,1.45,0.73,1.81,0.0
2023-12-08,600508,13.73,13.69,13.88,13.61,46000,63346465.0,1.96,-0.73,-0.1,0.64,0.51,2.13,2.28,2.72,1.98,3.09,4.11,3.82,2.06,1.69,13.86,13.86,13.68,13.58,3.51,3.21,3.14,3.43,3.43,2.19,1.46,2.56,0.73,2.05
2023-12-11,600508,13.66,14.13,14.17,13.49,85129,118361476.0,4.97,3.21,0.44,1.18,3.04,3.19,3.63,2.89,4.0,5.04,4.74,2.97,2.59,2.89,13.86,13.89,13.71,13.6,0.0,-0.07,0.21,0.21,-0.99,-1.7,-0.64,-2.41,-1.13,-2.05
2023-12-12,600508,14.12,14.1,14.13,13.98,35630,50074706.0,1.06,-0.21,-0.03,0.49,-0.43,0.0,-0.72,0.36,1.36,1.07,-0.64,-1.0,-0.72,1.36,13.91,13.92,13.74,13.63,0.14,0.43,0.43,-0.78,-1.49,-0.43,-2.2,-0.92,-1.84,0.64
2023-12-13,600508,14.06,13.93,14.12,13.93,32142,45072777.0,1.35,-1.21,-0.17,0.44,0.36,-0.36,0.72,1.72,1.44,-0.29,-0.65,-0.36,1.72,1.44,13.93,13.92,13.76,13.65,1.65,1.65,0.43,-0.29,0.79,-1.01,0.29,-0.65,1.87,0.93
2023-12-14,600508,13.95,14.12,14.16,13.86,53818,75671974.0,2.15,1.36,0.19,0.74,0.14,1.23,2.24,1.95,0.22,-0.14,0.14,2.24,1.95,1.88,13.99,13.95,13.79,13.67,0.28,-0.92,-1.63,-0.57,-2.34,-1.06,-1.98,0.5,-0.42,-0.71
2023-12-15,600508,14.12,13.99,14.16,13.95,48840,68670258.0,1.49,-0.92,-0.13,0.68,0.57,1.58,1.29,-0.43,-0.79,-0.5,1.58,1.29,1.22,1.51,14.05,13.96,13.82,13.7,0.0,-0.71,0.36,-1.43,-0.14,-1.07,1.43,0.5,0.21,-0.64
2023-12-18,600508,13.99,13.87,13.99,13.82,41433,57547882.0,1.22,-0.86,-0.12,0.57,2.53,2.24,0.51,0.14,0.43,2.53,2.24,2.17,2.46,2.46,14.0,13.93,13.84,13.71,0.14,1.23,-0.58,0.72,-0.22,2.31,1.37,1.08,0.22,4.4
2023-12-19,600508,13.81,13.7,13.89,13.62,42930,58851367.0,1.95,-1.23,-0.17,0.59,3.74,1.98,1.62,1.91,4.04,3.74,3.67,3.96,3.96,2.72,13.92,13.91,13.85,13.73,2.48,0.66,1.97,1.02,3.58,2.63,2.34,1.46,5.69,7.52
2023-12-20,600508,13.76,13.78,14.04,13.73,46854,65089115.0,2.26,0.58,0.08,0.65,1.17,0.8,1.09,3.2,2.91,2.84,3.13,3.13,1.89,1.17,13.89,13.91,13.87,13.75,0.07,1.38,0.44,2.98,2.03,1.74,0.87,5.08,6.89,9.29
2023-12-21,600508,13.66,13.71,13.79,13.53,40833,55819895.0,1.89,-0.51,-0.07,0.56,2.29,2.59,4.73,4.43,4.36,4.66,4.66,3.4,2.66,3.77,13.81,13.9,13.88,13.75,1.9,0.95,3.5,2.55,2.26,1.39,5.62,7.44,9.85,9.12
2023-12-22,600508,13.75,13.79,13.97,13.7,47749,66151406.0,1.97,0.58,0.08,0.66,1.31,3.43,3.14,3.07,3.36,3.36,2.12,1.39,2.48,0.66,13.77,13.91,13.89,13.76,0.36,2.9,1.96,1.67,0.8,5.0,6.82,9.21,8.48,7.25
2023-12-25,600508,13.77,13.83,13.84,13.6,42459,58180878.0,1.74,0.29,0.04,0.59,4.19,3.9,3.82,4.12,4.12,2.87,2.13,3.24,1.4,2.72,13.76,13.88,13.88,13.77,2.6,1.66,1.37,0.51,4.7,6.51,8.89,8.17,6.94,7.23
2023-12-26,600508,13.82,13.86,14.19,13.82,105651,148200319.0,2.68,0.22,0.03,1.46,2.24,2.17,2.46,2.46,1.23,0.51,1.59,-0.22,1.09,0.14,13.79,13.86,13.89,13.78,1.44,1.15,0.29,4.47,6.28,8.66,7.94,6.71,7.0,6.35
2023-12-27,600508,13.76,14.04,14.06,13.75,57416,80090310.0,2.24,1.3,0.18,0.79,2.69,2.98,2.98,1.75,1.02,2.11,0.29,1.6,0.65,3.2,13.85,13.87,13.9,13.8,-0.14,-1.0,3.13,4.91,7.26,6.55,5.34,5.63,4.99,2.49
2023-12-28,600508,13.99,13.88,14.02,13.81,83399,115808748.0,1.5,-1.14,-0.16,1.15,2.53,2.53,1.3,0.58,1.67,-0.14,1.16,0.22,2.75,1.81,13.88,13.85,13.9,13.81,0.14,4.32,6.12,8.5,7.78,6.56,6.84,6.2,3.67,4.11
2023-12-29,600508,13.87,13.86,13.9,13.81,48551,67300452.0,0.65,-0.14,-0.02,0.67,2.53,1.3,0.58,1.67,-0.14,1.16,0.22,2.75,1.81,1.52,13.89,13.83,13.89,13.82,4.47,6.28,8.66,7.94,6.71,7.0,6.35,3.82,4.26,3.61
2024-01-02,600508,13.88,14.35,14.48,13.83,142039,201844395.0,4.69,3.54,0.49,1.97,1.16,0.43,1.52,-0.29,1.01,0.07,2.6,1.66,1.37,0.51,14.0,13.88,13.9,13.85,2.65,4.95,4.25,3.07,3.34,2.72,0.28,0.7,0.07,-0.21
2024-01-03,600508,14.26,14.63,14.73,14.25,136865,199559933.0,3.34,1.95,0.28,1.89,-2.53,-1.47,-3.23,-1.96,-2.88,-0.42,-1.33,-1.61,-2.46,1.61,14.15,13.97,13.94,13.89,2.94,2.26,1.09,1.37,0.75,-1.64,-1.23,-1.85,-2.12,-1.91
2024-01-04,600508,14.67,14.81,15.06,14.63,127886,189248024.0,2.94,1.23,0.18,1.77,-4.03,-5.74,-4.51,-5.4,-3.01,-3.9,-4.17,-4.99,-1.03,0.68,14.31,14.08,13.99,13.94,1.01,-0.14,0.14,-0.47,-2.84,-2.43,-3.04,-3.31,-3.11,-5.87
2024-01-05,600508,14.85,14.67,14.96,14.59,90008,133100915.0,2.5,-0.95,-0.14,1.25,-5.48,-4.25,-5.14,-2.74,-3.63,-3.91,-4.73,-0.75,0.96,3.22,14.46,14.17,14.04,13.98,0.82,1.09,0.48,-1.91,-1.5,-2.11,-2.39,-2.18,-4.98,-6.88
2024-01-08,600508,14.63,14.47,14.79,14.42,65783,95528593.0,2.52,-1.36,-0.2,0.91,-3.12,-4.02,-1.6,-2.5,-2.77,-3.61,0.42,2.15,4.44,3.74,14.59,14.24,14.08,14.0,2.49,1.87,-0.55,-0.14,-0.76,-1.04,-0.83,-3.66,-5.6,-7.81
2024-01-09,600508,14.41,14.7,14.83,14.36,67519,98667786.0,3.25,1.59,0.23,0.93,-3.62,-1.18,-2.09,-2.37,-3.2,0.84,2.58,4.87,4.18,2.99,14.66,14.33,14.1,14.03,0.27,-2.11,-1.7,-2.31,-2.59,-2.38,-5.17,-7.07,-9.25,-11.43
2024-01-10,600508,14.62,14.43,14.74,14.43,61273,89012678.0,2.11,-1.84,-0.27,0.85,-1.66,-2.56,-2.84,-3.67,0.35,2.08,4.37,3.67,2.49,2.77,14.62,14.38,14.12,14.05,-0.28,0.14,-0.49,-0.76,-0.55,-3.4,-5.34,-7.55,-9.77,-7.07
2024-01-11,600508,14.39,14.27,14.39,14.19,69797,99619109.0,1.39,-1.11,-0.16,0.97,-0.92,-1.2,-2.04,2.04,3.81,6.13,5.43,4.23,4.51,3.88,14.51,14.41,14.14,14.07,1.26,0.63,0.35,0.56,-2.31,-4.27,-6.52,-8.76,-6.03,3.29
2024-01-12,600508,14.24,14.3,14.45,14.2,43618,62538531.0,1.75,0.21,0.03,0.6,-1.27,-2.11,1.97,3.73,6.06,5.35,4.15,4.44,3.8,1.34,14.43,14.45,14.15,14.08,0.42,0.14,0.35,-2.52,-4.48,-6.71,-8.95,-6.22,3.08,13.36
2024-01-15,600508,14.22,14.33,14.36,14.18,37451,53485106.0,1.26,0.21,0.03,0.52,-1.97,2.12,3.88,6.21,5.5,4.3,4.58,3.95,1.48,1.9,14.41,14.5,14.16,14.09,-0.07,0.14,-2.72,-4.68,-6.91,-9.14,-6.42,2.86,13.12,10.75
2024-01-16,600508,14.29,14.22,14.32,14.02,46868,66418939.0,2.09,-0.77,-0.11,0.65,3.28,5.06,7.42,6.7,5.49,5.78,5.14,2.64,3.07,2.43,14.31,14.48,14.18,14.1,0.91,-1.97,-3.94,-6.19,-8.44,-5.7,3.66,13.99,11.6,9.0
2024-01-17,600508,14.22,14.0,14.35,14.0,37956,53838313.0,2.46,-1.55,-0.22,0.53,5.21,7.57,6.86,5.64,5.93,5.29,2.79,3.21,2.57,2.29,14.22,14.42,14.2,14.1,-0.43,-2.43,-4.71,-7.0,-4.21,5.29,15.79,13.36,10.71,12.5
2024-01-18,600508,13.9,13.61,13.94,13.25,105143,142174002.0,4.93,-2.79,-0.39,1.45,13.66,12.91,11.62,11.92,11.25,8.6,9.06,8.38,8.08,8.3,14.09,14.3,14.19,14.1,0.37,-1.98,-4.34,-1.47,8.3,19.1,16.61,13.89,15.72,12.86
2024-01-19,600508,13.65,13.42,13.66,13.35,47668,64177454.0,2.28,-1.4,-0.19,0.66,12.06,10.79,11.09,10.41,7.79,8.24,7.57,7.27,7.49,4.42,13.92,14.18,14.17,14.08,-0.6,-2.98,-0.07,9.84,20.79,18.26,15.5,17.36,14.46,12.15
2024-01-22,600508,13.3,12.79,13.34,12.72,89036,116461666.0,4.62,-4.69,-0.63,1.23,16.27,16.59,15.88,13.13,13.6,12.89,12.58,12.81,9.59,7.39,13.61,14.01,14.12,14.05,1.8,4.85,15.25,26.74,24.08,21.19,23.14,20.09,17.67,14.93
2024-01-23,600508,12.77,13.01,13.02,12.58,60673,77728414.0,3.44,1.72,0.22,0.84,17.89,17.17,14.39,14.86,14.15,13.83,14.07,10.81,8.59,6.04,13.37,13.84,14.08,14.02,3.07,13.3,24.6,21.98,19.14,21.06,18.06,15.68,12.99,15.22
2024-01-24,600508,13.02,13.4,13.41,12.92,88883,117227079.0,3.77,3.0,0.39,1.23,14.09,11.38,11.84,11.15,10.84,11.07,7.89,5.73,3.25,0.77,13.25,13.74,14.06,13.99,10.0,20.97,18.43,15.67,17.54,14.63,12.31,9.7,11.87,12.61
2024-01-25,600508,13.45,14.74,14.74,13.4,317063,461706765.0,10.0,10.0,1.34,4.39,7.39,7.84,7.16,6.87,7.09,4.03,1.94,-0.45,-2.84,0.07,13.47,13.78,14.09,14.02,9.97,7.67,5.16,6.85,4.21,2.1,-0.27,1.7,2.37,4.34
2024-01-26,600508,15.3,15.78,16.21,15.3,561275,885706657.0,6.17,7.06,1.04,7.77,-5.56,-6.14,-6.41,-6.21,-8.89,-10.72,-12.81,-14.9,-12.35,-3.66,13.94,13.93,14.19,14.07,0.57,-1.77,-0.19,-2.66,-4.63,-6.84,-5.01,-4.37,-2.53,-2.41
2024-01-29,600508,15.42,15.16,15.87,15.08,330030,511251891.0,5.01,-3.93,-0.62,4.57,-4.77,-5.04,-4.84,-7.56,-9.42,-11.54,-13.66,-11.07,-2.25,7.49,14.42,14.01,14.25,14.11,2.24,3.89,1.32,-0.73,-3.03,-1.12,-0.46,1.45,1.58,2.24
2024-01-30,600508,15.27,15.14,15.5,14.96,231988,354419236.0,3.56,-0.13,-0.02,3.21,-4.28,-4.08,-6.82,-8.69,-10.83,-12.97,-10.36,-1.47,8.36,6.08,14.84,14.11,14.29,14.16,4.03,1.45,-0.59,-2.91,-0.99,-0.33,1.59,1.72,2.38,3.76
2024-01-31,600508,14.97,15.19,15.75,14.92,249810,382994336.0,5.48,0.33,0.05,3.46,-3.82,-6.57,-8.45,-10.59,-12.73,-10.12,-1.21,8.65,6.37,3.89,15.2,14.22,14.32,14.21,1.12,-0.92,-3.23,-1.32,-0.66,1.25,1.38,2.04,3.42,7.9
2024-02-01,600508,15.15,14.92,15.36,14.86,141122,212602709.0,3.29,-1.78,-0.27,1.95,-6.19,-8.08,-10.23,-12.38,-9.76,-0.81,9.08,6.8,4.31,5.99,15.24,14.36,14.33,14.24,0.87,-1.47,0.47,1.14,3.08,3.22,3.89,5.29,9.85,10.19
2024-02-02,600508,14.9,14.62,15.05,14.3,172947,254650867.0,5.03,-2.01,-0.3,2.39,-4.48,-6.71,-8.95,-6.22,3.08,13.36,10.98,8.39,10.14,7.41,15.01,14.48,14.32,14.27,0.55,2.53,3.21,5.2,5.34,6.02,7.46,12.11,12.45,11.35
2024-02-05,600508,14.5,14.35,14.7,13.85,173068,247974914.0,5.81,-1.85,-0.27,2.39,-3.68,-5.99,-3.18,6.43,17.04,14.58,11.91,13.72,10.9,8.66,14.84,14.63,14.32,14.29,4.46,5.16,7.18,7.32,8.01,9.48,14.22,14.56,13.45,10.1
2024-02-06,600508,14.2,14.65,14.99,14.06,188552,273321133.0,6.48,2.09,0.3,2.61,-7.4,-4.62,4.84,15.29,12.87,10.24,12.02,9.25,7.04,4.55,14.75,14.8,14.32,14.32,3.0,4.98,5.12,5.8,7.24,11.88,12.22,11.13,7.85,7.65
2024-02-07,600508,14.63,15.06,15.09,14.49,182479,271799729.0,4.1,2.8,0.41,2.52,-7.45,1.73,11.87,9.52,6.97,8.7,6.0,3.86,1.45,3.45,14.72,14.96,14.35,14.36,2.12,2.26,2.92,4.32,8.83,9.16,8.1,4.91,4.71,3.39
2024-02-08,600508,15.15,14.92,15.38,14.88,142132,213804880.0,3.32,-0.93,-0.14,1.97,-0.94,8.94,6.65,4.17,5.85,3.23,1.14,-1.21,0.74,1.41,14.72,14.98,14.38,14.39,3.22,3.89,5.29,9.85,10.19,9.12,5.9,5.7,4.36,6.23
2024-02-19,600508,14.96,15.32,15.4,14.76,209642,317623314.0,4.29,2.68,0.4,2.9,9.82,7.52,5.01,6.71,4.07,1.96,-0.41,1.56,2.24,4.2,14.86,14.93,14.43,14.44,1.17,2.55,6.98,7.31,6.27,3.13,2.94,1.63,3.46,4.05
2024-02-20,600508,15.16,15.21,15.5,14.94,155365,237010043.0,3.66,-0.72,-0.11,2.15,6.22,3.75,5.42,2.81,0.74,-1.61,0.33,1.0,2.95,3.08,15.03,14.94,14.48,14.48,3.29,7.76,8.09,7.03,3.88,3.68,2.37,4.21,4.8,4.93
2024-02-21,600508,15.11,15.31,15.71,15.05,172938,266071063.0,4.34,0.66,0.1,2.39,2.99,4.65,2.06,0.0,-2.33,-0.4,0.27,2.19,2.33,2.99,15.16,14.96,14.53,14.51,7.05,7.38,6.34,3.2,3.0,1.7,3.53,4.11,4.25,5.03
2024-02-22,600508,15.22,16.29,16.39,15.22,263818,419475585.0,7.64,6.4,0.98,3.65,3.48,0.92,-1.12,-3.42,-1.51,-0.85,1.05,1.18,1.84,3.22,15.41,15.07,14.64,14.57,0.92,-0.06,-3.01,-3.19,-4.42,-2.7,-2.15,-2.03,-1.29,-1.47
2024-02-23,600508,16.15,16.07,16.44,15.95,174839,282641361.0,3.01,-1.35,-0.22,2.42,-3.7,-5.64,-7.84,-6.02,-5.39,-3.57,-3.45,-2.82,-1.5,2.76,15.64,15.18,14.77,14.61,1.31,-1.68,-1.87,-3.11,-1.37,-0.81,-0.68,0.06,-0.12,-2.18
2024-02-26,600508,15.95,15.72,16.28,15.59,153296,243383483.0,4.29,-2.18,-0.35,2.12,-3.46,-5.71,-3.85,-3.21,-1.35,-1.22,-0.58,0.77,5.13,5.45,15.72,15.29,14.88,14.65,0.51,0.32,-0.95,0.83,1.4,1.53,2.29,2.1,0.0,-0.57
2024-02-27,600508,15.69,15.7,15.8,15.51,121157,189174749.0,1.84,-0.13,-0.02,1.68,-5.22,-3.35,-2.71,-0.84,-0.71,-0.06,1.29,5.67,6.0,4.96,15.82,15.43,15.03,14.69,0.45,-0.83,0.96,1.53,1.66,2.42,2.23,0.13,-0.45,-3.89
2024-02-28,600508,15.69,15.33,15.77,15.31,144746,224141639.0,2.93,-2.36,-0.37,2.0,-2.09,-1.44,0.46,0.59,1.24,2.61,7.05,7.38,6.34,3.2,15.82,15.49,15.14,14.71,1.57,3.39,3.98,4.11,4.89,4.7,2.54,1.96,-1.57,-2.54
2024-02-29,600508,15.26,15.57,15.57,15.22,115639,177894386.0,2.28,1.57,0.24,1.6,-0.85,1.05,1.18,1.84,3.22,7.69,8.02,6.96,3.81,3.61,15.68,15.54,15.25,14.75,1.8,2.38,2.5,3.28,3.08,0.96,0.39,-3.08,-4.05,-2.76
2024-03-01,600508,15.48,15.62,15.85,15.45,132371,207303789.0,2.57,0.32,0.05,1.83,-0.45,-0.32,0.32,1.68,6.08,6.41,5.37,2.27,2.07,0.78,15.59,15.61,15.3,14.79,2.05,2.18,2.94,2.75,0.64,0.06,-3.39,-4.35,-3.07,-3.52
2024-03-04,600508,15.6,15.94,15.94,15.49,136157,214363941.0,2.88,2.05,0.32,1.88,-0.58,0.06,1.42,5.81,6.13,5.1,2.0,1.81,0.52,2.32,15.63,15.68,15.3,14.85,0.13,0.88,0.69,-1.38,-1.94,-5.33,-6.27,-5.02,-5.46,-6.46
2024-03-05,600508,15.91,15.7,15.96,15.55,121808,191438370.0,2.57,-1.51,-0.24,1.69,-0.32,1.03,5.4,5.72,4.69,1.61,1.41,0.13,1.93,2.51,15.63,15.73,15.33,14.89,2.42,2.23,0.13,-0.45,-3.89,-4.84,-3.57,-4.01,-5.03,-3.38
2024-03-06,600508,15.7,15.77,16.08,15.6,121257,192533137.0,3.06,0.45,0.07,1.68,0.71,5.06,5.38,4.36,1.28,1.09,-0.19,1.6,2.18,2.31,15.72,15.77,15.36,14.94,1.78,-0.32,-0.89,-4.31,-5.26,-3.99,-4.44,-5.45,-3.8,-3.17
2024-03-07,600508,15.71,15.7,16.05,15.67,125488,199002474.0,2.41,-0.44,-0.07,1.74,4.59,4.91,3.89,0.83,0.64,-0.64,1.15,1.72,1.85,2.62,15.75,15.71,15.39,15.0,0.13,-0.45,-3.89,-4.84,-3.57,-4.01,-5.03,-3.38,-2.74,-8.47
2024-03-08,600508,15.63,15.62,15.72,15.34,128248,198918283.0,2.42,-0.51,-0.08,1.77,7.17,6.13,3.0,2.8,1.5,3.32,3.91,4.04,4.82,4.63,15.75,15.67,15.42,15.07,0.06,-3.39,-4.35,-3.07,-3.52,-4.55,-2.88,-2.24,-8.0,-8.77
2024-03-11,600508,15.63,15.13,15.63,14.93,176318,266980464.0,4.48,-3.14,-0.49,2.44,9.04,5.83,5.63,4.29,6.16,6.76,6.9,7.7,7.5,5.29,15.58,15.61,15.45,15.12,-0.26,-1.26,0.07,-0.4,-1.45,0.26,0.93,-5.02,-5.82,-6.74
2024-03-12,600508,15.0,14.9,15.09,14.79,105495,157449644.0,1.98,-1.52,-0.23,1.46,6.83,6.63,5.27,7.17,7.78,7.91,8.72,8.52,6.29,5.68,15.42,15.53,15.48,15.19,0.27,1.61,1.14,0.07,1.81,2.48,-3.56,-4.36,-5.3,-6.24
2024-03-13,600508,14.85,14.93,14.94,14.73,85528,127081955.0,1.41,0.2,0.03,1.18,7.06,5.7,7.6,8.21,8.35,9.16,8.96,6.72,6.11,2.44,15.26,15.49,15.49,15.26,1.41,0.94,-0.13,1.61,2.28,-3.75,-4.55,-5.49,-6.43,-6.56
2024-03-14,600508,14.88,15.0,15.14,14.83,100886,151288998.0,2.08,0.47,0.07,1.4,4.99,6.88,7.48,7.62,8.43,8.23,6.0,5.39,1.75,0.74,15.12,15.43,15.49,15.31,0.47,-0.6,1.13,1.8,-4.2,-5.0,-5.93,-6.87,-7.0,-7.6
2024-03-15,600508,15.02,14.91,15.07,14.66,123416,182808838.0,2.73,-0.6,-0.09,1.71,8.12,8.73,8.87,9.69,9.48,7.23,6.62,2.93,1.91,3.27,14.97,15.36,15.49,15.32,0.0,1.74,2.41,-3.62,-4.43,-5.37,-6.3,-6.44,-7.04,-5.5
2024-03-18,600508,14.85,14.91,14.91,14.65,105692,156309599.0,1.74,0.0,0.0,1.46,8.81,8.94,9.76,9.56,7.3,6.69,3.0,1.98,3.34,2.87,14.93,15.26,15.47,15.29,1.74,2.41,-3.62,-4.43,-5.37,-6.3,-6.44,-7.04,-5.5,-5.57
2024-03-19,600508,14.88,15.11,15.17,14.86,142090,213946677.0,2.08,1.34,0.2,1.97,7.4,8.21,8.01,5.79,5.18,1.55,0.54,1.88,1.41,0.34,14.97,15.2,15.46,15.29,1.06,-4.9,-5.69,-6.62,-7.54,-7.68,-8.27,-6.75,-6.82,-6.15
2024-03-20,600508,15.03,15.21,15.27,14.9,110896,167747626.0,2.45,0.66,0.1,1.53,7.92,7.72,5.5,4.9,1.28,0.27,1.61,1.14,0.07,1.81,15.03,15.14,15.46,15.29,-5.52,-6.31,-7.23,-8.15,-8.28,-8.88,-7.36,-7.43,-6.77,-4.73
2024-03-21,600508,14.31,14.27,14.37,13.92,259260,367101813.0,2.96,-6.18,-0.94,3.59,15.3,12.93,12.28,8.41,7.33,8.76,8.26,7.11,8.98,9.7,14.88,15.0,15.36,15.26,-0.14,-1.12,-2.1,-2.24,-2.87,-1.26,-1.33,-0.63,1.54,3.15
2024-03-22,600508,14.14,13.83,14.25,13.81,143194,200062810.0,3.08,-3.08,-0.44,1.98,13.83,13.18,9.27,8.18,9.63,9.12,7.97,9.85,10.57,4.06,14.67,14.82,15.24,15.22,2.02,1.01,0.87,0.22,1.88,1.81,2.53,4.77,6.44,4.7
2024-03-25,600508,13.78,13.88,14.11,13.63,127314,177500703.0,3.47,0.36,0.05,1.76,14.67,10.71,9.61,11.08,10.56,9.39,11.3,12.03,5.43,4.55,14.46,14.7,15.15,15.2,0.65,0.5,-0.14,1.51,1.44,2.16,4.39,6.05,4.32,5.4
2024-03-26,600508,13.95,13.82,13.97,13.6,97498,134109759.0,2.67,-0.43,-0.06,1.35,10.96,9.85,11.32,10.81,9.63,11.54,12.28,5.66,4.78,3.75,14.2,14.59,15.06,15.18,0.94,0.29,1.95,1.88,2.6,4.85,6.51,4.78,5.86,8.76
2024-03-27,600508,13.83,13.69,13.95,13.69,79185,109732478.0,1.88,-0.94,-0.13,1.1,9.13,10.59,10.08,8.91,10.81,11.54,4.97,4.09,3.07,2.05,13.9,14.46,14.98,15.15,1.24,2.92,2.85,3.58,5.84,7.52,5.77,6.87,9.79,9.72
2024-03-28,600508,13.7,13.7,13.86,13.62,70464,96704419.0,1.75,0.07,0.01,0.97,11.16,10.65,9.47,11.38,12.11,5.51,4.63,3.6,2.57,2.42,13.78,14.33,14.88,15.1,2.85,2.77,3.5,5.77,7.45,5.69,6.79,9.71,9.64,10.58
2024-03-29,600508,13.67,14.09,14.09,13.65,82497,114562921.0,3.21,2.85,0.39,1.14,10.4,9.23,11.14,11.87,5.27,4.4,3.37,2.34,2.2,1.54,13.84,14.25,14.81,15.07,-0.07,0.64,2.84,4.47,2.77,3.83,6.67,6.6,7.52,8.52
2024-04-01,600508,14.02,14.07,14.08,13.85,71523,100132418.0,1.63,-0.14,-0.02,0.99,7.65,9.53,10.25,3.75,2.89,1.88,0.87,0.72,0.07,1.73,13.87,14.17,14.71,15.03,0.78,2.99,4.62,2.91,3.98,6.82,6.75,7.68,8.67,7.53
2024-04-02,600508,14.03,14.09,14.18,13.99,56599,79753126.0,1.35,0.14,0.02,0.78,8.43,9.15,2.72,1.86,0.86,-0.14,-0.29,-0.93,0.71,0.64,13.93,14.07,14.63,15.0,2.84,4.47,2.77,3.83,6.67,6.6,7.52,8.52,7.38,9.37
2024-04-03,600508,14.12,14.44,14.49,14.05,118959,170499078.0,3.12,2.48,0.35,1.65,8.68,2.28,1.42,0.43,-0.57,-0.71,-1.35,0.28,0.21,0.93,14.08,13.99,14.56,14.97,1.94,0.28,1.32,4.09,4.02,4.92,5.89,4.78,6.72,5.82
2024-04-08,600508,14.44,14.26,14.72,14.24,92074,133372516.0,3.32,-1.25,-0.18,1.27,0.91,0.07,-0.91,-1.9,-2.04,-2.67,-1.05,-1.12,-0.42,1.76,14.19,13.99,14.49,14.9,1.54,2.59,5.4,5.33,6.24,7.22,6.1,8.06,7.15,6.45
2024-04-09,600508,14.24,14.44,14.48,14.16,56453,80935061.0,2.24,1.26,0.18,0.78,0.64,-0.35,-1.34,-1.48,-2.12,-0.49,-0.56,0.14,2.33,3.95,14.26,14.05,14.43,14.84,1.32,4.09,4.02,4.92,5.89,4.78,6.72,5.82,5.12,0.69
2024-04-10,600508,14.43,14.51,14.63,14.35,66306,96360951.0,1.94,0.48,0.07,0.92,-1.67,-2.65,-2.79,-3.41,-1.81,-1.88,-1.18,0.98,2.58,0.91,14.35,14.11,14.4,14.8,3.58,3.51,4.41,5.38,4.27,6.2,5.31,4.62,0.21,-3.58
2024-04-11,600508,14.51,14.9,15.03,14.44,118670,175923822.0,4.07,2.69,0.39,1.64,-3.25,-3.39,-4.02,-2.42,-2.49,-1.8,0.35,1.94,0.28,1.32,14.51,14.22,14.4,14.78,0.81,1.68,2.62,1.54,3.42,2.55,1.88,-2.42,-6.11,-5.64
2024-04-12,600508,14.88,14.88,15.02,14.68,58973,87593950.0,2.28,-0.13,-0.02,0.82,-4.97,-5.59,-4.02,-4.09,-3.41,-1.29,0.27,-1.36,-0.34,2.38,14.6,14.34,14.4,14.76,1.81,2.76,1.68,3.56,2.69,2.02,-2.28,-5.98,-5.51,-5.17
2024-04-15,600508,14.93,15.08,15.15,14.72,96121,144168694.0,2.89,1.34,0.2,1.33,-5.84,-4.28,-4.35,-3.67,-1.56,0.0,-1.63,-0.61,2.11,2.04,14.76,14.48,14.4,14.75,1.39,0.33,2.19,1.33,0.66,-3.58,-7.23,-6.76,-6.43,-6.3
2024-04-16,600508,15.09,14.88,15.29,14.72,100343,150635207.0,3.78,-1.33,-0.2,1.39,-4.28,-4.35,-3.67,-1.56,0.0,-1.63,-0.61,2.11,2.04,2.92,14.85,14.56,14.4,14.72,1.68,3.56,2.69,2.02,-2.28,-5.98,-5.51,-5.17,-5.04,-4.44
2024-04-17,600508,14.87,15.07,15.13,14.74,76040,113697977.0,2.62,1.28,0.19,1.05,-4.48,-3.8,-1.7,-0.14,-1.76,-0.75,1.97,1.9,2.78,3.73,14.96,14.66,14.41,14.69,2.26,1.39,0.73,-3.52,-7.17,-6.7,-6.37,-6.24,-5.64,-4.38
2024-04-18,600508,15.03,15.05,15.41,14.99,72425,109599887.0,2.79,-0.13,-0.02,1.0,-5.4,-3.34,-1.8,-3.4,-2.4,0.27,0.2,1.07,2.0,0.93,14.99,14.75,14.41,14.67,1.53,0.86,-3.39,-7.04,-6.58,-6.25,-6.11,-5.51,-4.25,-3.52
2024-04-19,600508,15.17,15.09,15.28,14.93,69065,104580032.0,2.33,0.27,0.04,0.96,-2.95,-1.41,-3.01,-2.01,0.67,0.6,1.47,2.41,1.34,3.22,15.03,14.82,14.4,14.65,0.6,-3.64,-7.29,-6.83,-6.49,-6.36,-5.77,-4.51,-3.78,-2.85
2024-04-22,600508,15.05,14.63,15.18,14.6,73329,108780228.0,3.84,-3.05,-0.46,1.01,0.82,-0.82,0.21,2.95,2.88,3.77,4.73,3.63,5.55,4.66,14.94,14.85,14.42,14.61,-0.62,-4.37,-3.9,-3.55,-3.42,-2.8,-1.5,-0.75,0.21,0.0
2024-04-23,600508,14.54,13.92,14.54,13.91,105544,149090122.0,4.31,-4.85,-0.71,1.46,4.1,5.18,8.05,7.98,8.91,9.92,8.77,10.78,9.85,9.13,14.75,14.8,14.42,14.56,0.5,1.01,1.36,1.51,2.16,3.52,4.31,5.32,5.1,5.46
2024-04-24,600508,13.91,13.9,13.99,13.68,59112,81589920.0,2.23,-0.14,-0.02,0.82,6.94,9.87,9.8,10.75,11.77,10.6,12.65,11.7,10.96,6.29,14.52,14.74,14.43,14.52,1.15,1.51,1.65,2.3,3.67,4.46,5.47,5.25,5.61,5.4
2024-04-25,600508,13.87,13.98,14.06,13.7,65259,90861655.0,2.59,0.58,0.08,0.9,9.71,9.64,10.58,11.61,10.44,12.48,11.53,10.8,6.13,2.12,14.3,14.65,14.43,14.48,0.93,1.07,1.72,3.08,3.86,4.86,4.65,5.01,4.79,5.01
2024-04-26,600508,13.93,13.94,14.11,13.76,63192,87591350.0,2.5,-0.29,-0.04,0.87,9.16,10.1,11.12,9.96,11.99,11.05,10.32,5.67,1.67,2.18,14.07,14.55,14.45,14.45,1.36,2.01,3.37,4.16,5.16,4.95,5.31,5.09,5.31,4.16
2024-04-29,600508,13.95,14.11,14.13,13.83,66495,93082922.0,2.15,1.22,0.17,0.92,9.54,10.56,9.4,11.42,10.48,9.76,5.13,1.16,1.66,2.02,13.97,14.46,14.47,14.42,0.78,2.13,2.91,3.9,3.69,4.04,3.83,4.04,2.91,2.48
2024-04-30,600508,14.11,14.1,14.22,14.04,58094,82084688.0,1.28,-0.07,-0.01,0.8,8.9,7.76,9.76,8.83,8.12,3.56,-0.36,0.14,0.5,0.64,14.01,14.38,14.47,14.39,2.2,2.98,3.97,3.76,4.11,3.9,4.11,2.98,2.55,1.56
2024-05-06,600508,14.1,14.39,14.41,14.03,72932,104025788.0,2.7,2.06,0.29,1.01,7.84,9.84,8.91,8.2,3.64,-0.29,0.21,0.57,0.71,1.35,14.1,14.31,14.48,14.38,0.9,1.88,1.67,2.02,1.81,2.02,0.9,0.49,-0.49,4.03
2024-05-07,600508,14.39,14.44,14.52,14.3,41926,60401560.0,1.53,0.35,0.05,0.58,7.76,6.85,6.15,1.68,-2.17,-1.68,-1.33,-1.19,-0.56,0.77,14.2,14.25,14.5,14.36,1.52,1.32,1.66,1.45,1.66,0.55,0.14,-0.83,3.67,4.16
2024-05-08,600508,14.45,14.5,14.66,14.41,60380,87946005.0,1.73,0.42,0.06,0.84,6.04,5.34,0.9,-2.91,-2.43,-2.08,-1.94,-1.32,0.0,0.76,14.31,14.19,14.5,14.33,0.9,1.24,1.03,1.24,0.14,-0.28,-1.24,3.24,3.72,5.17
2024-05-09,600508,14.45,14.55,14.63,14.39,49900,72540978.0,1.66,0.34,0.05,0.69,5.49,1.04,-2.78,-2.29,-1.95,-1.81,-1.18,0.14,0.9,1.88,14.4,14.18,14.52,14.34,0.89,0.69,0.89,-0.21,-0.62,-1.58,2.89,3.37,4.81,3.23
2024-05-10,600508,14.54,14.61,14.68,14.44,44223,64443279.0,1.65,0.41,0.06,0.61,0.69,-3.12,-2.63,-2.29,-2.15,-1.52,-0.21,0.55,1.52,1.32,14.5,14.25,14.53,14.37,0.27,0.48,-0.62,-1.03,-1.98,2.46,2.94,4.38,2.81,2.4
2024-05-13,600508,14.59,14.57,14.65,14.32,49066,71301282.0,2.26,-0.27,-0.04,0.68,-2.3,-1.82,-1.47,-1.33,-0.7,0.63,1.4,2.37,2.16,2.51,14.53,14.32,14.53,14.39,0.75,-0.34,-0.75,-1.72,2.75,3.23,4.67,3.09,2.68,3.09
2024-05-14,600508,14.66,14.41,14.68,14.23,71666,103193050.0,3.09,-1.1,-0.16,0.99,-1.19,-0.84,-0.7,-0.07,1.26,2.04,3.02,2.81,3.16,2.95,14.53,14.36,14.5,14.41,0.76,0.35,-0.62,3.89,4.37,5.83,4.23,3.82,4.23,3.96
2024-05-15,600508,14.32,14.34,14.52,14.26,36438,52475891.0,1.8,-0.49,-0.07,0.5,-1.05,-0.91,-0.28,1.05,1.82,2.81,2.59,2.95,2.73,2.95,14.5,14.4,14.48,14.43,0.84,-0.14,4.39,4.88,6.35,4.74,4.32,4.74,4.46,5.65
2024-05-16,600508,14.45,14.23,14.46,14.21,41794,59809877.0,1.74,-0.77,-0.11,0.58,-0.56,0.07,1.41,2.18,3.17,2.96,3.31,3.1,3.31,2.18,14.43,14.41,14.44,14.45,0.63,5.2,5.69,7.17,5.55,5.13,5.55,5.27,6.47,6.39
2024-05-17,600508,14.29,14.3,14.32,14.13,38524,54789244.0,1.34,0.49,0.07,0.53,0.64,1.98,2.76,3.75,3.54,3.89,3.68,3.89,2.76,2.34,14.37,14.43,14.41,14.46,4.69,5.17,6.64,5.03,4.62,5.03,4.76,5.94,5.87,9.09
2024-05-20,600508,14.34,14.83,14.97,14.33,103587,152206334.0,4.48,3.71,0.53,1.43,0.56,1.33,2.3,2.09,2.44,2.23,2.44,1.33,0.91,-0.07,14.42,14.48,14.39,14.48,1.42,2.83,1.28,0.88,1.28,1.01,2.16,2.09,5.19,4.59
2024-05-21,600508,14.76,14.97,15.04,14.76,80954,120863213.0,1.89,0.94,0.14,1.12,-1.63,-0.68,-0.88,-0.54,-0.75,-0.54,-1.63,-2.03,-2.98,1.42,14.53,14.53,14.39,14.51,1.87,0.33,-0.07,0.33,0.07,1.2,1.14,4.21,3.61,0.53
2024-05-22,600508,14.98,14.96,15.25,14.94,86920,131198357.0,2.07,-0.07,-0.01,1.2,-1.87,-2.07,-1.74,-1.94,-1.74,-2.81,-3.21,-4.15,0.2,0.67,14.66,14.58,14.38,14.53,0.4,0.0,0.4,0.13,1.27,1.2,4.28,3.68,0.6,0.4
2024-05-23,600508,14.91,14.65,15.02,14.59,60564,89426202.0,2.87,-2.07,-0.31,0.84,0.27,0.62,0.41,0.62,-0.48,-0.89,-1.85,2.6,3.08,4.52,14.74,14.59,14.38,14.54,2.12,2.53,2.25,3.41,3.34,6.48,5.87,2.73,2.53,1.09
2024-05-24,600508,14.65,14.61,14.96,14.61,51641,76203156.0,2.39,-0.27,-0.04,0.71,0.48,0.27,0.48,-0.62,-1.03,-1.98,2.46,2.94,4.38,2.81,14.8,14.59,14.42,14.55,2.81,2.53,3.7,3.63,6.78,6.16,3.01,2.81,1.37,1.1
2024-05-27,600508,14.69,14.88,15.02,14.67,74544,110448035.0,2.4,1.85,0.27,1.03,-0.14,0.07,-1.02,-1.43,-2.39,2.04,2.52,3.95,2.39,1.98,14.81,14.62,14.47,14.56,0.67,1.81,1.75,4.84,4.23,1.14,0.94,-0.47,-0.74,-1.08
2024-05-28,600508,14.83,14.76,14.98,14.72,59149,87824552.0,1.75,-0.81,-0.12,0.82,-0.27,-1.36,-1.77,-2.72,1.7,2.17,3.6,2.04,1.63,2.04,14.77,14.65,14.51,14.55,2.64,2.57,5.69,5.08,1.96,1.76,0.34,0.07,-0.27,1.36
2024-05-29,600508,14.77,14.95,15.15,14.62,83949,125589089.0,3.59,1.29,0.19,1.16,-0.68,-1.09,-2.05,2.39,2.87,4.31,2.74,2.33,2.74,2.46,14.77,14.71,14.56,14.56,1.27,4.35,3.75,0.67,0.47,-0.94,-1.2,-1.54,0.07,-0.33
2024-05-30,600508,14.95,14.85,15.14,14.82,87282,130680945.0,2.14,-0.67,-0.1,1.21,-2.43,-3.37,1.01,1.48,2.9,1.35,0.94,1.35,1.08,2.23,14.81,14.78,14.59,14.55,5.05,4.44,1.35,1.14,-0.27,-0.54,-0.88,0.74,0.34,1.14
2024-05-31,600508,15.06,15.41,15.6,14.94,147766,226954213.0,4.44,3.77,0.56,2.04,-4.15,0.2,0.67,2.07,0.54,0.13,0.54,0.27,1.41,1.34,14.97,14.89,14.66,14.57,0.65,-2.34,-2.53,-3.89,-4.15,-4.48,-2.92,-3.31,-2.53,-3.05
2024-06-03,600508,15.41,15.09,15.51,14.94,115424,175641421.0,3.7,-2.08,-0.32,1.6,0.2,0.67,2.07,0.54,0.13,0.54,0.27,1.41,1.34,4.42,15.01,14.91,14.7,14.57,-0.27,-0.46,-1.86,-2.12,-2.45,-0.86,-1.26,-0.46,-0.99,-3.51
2024-06-04,600508,15.0,14.95,15.05,14.74,60553,90185329.0,2.05,-0.93,-0.14,0.84,2.04,3.46,1.9,1.49,1.9,1.63,2.78,2.71,5.83,5.22,15.05,14.91,14.72,14.56,0.47,-0.94,-1.2,-1.54,0.07,-0.33,0.47,-0.07,-2.61,-1.94
2024-06-05,600508,14.93,14.49,15.02,14.47,72874,107295046.0,3.68,-3.08,-0.46,1.01,5.39,3.8,3.39,3.8,3.52,4.7,4.63,7.81,7.19,4.01,14.96,14.86,14.72,14.54,2.21,1.93,1.59,3.24,2.83,3.66,3.11,0.48,1.17,-0.55
2024-06-06,600508,14.53,14.66,14.81,14.5,60864,89280252.0,2.14,1.17,0.17,0.84,3.59,3.17,3.59,3.31,4.48,4.41,7.59,6.97,3.79,3.59,14.92,14.87,14.73,14.54,0.75,0.41,2.05,1.64,2.46,1.91,-0.68,0.0,-1.71,-2.18
2024-06-07,600508,14.72,14.69,14.77,14.46,61647,90094177.0,2.11,0.2,0.03,0.85,3.46,3.87,3.6,4.77,4.7,7.88,7.26,4.08,3.87,2.42,14.78,14.87,14.73,14.57,0.2,1.84,1.43,2.25,1.7,-0.88,-0.2,-1.91,-2.38,-3.2
2024-06-11,600508,14.57,14.48,14.72,14.31,55249,79749052.0,2.79,-1.43,-0.21,0.76,4.96,4.68,5.87,5.8,9.01,8.39,5.17,4.96,3.49,3.21,14.65,14.83,14.73,14.59,3.31,2.9,3.73,3.18,0.55,1.24,-0.48,-0.97,-1.8,-4.56
2024-06-12,600508,14.39,14.86,14.96,14.38,76760,112682215.0,4.01,2.62,0.38,1.06,4.17,5.35,5.29,8.48,7.86,4.66,4.45,2.99,2.71,2.36,14.64,14.84,14.75,14.62,0.27,1.08,0.54,-2.02,-1.35,-3.03,-3.5,-4.31,-7.0,-7.27
2024-06-13,600508,14.78,14.7,14.9,14.66,49690,73239508.0,1.62,-1.08,-0.16,0.69,3.34,3.27,6.41,5.8,2.66,2.46,1.02,0.75,0.41,2.05,14.68,14.82,14.77,14.64,2.18,1.63,-0.95,-0.27,-1.97,-2.45,-3.27,-5.99,-6.26,-4.69
2024-06-14,600508,14.63,14.9,15.02,14.61,73817,109748102.0,2.79,1.36,0.2,1.02,3.63,6.78,6.16,3.01,2.81,1.37,1.1,0.75,2.4,1.98,14.73,14.82,14.8,14.67,0.27,-2.28,-1.61,-3.29,-3.76,-4.56,-7.25,-7.52,-5.97,-4.7
2024-06-17,600508,14.73,14.48,14.94,14.46,64095,93852983.0,3.22,-2.82,-0.42,0.89,7.88,7.26,4.08,3.87,2.42,2.14,1.8,3.46,3.04,3.87,14.68,14.73,14.81,14.68,0.55,1.24,-0.48,-0.97,-1.8,-4.56,-4.83,-3.25,-1.93,0.69
2024-06-18,600508,14.5,14.49,14.56,14.38,38679,55955936.0,1.24,0.07,0.01,0.54,7.86,4.66,4.45,2.99,2.71,2.36,4.03,3.62,4.45,3.89,14.69,14.67,14.79,14.69,1.17,-0.55,-1.04,-1.86,-4.62,-4.9,-3.31,-2.0,0.62,1.31
2024-06-19,600508,14.49,14.27,14.66,14.26,54449,78639940.0,2.76,-1.52,-0.22,0.75,5.54,5.33,3.86,3.58,3.23,4.91,4.49,5.33,4.77,2.1,14.57,14.6,14.76,14.68,0.98,0.49,-0.35,-3.15,-3.43,-1.82,-0.49,2.17,2.87,3.15
2024-06-20,600508,14.28,14.2,14.41,14.1,60077,85509752.0,2.17,-0.49,-0.07,0.83,6.52,5.04,4.75,4.4,6.1,5.67,6.52,5.96,3.26,3.97,14.47,14.57,14.72,14.67,0.99,0.14,-2.68,-2.96,-1.34,0.0,2.68,3.38,3.66,2.46
2024-06-21,600508,14.2,14.22,14.34,14.14,27899,39728613.0,1.41,0.14,0.02,0.39,4.74,4.46,4.1,5.8,5.37,6.22,5.66,2.97,3.68,1.91,14.33,14.53,14.7,14.66,0.0,-2.81,-3.09,-1.48,-0.14,2.53,3.23,3.52,2.32,-0.42
2024-06-24,600508,14.22,13.71,14.22,13.71,59231,82048294.0,3.59,-3.59,-0.51,0.82,7.73,7.37,9.12,8.68,9.56,8.97,6.2,6.93,5.11,4.6,14.18,14.43,14.65,14.63,0.8,0.51,2.19,3.57,6.35,7.08,7.37,6.13,3.28,1.82
2024-06-25,600508,13.71,13.69,13.82,13.65,35058,48165628.0,1.24,-0.15,-0.02,0.49,7.84,9.6,9.16,10.04,9.45,6.67,7.4,5.57,5.05,4.18,14.02,14.35,14.59,14.6,0.66,2.34,3.73,6.5,7.23,7.52,6.28,3.43,1.97,1.68
2024-06-26,600508,13.69,13.77,13.78,13.53,40106,54763317.0,1.83,0.58,0.08,0.55,10.57,10.13,11.01,10.42,7.61,8.35,6.5,5.99,5.1,2.14,13.92,14.24,14.54,14.58,1.74,3.12,5.88,6.61,6.9,5.66,2.83,1.38,1.09,-1.45
2024-06-27,600508,13.7,13.86,14.01,13.61,63241,87492135.0,2.9,0.65,0.09,0.88,9.48,10.36,9.77,6.98,7.71,5.88,5.36,4.48,1.54,1.25,13.85,14.16,14.49,14.56,2.45,5.19,5.92,6.2,4.98,2.16,0.72,0.43,-2.09,-4.76
2024-06-28,600508,13.86,14.15,14.2,13.76,52710,74163967.0,3.17,2.09,0.29,0.73,9.16,8.58,5.81,6.54,4.72,4.22,3.34,0.44,0.15,1.82,13.84,14.08,14.45,14.56,3.04,3.75,4.03,2.83,0.07,-1.34,-1.63,-4.1,-6.71,-6.22
2024-07-01,600508,14.09,14.56,14.58,14.09,60751,87524391.0,3.46,2.9,0.41,0.84,6.03,3.34,4.05,2.27,1.77,0.92,-1.92,-2.2,-0.57,0.78,14.01,14.09,14.41,14.57,0.82,1.1,-0.07,-2.75,-4.12,-4.4,-6.8,-9.34,-8.86,-10.23
2024-07-02,600508,14.54,14.6,14.68,14.43,44502,64858486.0,1.72,0.27,0.04,0.62,0.9,1.59,-0.14,-0.62,-1.46,-4.23,-4.5,-2.91,-1.59,1.04,14.19,14.1,14.39,14.56,0.82,-0.34,-3.01,-4.38,-4.66,-7.05,-9.59,-9.11,-10.48,-10.89
2024-07-03,600508,14.56,14.43,14.72,14.39,34349,50056865.0,2.26,-1.16,-0.17,0.48,1.88,0.14,-0.35,-1.18,-3.96,-4.24,-2.64,-1.32,1.32,2.02,14.32,14.12,14.36,14.54,0.83,-1.87,-3.26,-3.53,-5.96,-8.52,-8.04,-9.42,-9.84,-10.26
2024-07-04,600508,14.44,14.12,14.55,14.07,33276,47486592.0,3.33,-2.15,-0.31,0.46,2.42,1.92,1.07,-1.78,-2.06,-0.43,0.92,3.62,4.34,4.62,14.37,14.11,14.34,14.52,0.28,-1.13,-1.42,-3.9,-6.52,-6.02,-7.44,-7.86,-8.29,-11.9
2024-07-05,600508,14.12,13.96,14.16,13.78,36131,50360726.0,2.69,-1.13,-0.16,0.5,4.06,3.19,0.29,0.0,1.67,3.05,5.81,6.53,6.82,5.59,14.33,14.09,14.31,14.49,0.0,-0.29,-2.79,-5.44,-4.94,-6.38,-6.81,-7.23,-10.89,-11.25
2024-07-08,600508,13.94,13.67,13.96,13.66,33357,45799474.0,2.15,-2.08,-0.29,0.46,4.1,1.17,0.88,2.56,3.95,6.73,7.47,7.76,6.52,3.66,14.16,14.08,14.26,14.46,1.83,-0.73,-3.44,-2.93,-4.39,-4.83,-5.27,-9.0,-9.36,-10.17
2024-07-09,600508,13.68,13.86,13.92,13.41,46456,63397585.0,3.73,1.39,0.19,0.64,3.06,2.76,4.47,5.89,8.72,9.47,9.77,8.5,5.59,4.1,14.01,14.1,14.22,14.43,-2.09,-4.76,-4.26,-5.7,-6.13,-6.57,-10.25,-10.61,-11.4,-11.83
2024-07-10,600508,13.57,13.0,13.57,12.9,96386,125758591.0,4.83,-6.2,-0.86,1.33,6.82,8.6,10.08,13.02,13.8,14.11,12.79,9.77,8.22,7.91,13.72,14.02,14.13,14.37,1.54,2.08,0.54,0.08,-0.38,-4.31,-4.69,-5.54,-6.0,-7.46
2024-07-11,600508,13.06,13.13,13.2,12.93,70989,92798649.0,2.08,1.0,0.13,0.98,8.35,9.82,12.76,13.53,13.84,12.53,9.51,7.97,7.66,4.95,13.52,13.95,14.05,14.31,1.07,-0.46,-0.91,-1.37,-5.26,-5.64,-6.47,-6.93,-8.38,-8.61
2024-07-12,600508,13.05,12.99,13.27,12.91,61768,80635774.0,2.74,-1.07,-0.14,0.85,9.99,12.94,13.71,14.02,12.7,9.68,8.13,7.82,5.11,2.25,13.33,13.83,13.96,14.25,0.62,0.15,-0.31,-4.23,-4.62,-5.47,-5.93,-7.39,-7.62,-6.47
2024-07-15,600508,12.96,13.0,13.07,12.84,39125,50763818.0,1.77,0.08,0.01,0.54,13.55,14.33,14.64,13.32,10.28,8.72,8.41,5.69,2.8,3.35,13.2,13.68,13.88,14.17,0.08,-0.38,-4.31,-4.69,-5.54,-6.0,-7.46,-7.69,-6.54,0.0
2024-07-16,600508,13.0,12.94,13.01,12.86,32916,42493946.0,1.15,-0.46,-0.06,0.46,14.15,14.46,13.14,10.11,8.55,8.24,5.52,2.64,3.19,1.63,13.01,13.51,13.81,14.09,0.08,-3.86,-4.25,-5.1,-5.56,-7.03,-7.26,-6.11,0.0,0.0
2024-07-17,600508,12.95,12.8,12.95,12.65,50949,64950667.0,2.32,-1.08,-0.14,0.7,16.36,15.02,11.94,10.36,10.04,7.27,4.35,4.9,3.32,2.85,12.97,13.35,13.73,14.02,-2.81,-3.2,-4.06,-4.53,-6.02,-6.25,-5.08,0.0,0.0,0.0
2024-07-18,600508,12.41,12.43,12.44,12.26,36555,45195677.0,1.41,-2.89,-0.37,0.51,18.68,15.5,13.87,13.54,10.69,7.67,8.24,6.61,6.12,5.63,12.83,13.18,13.64,13.95,-0.32,-1.21,-1.69,-3.22,-3.46,-2.25,0.0,0.0,0.0,0.0
2024-07-19,600508,12.34,12.29,12.39,12.23,34961,42951830.0,1.29,-1.13,-0.14,0.48,15.78,14.15,13.82,10.96,7.93,8.5,6.87,6.38,5.89,1.72,12.69,13.01,13.55,13.87,-0.08,-0.57,-2.12,-2.36,-1.14,0.0,0.0,0.0,0.0,0.0
2024-07-22,600508,12.25,12.19,12.28,12.01,37891,45892158.0,2.2,-0.81,-0.1,0.52,16.24,15.9,12.99,9.91,10.49,8.83,8.33,7.83,3.58,3.16,12.53,12.86,13.47,13.79,0.25,-1.31,-1.56,-0.33,0.0,0.0,0.0,0.0,0.0,0.0
2024-07-23,600508,12.2,12.04,12.22,12.02,24766,30032577.0,1.64,-1.23,-0.15,0.34,15.81,12.9,9.82,10.4,8.74,8.24,7.74,3.49,3.08,2.16,12.35,12.68,13.39,13.71,-0.08,-0.33,0.91,0.0,0.0,0.0,0.0,0.0,0.0,0.0
2024-07-24,600508,12.02,11.89,12.03,11.81,32347,38564747.0,1.83,-1.25,-0.15,0.45,14.9,11.77,12.36,10.67,10.16,9.65,5.33,4.91,3.98,3.47,12.17,12.57,13.3,13.61,0.93,2.19,0.0,0.0,0.0,0.0,0.0,0.0,0.0,0.0
2024-07-25,600508,11.8,11.88,12.0,11.75,22180,26363542.0,2.1,-0.08,-0.01,0.31,12.34,12.94,11.23,10.72,10.21,5.87,5.45,4.51,4.0,2.38,12.06,12.45,13.2,13.52,2.27,0.0,0.0,0.0,0.0,0.0,0.0,0.0,0.0,0.0
2024-07-26,600508,11.88,12.13,12.15,11.87,40235,48582546.0,2.36,2.1,0.25,0.56,11.79,10.11,9.6,9.1,4.8,4.38,3.45,2.95,1.35,1.1,12.03,12.36,13.1,13.42,0.0,0.0,0.0,0.0,0.0,0.0,0.0,0.0,0.0,0.0
