日期,股票代码,开盘,收盘,最高,最低,成交量,成交额,振幅,涨跌幅,涨跌额,换手率,d-10,d-9,d-8,d-7,d-6,d-5,d-4,d-3,d-2,d-1,5日均,10日均,20日均,30日均,d1,d2,d3,d4,d5,d6,d7,d8,d9,d10
2020-11-23,605068,27.8,33.36,33.36,27.8,3485,11619533.0,24.0,43.98,10.19,0.84,0.0,0.0,0.0,0.0,0.0,0.0,0.0,0.0,0.0,0.0,33.36,33.36,33.36,33.36,10.01,21.01,33.12,42.63,22.87,16.61,24.04,30.43,24.31,20.98
2020-11-24,605068,36.7,36.7,36.7,36.7,1172,4302781.0,0.0,10.01,3.34,0.28,0.0,0.0,0.0,0.0,0.0,0.0,0.0,0.0,0.0,-9.1,35.03,35.03,35.03,35.03,10.0,21.01,29.65,11.69,5.99,12.75,18.56,13.0,9.97,11.72
2020-11-25,605068,40.37,40.37,40.37,37.02,228063,902516448.0,9.13,10.0,3.67,54.95,0.0,0.0,0.0,0.0,0.0,0.0,0.0,0.0,-9.89,-0.86,36.81,36.81,36.81,36.81,10.01,17.86,1.54,-3.64,2.5,7.78,2.72,-0.02,1.56,-5.9
2020-11-26,605068,38.99,44.41,44.41,37.34,155919,660560256.0,17.51,10.01,4.04,37.57,0.0,0.0,0.0,0.0,0.0,0.0,0.0,-10.66,-1.71,8.11,38.71,38.71,38.71,38.71,7.14,-7.7,-12.41,-6.82,-2.03,-6.62,-9.12,-7.68,-14.46,-20.06
2020-11-27,605068,46.0,41.1,47.58,40.58,225966,988062608.0,15.76,-7.45,-3.31,54.45,0.0,0.0,0.0,0.0,0.0,0.0,-17.79,-9.56,-0.52,9.44,39.19,39.19,39.19,39.19,-0.27,-5.35,0.68,5.86,0.9,-1.8,-0.24,-7.57,-13.63,-12.75
2020-11-30,605068,40.0,39.12,40.99,38.27,151834,595497040.0,6.62,-4.82,-1.98,36.59,0.0,0.0,0.0,0.0,0.0,-12.83,-4.1,5.49,16.04,24.33,40.34,39.18,39.18,39.18,-0.56,5.78,11.22,6.01,3.17,4.81,-2.89,-9.25,-8.33,-11.3
2020-12-01,605068,38.06,37.62,38.9,37.58,112631,428696640.0,3.37,-3.83,-1.5,27.14,0.0,0.0,0.0,0.0,-11.23,-2.34,7.42,18.17,26.61,9.07,40.52,38.95,38.95,38.95,9.99,15.66,10.23,7.28,8.98,0.98,-5.64,-4.68,-7.76,-9.09
2020-12-02,605068,38.4,41.38,41.38,38.4,112891,458691648.0,7.92,9.99,3.76,27.2,0.0,0.0,0.0,-13.12,-4.43,5.13,15.65,23.91,6.74,1.3,40.73,39.26,39.26,39.26,5.15,0.22,-2.46,-0.92,-8.19,-14.21,-13.34,-16.14,-17.35,-18.63
2020-12-03,605068,41.39,41.65,43.51,40.56,160637,675134976.0,7.13,0.65,0.27,38.71,0.0,0.0,-17.75,-9.52,-0.47,9.49,17.31,1.06,-4.09,2.02,40.17,39.52,39.52,39.52,-0.43,-3.1,-1.56,-8.79,-14.77,-13.9,-16.69,-17.89,-19.16,-17.09
2020-12-04,605068,40.96,40.5,41.47,39.28,94416,380801680.0,5.26,-2.76,-1.15,22.75,0.0,-15.07,-6.57,2.77,13.06,21.13,4.35,-0.97,5.35,10.77,40.05,39.62,39.62,39.62,-0.35,1.23,-6.2,-12.35,-11.46,-14.32,-15.56,-16.86,-14.74,-15.36
2020-12-07,605068,39.5,39.41,40.36,38.5,78511,309070336.0,4.59,-2.69,-1.09,18.92,-13.35,-4.68,4.86,15.35,23.58,6.47,1.04,7.48,13.01,7.71,40.11,40.23,39.6,39.6,4.03,-3.6,-9.92,-9.01,-11.95,-13.22,-14.56,-12.38,-13.02,-11.98
2020-12-08,605068,39.44,38.75,41.0,38.26,95876,377733024.0,6.95,-1.67,-0.66,23.1,-4.08,5.51,16.07,24.36,7.14,1.67,8.15,13.72,8.39,5.49,40.34,40.43,39.53,39.53,-1.96,-8.39,-7.46,-10.45,-11.74,-13.11,-10.89,-11.54,-10.48,-5.26
2020-12-09,605068,37.53,36.22,37.99,36.19,90822,335699808.0,4.65,-6.53,-2.53,21.88,11.55,22.71,31.47,13.26,7.49,14.34,20.23,14.59,11.52,13.29,39.31,40.02,39.28,39.28,-1.99,-0.99,-4.2,-5.58,-7.04,-4.67,-5.36,-4.22,1.35,-0.06
2020-12-10,605068,35.22,34.42,35.5,34.01,67829,235324713.0,4.11,-4.97,-1.8,16.34,30.58,39.9,20.52,14.38,21.67,27.93,21.93,18.67,20.55,11.7,37.86,39.02,38.93,38.93,4.18,0.81,-0.64,-2.18,0.32,-0.41,0.78,6.65,5.17,2.41
2020-12-11,605068,34.32,35.04,35.86,34.1,51935,180946471.0,5.11,1.8,0.62,12.51,39.53,20.21,14.08,21.35,27.6,21.61,18.36,20.23,11.41,4.11,36.77,38.41,38.67,38.67,-0.97,-2.4,-3.91,-1.46,-2.17,-1.0,4.77,3.31,0.6,-1.4
2020-12-14,605068,34.58,33.58,34.7,33.34,50169,168849432.0,3.88,-4.17,-1.46,12.09,22.95,16.68,24.12,30.5,24.39,21.06,22.98,13.95,6.48,7.56,35.6,37.86,38.35,38.35,1.85,0.27,2.83,2.08,3.31,9.32,7.8,4.97,2.89,1.25
2020-12-15,605068,33.32,33.86,34.2,33.18,44872,150975297.0,3.04,0.83,0.28,10.81,17.24,24.71,31.13,24.98,21.64,23.57,14.5,6.99,8.08,4.58,34.62,37.48,38.09,38.09,-0.56,1.98,1.24,2.45,8.42,6.91,4.11,2.04,0.41,-1.21
2020-12-16,605068,33.67,32.55,33.67,32.4,49028,161292700.0,3.75,-3.87,-1.31,11.81,27.72,34.29,27.99,24.57,26.54,17.25,9.57,10.68,7.1,5.56,33.89,36.6,37.78,37.78,6.08,5.31,6.57,12.78,11.21,8.29,6.14,4.45,2.76,1.17
2020-12-17,605068,32.33,33.98,34.53,32.1,55180,184830814.0,7.47,4.39,1.43,13.3,35.55,29.19,25.73,27.73,18.35,10.59,11.71,8.1,6.54,4.89,33.8,35.83,37.58,37.58,0.88,2.09,8.03,6.53,3.74,1.68,0.06,-1.56,-3.09,-0.94
2020-12-18,605068,33.6,33.75,34.28,33.34,36600,124166533.0,2.77,-0.68,-0.23,8.82,24.39,21.06,22.98,13.95,6.48,7.56,4.08,2.58,0.99,3.57,33.54,35.16,37.39,37.39,2.79,8.77,7.26,4.44,2.37,0.74,-0.89,-2.43,-0.27,-1.27
2020-12-21,605068,33.03,34.69,34.69,33.03,43041,146205142.0,4.92,2.79,0.94,10.37,22.19,24.13,15.02,7.48,8.57,5.06,3.54,1.94,4.54,3.78,33.77,34.68,37.46,37.26,5.82,4.35,1.61,-0.4,-1.99,-3.57,-5.07,-2.97,-3.95,-3.43
2020-12-22,605068,34.48,35.49,36.71,34.17,60872,218068150.0,7.32,2.31,0.8,14.67,19.99,11.18,3.89,4.95,1.55,0.09,-1.46,1.05,0.32,1.52,34.09,34.36,37.39,37.18,2.0,-0.68,-2.65,-4.2,-5.75,-7.21,-5.16,-6.11,-5.61,-6.79
2020-12-23,605068,35.16,35.4,36.2,34.03,44572,155673784.0,6.11,-0.25,-0.09,10.74,11.64,4.32,5.38,1.97,0.5,-1.06,1.47,0.73,1.94,7.88,34.66,34.28,37.15,37.1,-0.42,-2.4,-3.95,-5.51,-6.98,-4.92,-5.88,-5.37,-6.55,-11.89
2020-12-24,605068,35.2,33.43,35.25,33.4,28142,96205691.0,5.23,-5.56,-1.97,6.78,6.29,7.37,3.89,2.4,0.81,3.38,2.63,3.86,9.91,8.38,34.55,34.18,36.6,36.95,3.35,1.71,0.06,-1.5,0.69,-0.33,0.21,-1.05,-6.7,-11.4
2020-12-25,605068,32.52,33.93,34.55,32.52,23563,79734132.0,6.07,1.5,0.5,5.68,10.27,6.7,5.17,3.54,6.18,5.41,6.67,12.88,11.32,8.39,34.59,34.07,36.24,36.83,0.21,-1.41,-2.95,-0.8,-1.8,-1.27,-2.51,-8.08,-12.7,-13.17
2020-12-28,605068,33.85,33.14,34.0,32.78,22329,74092557.0,3.6,-2.33,-0.79,5.38,5.86,4.33,2.72,5.34,4.58,5.83,11.99,10.43,7.54,5.4,34.28,34.02,35.94,36.69,0.94,-0.63,1.57,0.54,1.09,-0.18,-5.88,-10.62,-11.1,-11.89
2020-12-29,605068,33.03,32.51,33.45,32.38,16914,55452906.0,3.23,-1.9,-0.63,4.08,5.62,3.98,6.64,5.87,7.13,13.37,11.8,8.86,6.7,5.0,33.68,33.89,35.68,36.53,1.29,3.54,2.49,3.05,1.75,-4.06,-8.89,-9.38,-10.18,-3.14
2020-12-30,605068,32.1,32.84,32.93,32.08,18537,60219866.0,2.61,1.02,0.33,4.47,4.96,7.64,6.86,8.14,14.43,12.84,9.88,7.7,5.99,4.27,33.17,33.92,35.26,36.4,2.5,1.46,2.01,0.73,-5.02,-9.81,-10.29,-11.08,-4.11,-7.25
2020-12-31,605068,32.6,32.91,33.66,32.6,17302,57141053.0,3.23,0.21,0.07,4.17,5.92,5.15,6.41,12.61,11.04,8.13,5.98,4.29,2.61,1.01,33.07,33.81,34.82,36.28,1.25,1.79,0.52,-5.23,-10.0,-10.48,-11.27,-4.31,-7.44,-3.37
2021-01-04,605068,32.8,32.72,33.32,32.38,18034,59257446.0,2.86,-0.58,-0.19,4.35,5.87,7.13,13.37,11.8,8.86,6.7,5.0,3.3,1.7,3.95,32.82,33.71,34.43,36.16,2.38,1.1,-4.68,-9.47,-9.96,-10.76,-3.76,-6.91,-2.81,-4.22
2021-01-05,605068,32.35,32.77,33.5,32.01,27407,89215475.0,4.55,0.15,0.05,6.6,8.37,14.68,13.09,10.12,7.94,6.22,4.5,2.87,5.15,4.09,32.75,33.51,34.1,36.14,0.95,-4.82,-9.61,-10.1,-10.89,-3.91,-7.05,-2.96,-4.36,3.72
2021-01-06,605068,32.69,31.53,33.08,31.52,27374,87874848.0,4.76,-3.78,-1.24,6.6,16.47,14.85,11.83,9.61,7.87,6.12,4.47,6.79,5.71,6.28,32.55,33.12,33.74,35.97,-1.08,-6.06,-6.57,-7.39,-0.13,-3.39,0.86,-0.6,7.8,11.07
2021-01-07,605068,30.77,29.57,31.19,28.8,40032,118897203.0,7.58,-6.22,-1.96,9.65,25.69,22.4,19.97,18.06,16.15,14.34,16.87,15.69,16.32,14.86,31.9,32.53,33.41,35.61,0.17,-0.37,-1.25,6.49,3.01,7.54,5.99,14.95,18.43,18.36
2021-01-08,605068,29.28,28.82,29.62,28.61,17733,51390571.0,3.42,-2.54,-0.75,4.27,23.21,20.76,18.84,16.92,15.1,17.65,16.46,17.09,15.62,9.02,31.08,32.07,33.13,35.09,2.22,1.32,9.26,5.69,10.34,8.74,17.94,21.51,21.44,28.38
2021-01-11,605068,29.0,29.02,29.46,28.46,17216,49800690.0,3.47,0.69,0.2,4.15,21.4,19.47,17.53,15.71,18.27,17.08,17.71,16.23,9.59,4.08,30.34,31.58,32.82,34.69,0.62,8.51,4.96,9.58,7.99,17.13,20.68,20.61,27.5,34.73
2021-01-12,605068,28.93,28.63,29.2,28.6,11941,34397337.0,2.07,-1.34,-0.39,2.88,18.88,16.96,15.14,17.69,16.5,17.13,15.66,9.06,3.57,3.01,29.51,31.13,32.58,34.34,9.99,6.39,11.07,9.47,18.72,22.32,22.25,29.24,36.57,39.64
2021-01-13,605068,28.57,30.92,31.49,27.88,37410,110991346.0,12.61,8.0,2.29,9.01,19.98,18.11,20.73,19.51,20.16,18.65,11.87,6.24,5.67,4.73,29.39,30.97,32.43,34.11,-1.49,2.85,1.36,9.93,13.26,13.2,19.66,26.46,29.3,25.49
2021-01-14,605068,30.41,29.99,30.46,29.6,16495,49471388.0,2.78,-3.01,-0.93,3.97,11.25,13.72,12.57,13.18,11.76,5.37,0.07,-0.47,-1.35,6.39,29.48,30.69,32.3,33.73,6.04,4.5,13.34,16.77,16.71,23.37,30.38,33.31,29.38,29.31
2021-01-15,605068,29.98,30.95,31.8,29.88,20339,63088360.0,6.4,3.2,0.96,4.9,12.65,11.51,12.12,10.71,4.38,-0.87,-1.41,-2.28,5.39,1.94,29.9,30.49,32.15,33.38,1.26,9.82,13.15,13.09,19.55,26.33,29.18,25.36,25.3,24.01
2021-01-18,605068,30.59,30.9,31.34,30.42,10671,33082806.0,2.97,-0.16,-0.05,2.57,9.53,10.12,8.74,2.53,-2.63,-3.16,-4.01,3.52,0.13,4.54,30.28,30.31,32.01,33.06,10.0,13.33,13.27,19.74,26.54,29.39,25.57,25.5,24.21,24.08
2021-01-19,605068,31.62,33.99,33.99,31.1,41156,137535961.0,9.35,10.0,3.09,9.92,7.72,6.37,0.29,-4.76,-5.27,-6.11,1.25,-2.06,2.25,0.77,31.35,30.43,31.97,32.88,3.03,2.97,8.86,15.03,17.62,14.15,14.09,12.92,12.8,15.92
2021-01-20,605068,35.02,34.33,35.02,33.66,52886,181985734.0,4.0,1.0,0.34,12.74,-1.72,-7.34,-12.0,-12.48,-13.25,-6.45,-9.51,-5.53,-6.89,0.98,32.03,30.71,31.92,32.73,1.95,7.78,13.89,16.46,13.02,12.96,11.8,11.68,14.77,12.61
2021-01-21,605068,34.0,35.0,35.0,33.5,33009,112955952.0,4.37,1.95,0.67,7.95,-6.9,-11.58,-12.06,-12.84,-6.0,-9.07,-5.07,-6.45,1.46,4.54,33.03,31.25,31.9,32.69,5.71,11.71,14.23,10.86,10.8,9.66,9.54,12.57,10.46,6.14
2021-01-22,605068,34.96,36.31,37.0,34.46,38040,137967776.0,7.26,3.74,1.31,9.17,-14.05,-14.51,-15.26,-8.62,-11.61,-7.72,-9.05,-1.36,1.63,1.57,34.11,32.0,32.04,32.75,7.68,10.11,6.86,6.8,5.7,5.59,8.51,6.47,2.31,0.17
2021-01-25,605068,36.63,39.0,39.1,35.95,45383,170332947.0,8.68,7.41,2.69,10.94,-18.05,-18.78,-12.41,-15.27,-11.54,-12.82,-5.45,-2.59,-2.64,2.92,35.73,33.0,32.29,32.88,2.51,-0.51,-0.56,-1.59,-1.69,1.03,-0.87,-4.74,-6.74,-7.0
2021-01-26,605068,38.78,38.5,39.98,36.9,34176,131365646.0,7.9,-1.28,-0.5,8.24,-20.87,-14.66,-17.45,-13.82,-15.07,-7.89,-5.09,-5.15,0.27,5.96,36.63,33.99,32.56,33.05,0.78,0.73,-0.31,-0.42,2.34,0.42,-3.51,-5.53,-5.79,-7.06
2021-01-27,605068,38.0,37.69,38.8,36.8,20866,78350532.0,5.19,-2.1,-0.81,5.03,-14.43,-17.23,-13.59,-14.84,-7.64,-4.84,-4.89,0.54,6.25,8.64,37.3,34.67,32.82,33.18,2.89,1.83,1.72,4.54,2.57,-1.43,-3.5,-3.77,-5.07,1.57
2021-01-28,605068,37.03,37.84,38.78,36.06,23862,89486753.0,7.22,0.4,0.15,5.75,-15.53,-11.81,-13.09,-5.74,-2.88,-2.94,2.61,8.43,10.87,7.6,37.87,35.45,33.07,33.35,1.43,1.32,4.12,2.17,-1.82,-3.88,-4.15,-5.44,1.16,-2.27
2021-01-29,605068,37.09,37.85,38.38,36.71,14905,55958273.0,4.41,0.03,0.01,3.59,-13.38,-14.63,-7.41,-4.6,-4.66,0.79,6.51,8.91,5.69,5.64,38.18,36.14,33.32,33.48,1.29,4.1,2.14,-1.85,-3.91,-4.17,-5.47,1.14,-2.3,-0.92
2021-02-01,605068,37.6,37.89,38.34,36.0,16931,63261061.0,6.18,0.11,0.04,4.08,-12.94,-5.58,-2.72,-2.78,2.78,8.61,11.06,7.78,7.72,6.61,37.95,36.84,33.58,33.62,3.99,2.03,-1.95,-4.01,-4.28,-5.57,1.03,-2.4,-1.03,1.08
2021-02-02,605068,37.89,38.66,39.4,37.6,14841,57337113.0,4.75,2.03,0.77,3.58,-9.6,-6.86,-6.91,-1.6,3.99,6.33,3.19,3.14,2.07,1.97,37.99,37.31,33.87,33.75,0.0,-3.91,-5.92,-6.18,-7.45,-0.98,-4.35,-3.0,-0.93,3.47
2021-02-03,605068,38.5,37.15,38.66,36.3,16385,61185376.0,6.1,-3.91,-1.51,3.95,-3.53,-3.58,1.93,7.71,10.14,6.89,6.83,5.73,5.62,8.54,37.88,37.59,34.15,33.81,0.0,-2.1,-2.37,-3.69,3.04,-0.46,0.94,3.1,7.67,9.53
2021-02-04,605068,37.15,35.14,37.15,34.69,13377,47568861.0,6.62,-5.41,-2.01,3.22,0.89,6.66,12.71,15.25,11.85,11.79,10.64,10.52,13.58,11.44,37.34,37.6,34.43,33.8,3.5,3.22,1.82,8.94,5.24,6.72,8.99,13.83,15.79,16.39
2021-02-05,605068,35.33,35.92,36.37,35.16,13817,49392302.0,3.44,2.22,0.78,3.33,5.23,11.21,13.71,10.35,10.3,9.16,9.04,12.06,9.95,5.66,36.95,37.56,34.78,33.88,0.97,-0.39,6.57,2.95,4.4,6.63,11.36,13.28,13.86,5.79
2021-02-08,605068,36.27,35.79,36.27,34.18,9811,34626721.0,5.82,-0.36,-0.13,2.36,14.39,16.97,13.52,13.46,12.29,12.17,15.27,13.11,8.69,6.41,36.53,37.24,35.12,33.94,-0.03,6.96,3.32,4.78,7.01,11.76,13.69,14.28,6.17,7.12
2021-02-09,605068,35.31,35.1,35.78,34.71,9036,31874100.0,2.99,-1.93,-0.69,2.18,15.18,11.78,11.73,10.57,10.46,13.51,11.38,7.03,4.78,4.49,35.82,36.9,35.45,34.01,9.06,5.36,6.84,9.12,13.96,15.93,16.52,8.26,9.23,8.23
2021-02-10,605068,35.2,35.01,38.28,34.9,17646,63828578.0,9.63,-0.26,-0.09,4.25,11.17,11.12,9.97,9.86,12.89,10.77,6.45,4.21,3.93,2.52,35.39,36.64,35.65,34.09,5.63,7.11,9.4,14.25,16.22,16.82,8.54,9.51,8.51,6.48
2021-02-18,605068,34.2,36.62,36.98,34.18,14079,50324489.0,8.0,4.6,1.61,3.39,13.46,12.29,12.17,15.27,13.11,8.69,6.41,6.11,4.68,12.0,35.69,36.51,35.98,34.22,2.4,4.59,9.23,11.11,11.69,3.77,4.7,3.74,1.8,0.55
2021-02-19,605068,37.5,36.57,37.5,36.11,8675,31727838.0,3.8,-0.14,-0.05,2.09,6.29,6.18,9.11,7.06,2.88,0.72,0.44,-0.91,6.01,2.41,35.82,36.38,36.26,34.34,4.73,9.38,11.27,11.84,3.91,4.84,3.88,1.94,0.68,-1.89
2021-02-22,605068,38.3,36.5,38.3,36.15,12540,45987903.0,5.88,-0.19,-0.07,3.02,6.06,8.99,6.94,2.77,0.61,0.33,-1.02,5.89,2.3,3.73,35.96,36.25,36.54,34.47,9.59,11.48,12.05,4.11,5.04,4.08,2.14,0.88,-1.7,1.92
2021-02-23,605068,36.01,39.92,40.0,35.51,36561,141418529.0,12.3,9.37,3.42,8.81,10.95,8.87,4.62,2.42,2.14,0.76,7.8,4.14,5.6,7.86,36.92,36.37,36.84,34.7,1.93,2.45,-4.81,-3.96,-4.83,-6.61,-7.77,-10.12,-6.81,-11.87
2021-02-24,605068,39.92,40.3,40.69,39.21,19082,76202038.0,3.71,0.95,0.38,4.6,-1.4,-5.25,-7.24,-7.5,-8.75,-2.37,-5.69,-4.36,-2.32,2.01,37.98,36.69,37.14,35.0,1.49,-5.71,-4.86,-5.73,-7.49,-8.64,-10.97,-7.69,-12.7,-12.06
2021-02-25,605068,40.8,38.85,40.9,37.28,19586,75526150.0,8.98,-3.6,-1.45,4.72,-0.35,-2.44,-2.71,-4.02,2.68,-0.8,0.59,2.74,7.3,9.15,38.43,37.06,37.33,35.31,-2.19,-1.31,-2.21,-4.04,-5.23,-7.64,-4.25,-9.45,-8.78,-11.2
2021-02-26,605068,37.69,36.51,38.0,36.5,15417,57337484.0,3.86,-6.02,-2.34,3.71,-0.36,-0.63,-1.97,4.88,1.32,2.74,4.93,9.59,11.48,12.05,38.42,37.12,37.34,35.56,5.01,4.05,2.11,0.85,-1.73,1.89,-3.64,-2.93,-5.51,-5.42
2021-03-01,605068,36.65,37.89,38.34,36.21,11254,42218685.0,5.83,3.78,1.38,2.71,0.17,-1.19,5.72,2.13,3.56,5.77,10.47,12.37,12.95,4.94,38.69,37.33,37.28,35.86,0.26,-1.61,-2.82,-5.3,-1.82,-7.15,-6.47,-8.95,-8.87,-9.58
2021-03-02,605068,37.98,36.68,37.99,36.5,7964,29497397.0,3.93,-3.19,-1.21,1.92,-1.97,4.88,1.32,2.74,4.93,9.59,11.48,12.05,4.11,5.04,38.05,37.48,37.19,36.13,1.64,0.38,-2.18,1.42,-4.09,-3.38,-5.94,-5.86,-6.6,-9.6
2021-03-03,605068,36.52,36.95,37.28,36.06,4895,17934878.0,3.33,0.74,0.27,1.18,6.16,2.55,3.99,6.21,10.93,12.84,13.42,5.38,6.32,5.35,37.38,37.68,37.16,36.33,-0.35,-2.9,0.68,-4.79,-4.09,-6.63,-6.55,-7.28,-10.26,-9.99
2021-03-04,605068,36.65,34.69,36.82,34.61,13388,47402040.0,5.98,-6.12,-2.26,3.23,6.85,8.35,10.66,15.57,17.57,18.17,9.79,10.78,9.77,7.71,36.54,37.49,37.0,36.48,3.43,7.24,1.41,2.16,-0.55,-0.46,-1.24,-4.41,-4.12,-2.74
2021-03-05,605068,34.69,35.19,35.88,34.31,5885,20714313.0,4.53,1.44,0.5,1.42,9.3,11.63,16.58,18.6,19.21,10.75,11.75,10.73,8.66,7.32,36.28,37.35,36.87,36.62,5.71,-0.03,0.71,-1.96,-1.88,-2.64,-5.77,-5.48,-4.12,-2.33
2021-03-08,605068,35.81,35.2,37.2,35.1,14814,53924363.0,5.97,0.03,0.01,3.57,9.12,13.96,15.93,16.52,8.26,9.23,8.23,6.21,4.9,2.22,35.74,37.22,36.73,36.77,-0.06,0.68,-1.99,-1.9,-2.67,-5.8,-5.51,-4.15,-2.36,-3.04
2021-03-09,605068,35.0,34.18,35.18,33.2,9158,31433294.0,5.63,-2.9,-1.02,2.21,20.48,22.56,23.19,14.46,15.48,14.43,12.29,10.9,8.07,12.05,35.24,36.64,36.51,36.77,3.69,0.94,1.02,0.23,-2.98,-2.69,-1.29,0.56,-0.15,0.91
2021-03-10,605068,34.7,34.08,35.44,34.0,4386,15066364.0,4.21,-0.29,-0.1,1.06,19.68,20.29,11.76,12.76,11.74,9.65,8.29,5.53,9.41,3.47,34.67,36.02,36.35,36.77,1.23,1.32,0.53,-2.7,-2.41,-1.0,0.85,0.15,1.2,-1.7
2021-03-11,605068,33.64,34.0,34.5,33.51,5041,17102691.0,2.9,-0.23,-0.08,1.21,22.05,13.4,14.41,13.37,11.25,9.88,7.07,11.01,4.98,5.76,34.53,35.54,36.3,36.73,1.56,0.76,-2.47,-2.18,-0.76,1.09,0.38,1.44,-1.47,-4.12
2021-03-12,605068,34.0,34.0,34.53,33.51,4545,15432555.0,3.0,0.0,0.0,1.1,13.4,14.41,13.37,11.25,9.88,7.07,11.01,4.98,5.76,2.95,34.29,35.29,36.2,36.66,0.76,-2.47,-2.18,-0.76,1.09,0.38,1.44,-1.47,-4.12,-5.29
2021-03-15,605068,34.2,32.17,34.26,31.79,8275,27007656.0,7.26,-5.38,-1.83,1.99,20.6,19.5,17.27,15.82,12.87,17.02,10.66,11.48,8.52,8.62,33.69,34.71,36.02,36.43,3.08,3.39,4.88,6.84,6.09,7.21,4.13,1.34,0.09,3.98
2021-03-16,605068,32.3,32.46,33.16,32.09,5498,17873185.0,3.33,0.9,0.29,1.32,18.39,16.17,14.74,11.81,15.92,9.63,10.44,7.51,7.6,6.76,33.34,34.29,35.89,36.23,2.46,3.94,5.88,5.14,6.25,3.2,0.43,-0.8,3.05,2.22
2021-03-17,605068,32.69,32.79,33.26,32.38,5088,16721608.0,2.71,1.02,0.33,1.23,15.13,13.71,10.81,14.89,8.65,9.45,6.55,6.64,5.81,2.41,33.08,33.88,35.78,36.06,2.9,4.82,4.09,5.18,2.17,-0.58,-1.8,2.01,1.19,-2.71
2021-03-18,605068,32.99,33.41,33.74,32.58,6076,20204310.0,3.54,1.89,0.62,1.46,13.01,10.13,14.18,7.98,8.78,5.89,5.99,5.16,1.78,2.09,32.97,33.75,35.62,35.92,2.87,2.16,3.23,0.27,-2.42,-3.62,0.12,-0.69,-4.52,-6.32
2021-03-19,605068,33.1,32.97,34.37,32.95,8345,28052825.0,4.25,-1.32,-0.44,2.01,8.89,12.9,6.77,7.56,4.7,4.8,3.98,0.64,0.94,2.4,32.76,33.53,35.44,35.75,3.52,4.61,1.61,-1.12,-2.34,1.46,0.64,-3.25,-5.07,-5.4
2021-03-22,605068,33.01,34.03,34.13,33.01,11229,37918249.0,3.4,3.22,1.06,2.71,12.69,6.57,7.36,4.51,4.6,3.79,0.45,0.76,2.21,4.12,33.13,33.41,35.31,35.62,1.35,-1.56,-4.2,-5.38,-1.7,-2.5,-6.26,-8.02,-8.35,-6.58
2021-03-23,605068,34.16,33.72,34.49,33.41,5911,19963913.0,3.17,-0.91,-0.31,1.42,5.3,6.08,3.26,3.35,2.54,-0.75,-0.45,0.99,2.87,2.16,33.38,33.36,35.0,35.46,-0.65,-3.32,-4.51,-0.8,-1.6,-5.4,-7.18,-7.5,-5.72,-2.58
2021-03-24,605068,33.44,32.82,33.5,32.4,5468,17921143.0,3.26,-2.67,-0.9,1.32,9.38,6.48,6.57,5.74,2.35,2.65,4.14,6.08,5.34,6.45,33.39,33.24,34.63,35.32,-0.67,-1.89,1.92,1.1,-2.8,-4.63,-4.97,-3.14,0.09,4.36
2021-03-25,605068,32.6,31.59,32.6,31.33,9307,29589783.0,3.87,-3.75,-1.23,2.24,10.12,10.21,9.35,5.84,6.16,7.69,9.7,8.94,10.09,6.93,33.03,33.0,34.27,35.2,1.93,5.89,5.03,0.98,-0.92,-1.27,0.63,3.99,8.42,6.87
2021-03-26,605068,31.62,32.0,32.2,31.17,10108,32017438.0,3.26,1.3,0.41,2.44,10.78,9.91,6.38,6.71,8.25,10.27,9.5,10.65,7.48,4.59,32.83,32.8,34.04,35.07,4.53,3.69,-0.31,-2.19,-2.53,-0.66,2.66,7.03,5.5,8.34
2021-03-29,605068,32.1,33.45,33.45,31.77,10223,33388538.0,5.25,4.53,1.45,2.46,7.84,4.38,4.69,6.2,8.18,7.43,8.56,5.45,2.61,1.35,32.72,32.92,33.82,34.99,-0.81,-4.63,-6.43,-6.76,-4.96,-1.79,2.39,0.93,3.65,0.15
2021-03-30,605068,33.18,31.62,33.18,30.93,14165,44908111.0,6.73,-5.47,-1.83,3.41,7.21,7.53,9.09,11.12,10.35,11.51,8.31,5.4,4.11,8.15,32.3,32.84,33.57,34.87,0.89,-1.01,-1.36,0.54,3.89,8.32,6.77,9.65,5.95,6.74
2021-03-31,605068,31.62,30.93,31.9,30.74,12129,37827413.0,3.67,-2.18,-0.69,2.92,8.2,9.76,11.81,11.03,12.2,8.98,6.05,4.75,8.82,7.94,31.92,32.65,33.26,34.74,1.2,0.84,2.78,6.21,10.73,9.15,12.09,8.31,9.12,9.05
2021-04-01,605068,30.74,30.5,31.3,30.22,13002,39703818.0,3.49,-1.39,-0.43,3.13,11.65,13.73,12.94,14.13,10.85,7.88,6.55,10.69,9.79,5.56,31.7,32.36,33.06,34.53,2.26,4.23,7.7,12.3,10.69,13.67,9.84,10.66,10.59,11.05
2021-04-02,605068,30.5,30.8,31.19,30.2,14446,44289598.0,3.25,0.98,0.3,3.48,13.81,13.01,14.21,10.93,7.95,6.62,10.76,9.87,5.63,3.64,31.46,32.15,32.84,34.34,3.21,6.66,11.2,9.61,12.56,8.77,9.58,9.51,9.97,11.43
2021-04-06,605068,30.93,31.6,31.79,30.85,10191,32073530.0,3.05,2.6,0.8,2.46,10.63,11.8,8.59,5.67,4.38,8.43,7.55,3.4,1.46,1.1,31.09,31.9,32.66,34.18,3.96,8.39,6.84,9.72,6.01,6.8,6.74,7.18,8.61,9.78
2021-04-07,605068,31.57,32.85,32.85,31.38,13394,43070384.0,4.65,3.96,1.25,3.23,9.91,6.76,3.89,2.61,6.6,5.74,1.66,-0.25,-0.61,1.31,31.34,31.82,32.59,33.94,4.26,2.77,5.54,1.98,2.74,2.68,3.11,4.47,5.6,4.41
2021-04-08,605068,33.0,32.65,34.25,32.2,22891,75786829.0,6.24,-0.61,-0.2,5.52,4.04,1.24,0.0,3.88,3.04,-0.93,-2.8,-3.14,-1.27,2.02,31.68,31.8,32.52,33.69,3.4,6.19,2.6,3.37,3.31,3.74,5.11,6.25,5.05,6.55
2021-04-09,605068,32.65,33.38,33.76,32.16,15146,50197990.0,4.9,2.24,0.73,3.65,1.37,0.12,4.01,3.17,-0.81,-2.67,-3.02,-1.15,2.15,6.5,32.26,31.98,32.49,33.5,3.86,0.36,1.11,1.05,1.47,2.82,3.92,2.76,4.22,1.5
2021-04-12,605068,33.51,33.35,34.67,33.19,18629,63307283.0,4.43,-0.09,-0.03,4.49,-2.98,0.78,-0.03,-3.89,-5.69,-6.03,-4.22,-1.02,3.19,1.72,32.77,32.11,32.45,33.4,0.45,1.2,1.14,1.56,2.91,4.02,2.85,4.32,1.59,3.0
2021-04-13,605068,33.0,32.62,33.5,32.3,11113,36431206.0,3.6,-2.19,-0.73,2.68,3.56,2.72,-1.24,-3.1,-3.44,-1.58,1.7,6.04,4.52,7.34,32.97,32.03,32.48,33.22,3.46,3.4,3.83,5.21,6.35,5.15,6.65,3.86,5.3,2.64
2021-04-14,605068,32.62,33.36,33.75,32.42,11066,36851840.0,4.08,2.27,0.74,2.67,2.34,-1.6,-3.45,-3.79,-1.94,1.33,5.64,4.13,6.94,3.33,33.07,32.2,32.52,33.11,1.11,1.53,2.88,3.99,2.82,4.29,1.56,2.97,0.36,3.75
2021-04-15,605068,33.43,33.63,33.73,32.59,10653,35319736.0,3.42,0.81,0.27,2.57,-2.12,-3.96,-4.3,-2.45,0.8,5.09,3.59,6.38,2.79,3.56,33.27,32.47,32.56,33.0,0.71,2.05,3.15,1.99,3.45,0.74,2.14,-0.45,2.91,3.12
2021-04-16,605068,33.4,33.38,33.87,33.23,6338,21198044.0,1.9,-0.74,-0.25,1.53,-5.81,-6.14,-4.33,-1.14,3.07,1.59,4.33,0.81,1.56,1.5,33.27,32.76,32.56,32.96,2.82,3.92,2.76,4.22,1.5,2.91,0.3,3.68,3.89,9.11
2021-04-19,605068,33.54,34.02,34.32,33.5,15373,52080019.0,2.46,1.92,0.64,3.7,-6.9,-5.1,-1.94,2.24,0.78,3.49,0.0,0.75,0.69,1.1,33.4,33.08,32.62,32.92,1.97,0.82,2.26,-0.41,0.97,-1.59,1.73,1.94,7.05,8.14
2021-04-20,605068,34.08,34.42,34.69,33.72,14247,48723353.0,2.85,1.18,0.4,3.43,-5.72,-2.58,1.57,0.12,2.82,-0.65,0.09,0.03,0.44,1.78,33.76,33.37,32.63,32.89,-0.35,1.07,-1.57,-0.2,-2.73,0.55,0.76,5.81,6.89,4.94
2021-04-21,605068,34.21,34.23,34.3,33.51,9367,31818458.0,2.3,-0.55,-0.19,2.26,-1.97,2.21,0.75,3.46,-0.03,0.72,0.66,1.07,2.42,3.52,33.94,33.5,32.66,32.89,1.64,-1.02,0.35,-2.19,1.11,1.31,6.4,7.48,5.52,5.05
2021-04-22,605068,34.23,33.58,34.79,33.36,9134,31004693.0,4.18,-1.9,-0.65,2.2,2.67,1.2,3.93,0.42,1.17,1.11,1.53,2.88,3.99,2.82,33.93,33.6,32.7,32.88,0.89,2.29,-0.3,3.07,3.28,8.46,9.56,7.56,7.09,8.7
2021-04-23,605068,33.61,33.23,33.88,32.8,7155,23746207.0,3.22,-1.04,-0.35,1.72,2.93,5.7,2.13,2.9,2.84,3.26,4.63,5.76,4.57,6.07,33.9,33.58,32.78,32.85,3.37,0.75,4.15,4.36,9.6,10.71,8.7,8.22,9.84,5.27
2021-04-26,605068,33.5,33.48,34.35,32.91,7858,26466297.0,4.33,0.75,0.25,1.89,5.35,1.79,2.55,2.49,2.92,4.28,5.41,4.22,5.71,2.95,33.79,33.6,32.85,32.83,0.0,3.38,3.58,8.78,9.89,7.89,7.41,9.02,4.48,6.63
2021-04-27,605068,33.48,33.33,33.48,32.61,6260,20689761.0,2.6,-0.45,-0.15,1.51,2.73,3.5,3.43,3.86,5.24,6.38,5.18,6.69,3.89,5.34,33.57,33.67,32.85,32.87,3.84,4.05,9.27,10.38,8.37,7.89,9.51,4.95,7.11,7.86
2021-04-28,605068,33.64,34.42,34.61,33.16,11117,38166888.0,4.35,3.27,1.09,2.68,1.78,1.72,2.14,3.5,4.61,3.44,4.92,2.17,3.59,0.97,33.61,33.77,32.99,32.94,0.76,5.81,6.89,4.94,4.47,6.04,1.63,3.72,4.45,3.83
2021-04-29,605068,34.2,34.68,34.68,33.66,9934,33957738.0,2.96,0.76,0.26,2.39,0.21,0.62,1.96,3.06,1.9,3.36,0.65,2.05,-0.53,2.82,33.83,33.88,33.18,33.0,5.02,6.08,4.15,3.69,5.25,0.87,2.94,3.66,3.06,4.61
2021-04-30,605068,35.2,35.29,36.42,34.8,19075,67693346.0,4.67,1.76,0.61,4.6,-2.67,-1.38,-0.32,-1.44,-0.03,-2.64,-1.29,-3.79,-0.55,-0.34,34.24,34.07,33.42,33.06,4.25,2.35,1.9,3.43,-0.88,1.16,1.87,1.28,2.81,1.98
2021-05-06,605068,34.73,36.24,36.79,34.56,16490,59309733.0,6.32,2.69,0.95,3.97,-0.69,0.38,-0.75,0.67,-1.97,-0.61,-3.13,0.14,0.35,5.38,34.79,34.29,33.69,33.17,-0.33,-0.77,0.72,-3.48,-1.49,-0.8,-1.38,0.11,-0.69,-0.66
2021-05-07,605068,36.11,35.73,36.12,35.33,13461,48079940.0,2.18,-1.41,-0.51,3.24,-1.81,-2.92,-1.53,-4.1,-2.77,-5.24,-2.04,-1.84,3.09,4.13,35.27,34.42,33.89,33.23,0.64,2.16,-2.1,-0.08,0.62,0.03,1.54,0.73,0.76,6.33
2021-05-10,605068,35.68,35.9,35.96,34.58,9417,33509920.0,3.86,0.48,0.17,2.27,-0.81,0.61,-2.02,-0.67,-3.18,0.09,0.29,5.32,6.39,4.45,35.57,34.59,34.05,33.3,1.67,-2.56,-0.56,0.14,-0.45,1.06,0.25,0.28,5.82,9.47
2021-05-11,605068,36.5,34.45,36.5,34.41,12891,45211694.0,5.82,-4.04,-1.45,3.11,1.1,-1.54,-0.17,-2.7,0.58,0.78,5.84,6.92,4.97,4.5,35.52,34.67,34.14,33.36,1.54,3.63,4.35,3.74,5.31,4.47,4.5,10.28,14.08,13.15
2021-05-12,605068,34.3,34.85,34.98,33.51,9165,31566992.0,4.27,1.16,0.4,2.21,1.1,2.51,-0.09,3.28,3.49,8.68,9.79,7.79,7.31,8.92,35.43,34.84,34.21,33.47,2.44,3.16,2.55,4.1,3.27,3.3,9.01,12.77,11.85,13.92
2021-05-13,605068,34.7,35.38,35.7,34.5,8878,31267267.0,3.44,1.52,0.53,2.14,-0.43,-2.96,0.32,0.52,5.57,6.64,4.7,4.23,5.8,1.39,35.26,35.03,34.31,33.58,1.61,1.02,2.54,1.72,1.75,7.38,11.08,10.18,12.21,11.36
2021-05-14,605068,35.95,35.0,35.95,34.65,7169,25077292.0,3.67,-1.07,-0.38,1.73,-3.38,-0.12,0.09,5.11,6.18,4.24,3.78,5.34,0.95,3.03,35.12,35.19,34.43,33.63,2.11,3.66,2.83,2.86,8.54,12.29,11.37,13.43,12.57,10.57
2021-05-17,605068,34.78,35.52,35.74,33.86,9832,34413942.0,5.37,1.49,0.52,2.37,2.22,2.42,7.56,8.65,6.67,6.2,7.8,3.31,5.43,6.17,35.04,35.3,34.54,33.76,2.14,1.32,1.35,6.95,10.64,9.74,11.77,10.92,8.95,8.33
2021-05-18,605068,35.78,35.59,36.28,35.18,5815,20653650.0,3.1,0.2,0.07,1.4,-1.42,3.52,4.58,2.67,2.22,3.75,-0.57,1.48,2.19,1.59,35.27,35.39,34.64,33.92,1.12,1.15,6.74,10.42,9.53,11.55,10.71,8.74,8.12,13.71
2021-05-19,605068,35.58,35.46,35.99,35.01,8346,29544941.0,2.75,-0.37,-0.13,2.01,4.03,5.08,3.17,2.71,4.26,-0.09,1.97,2.68,2.09,3.63,35.39,35.41,34.74,34.08,1.52,7.13,10.83,9.93,11.96,11.11,9.14,8.52,14.13,14.1
2021-05-20,605068,35.2,35.92,36.0,35.11,11164,39895409.0,2.51,1.3,0.46,2.69,4.78,2.88,2.42,3.96,-0.37,1.68,2.39,1.79,3.33,2.51,35.5,35.38,34.84,34.25,5.76,9.41,8.52,10.52,9.69,7.74,7.13,12.67,12.64,13.72
2021-05-21,605068,36.2,37.82,37.99,35.5,25580,94821467.0,6.93,5.29,1.9,6.16,1.75,1.3,2.82,-1.46,0.56,1.27,0.68,2.2,1.38,1.41,36.06,35.59,35.01,34.46,3.91,3.07,4.97,4.18,2.33,1.75,7.01,6.98,8.01,4.36
2021-05-24,605068,37.6,38.78,39.3,37.41,24089,92519883.0,5.0,2.54,0.96,5.8,-3.88,-2.43,-6.5,-4.57,-3.9,-4.46,-3.02,-3.8,-3.77,1.55,36.71,35.88,35.23,34.66,0.52,2.37,1.6,-0.21,-0.77,4.36,4.33,5.34,1.78,1.65
2021-05-25,605068,38.7,38.61,38.98,37.8,14352,55075754.0,3.04,-0.44,-0.17,3.46,-3.44,-7.46,-5.56,-4.89,-5.45,-4.02,-4.79,-4.76,0.5,3.97,37.32,36.29,35.48,34.86,2.82,2.05,0.23,-0.34,4.82,4.79,5.8,2.23,2.1,-1.37
2021-05-26,605068,38.35,39.02,39.7,38.35,10744,42177297.0,3.5,1.06,0.41,2.59,-8.79,-6.91,-6.26,-6.81,-5.4,-6.15,-6.13,-0.94,2.48,1.64,38.03,36.71,35.77,35.04,0.97,-0.82,-1.38,3.72,3.69,4.69,1.15,1.03,-2.41,-5.23
2021-05-27,605068,39.4,38.23,39.4,38.21,11934,46120124.0,3.05,-2.02,-0.79,2.88,-6.57,-5.91,-6.46,-5.05,-5.81,-5.78,-0.58,2.85,2.02,3.9,38.49,36.99,36.01,35.21,1.23,0.65,5.86,5.83,6.85,3.24,3.11,-0.39,-3.27,-3.51
2021-05-28,605068,38.48,37.8,38.7,37.72,11870,45156094.0,2.56,-1.12,-0.43,2.86,-4.69,-5.25,-3.82,-4.59,-4.56,0.72,4.19,3.34,5.25,4.45,38.49,37.28,36.23,35.38,1.8,7.06,7.04,8.07,4.42,4.29,0.74,-2.17,-2.41,-1.85
2021-05-31,605068,37.8,38.27,38.48,37.58,7842,29863934.0,2.38,1.24,0.47,1.89,-4.9,-3.46,-4.23,-4.2,1.09,4.58,3.73,5.64,4.84,2.98,38.39,37.55,36.43,35.54,5.75,5.72,6.74,3.14,3.0,-0.5,-3.37,-3.61,-3.06,-2.87
2021-06-01,605068,38.2,39.91,40.47,38.01,12989,51613341.0,6.43,4.29,1.64,3.13,-4.55,-5.31,-5.29,-0.05,3.39,2.55,4.45,3.66,1.82,1.24,38.65,37.98,36.69,35.75,1.38,2.36,-1.1,-1.23,-4.59,-7.34,-7.57,-7.04,-6.87,-6.61
2021-06-02,605068,39.81,39.24,40.46,39.07,12065,47847548.0,3.48,-1.68,-0.67,2.91,-7.88,-7.86,-2.76,0.59,-0.23,1.61,0.84,-0.95,-1.51,3.58,38.69,38.36,36.89,35.95,4.1,0.59,0.46,-2.96,-5.76,-5.99,-5.45,-5.28,-5.02,-7.75
2021-06-03,605068,39.38,39.88,40.85,39.38,16935,68254788.0,3.75,1.63,0.64,4.08,-8.58,-3.53,-0.2,-1.02,0.81,0.05,-1.73,-2.29,2.77,2.74,39.02,38.76,37.07,36.14,-1.03,-1.15,-4.51,-7.27,-7.5,-6.97,-6.8,-6.54,-9.23,-9.05
2021-06-04,605068,39.35,39.42,39.47,38.28,10919,42566367.0,2.98,-1.15,-0.46,2.63,-0.76,2.66,1.83,3.71,2.93,1.1,0.52,5.72,5.69,6.71,39.34,38.92,37.25,36.31,0.0,-3.4,-6.19,-6.42,-5.89,-5.71,-5.45,-8.17,-7.99,-9.28
2021-06-07,605068,39.19,37.84,39.42,37.71,13661,52175550.0,4.34,-4.01,-1.58,3.29,4.22,3.37,5.28,4.48,2.63,2.04,7.32,7.29,8.33,4.67,39.26,38.82,37.35,36.43,0.63,-2.27,-2.51,-1.96,-1.77,-1.51,-4.33,-4.15,-5.5,-4.92
2021-06-08,605068,37.9,36.65,38.08,36.47,11664,43187914.0,4.25,-3.14,-1.19,2.81,6.88,8.86,8.03,6.11,5.51,10.97,10.94,12.01,8.23,8.09,38.61,38.63,37.46,36.53,0.9,0.65,1.23,1.42,1.69,-1.23,-1.04,-2.43,-1.83,1.47
2021-06-09,605068,36.97,36.33,36.98,36.12,7383,26907696.0,2.35,-0.87,-0.32,1.78,9.91,9.08,7.14,6.53,12.04,12.02,13.1,9.27,9.14,5.43,38.02,38.36,37.53,36.63,1.54,2.12,2.31,2.59,-0.36,-0.17,-1.57,-0.96,2.37,-0.8
2021-06-10,605068,36.28,36.56,36.89,36.12,12603,45900029.0,2.12,0.63,0.23,3.04,9.08,7.14,6.53,12.04,12.02,13.1,9.27,9.14,5.43,2.38,37.36,38.19,37.59,36.74,1.48,1.67,1.94,-0.98,-0.79,-2.19,-1.59,1.72,-1.42,-3.53
2021-06-11,605068,36.58,37.1,37.1,35.52,14291,52147822.0,4.32,1.48,0.54,3.44,8.95,8.33,13.94,13.91,15.01,11.12,10.98,7.21,4.11,3.86,36.9,38.12,37.7,36.86,0.19,0.46,-2.43,-2.24,-3.61,-3.02,0.24,-2.86,-4.93,-3.05
2021-06-15,605068,37.1,36.94,37.17,36.0,9687,35453174.0,3.15,-0.43,-0.16,2.33,6.89,12.42,12.39,13.47,9.64,9.5,5.78,2.72,2.47,3.06,36.72,37.99,37.77,36.95,0.89,-2.0,-1.81,-3.19,-2.6,0.68,-2.44,-4.52,-2.63,-0.43
2021-06-16,605068,37.27,36.21,37.27,35.68,7611,27567604.0,4.3,-1.98,-0.73,1.83,13.42,13.4,14.49,10.62,10.48,6.73,3.64,3.39,3.98,4.18,36.63,37.62,37.8,37.0,-0.03,0.17,-1.24,-0.64,2.71,-0.47,-2.6,-0.66,1.57,1.88
2021-06-17,605068,36.2,35.85,36.2,35.61,5225,18726034.0,1.63,-0.99,-0.36,1.26,13.62,14.71,10.84,10.7,6.94,3.85,3.59,4.18,4.38,4.66,36.53,37.28,37.82,37.02,1.17,-0.25,0.36,3.74,0.53,-1.62,0.33,2.59,2.9,0.95
2021-06-18,605068,35.85,34.97,36.27,34.88,11196,39583251.0,3.88,-2.45,-0.88,2.7,17.12,13.16,13.02,9.17,6.02,5.76,6.36,6.57,6.85,3.78,36.21,36.79,37.77,36.97,2.26,2.89,6.35,3.06,0.86,2.86,5.18,5.49,3.49,2.43
2021-06-21,605068,35.37,35.59,35.76,34.5,15428,54628981.0,3.6,1.77,0.62,3.72,14.41,14.26,10.38,7.19,6.93,7.54,7.74,8.03,4.93,5.13,35.91,36.4,37.66,36.97,1.1,4.5,1.26,-0.9,1.07,3.34,3.65,1.69,0.65,-0.81
2021-06-22,605068,35.85,35.55,35.98,35.38,10497,37416488.0,1.69,-0.11,-0.04,2.53,11.42,7.63,4.52,4.27,4.86,5.06,5.34,2.32,2.52,1.07,35.63,36.17,37.5,36.96,4.61,1.38,-0.79,1.18,3.46,3.77,1.8,0.76,-0.7,-0.45
2021-06-23,605068,35.54,35.95,37.19,35.45,13482,49194961.0,4.89,1.13,0.4,3.25,7.42,4.32,4.06,4.65,4.85,5.13,2.12,2.31,0.87,1.5,35.58,36.11,37.37,37.01,0.25,-1.89,0.06,2.31,2.61,0.67,-0.36,-1.81,-1.56,-1.39
2021-06-24,605068,36.0,34.9,36.04,34.89,9079,31982493.0,3.2,-2.92,-1.05,2.19,5.99,5.73,6.33,6.53,6.82,3.75,3.96,2.49,3.12,6.59,35.39,35.96,37.16,37.01,1.06,3.07,5.39,5.7,3.7,2.64,1.15,1.4,1.58,1.72
2021-06-25,605068,35.27,34.41,35.27,34.2,8083,27915055.0,3.07,-1.4,-0.49,1.95,7.87,8.48,8.68,8.98,5.85,6.05,4.56,5.2,8.74,5.38,35.28,35.75,36.97,36.98,4.53,6.89,7.21,5.17,4.1,2.59,2.85,3.02,3.17,1.45
2021-06-28,605068,34.35,35.53,35.97,34.35,10858,38513775.0,4.71,3.25,1.12,2.62,8.01,8.21,8.5,5.39,5.59,4.1,4.75,8.27,4.92,2.68,35.27,35.59,36.86,37.0,3.52,3.83,1.86,0.82,-0.65,-0.39,-0.23,-0.08,-1.75,-3.52
2021-06-29,605068,35.53,35.93,36.78,35.3,8719,31503716.0,4.17,1.13,0.4,2.1,5.3,5.58,2.55,2.75,1.3,1.93,5.35,2.1,-0.08,1.9,35.34,35.49,36.74,37.01,2.67,0.72,-0.31,-1.75,-1.5,-1.34,-1.2,-2.84,-4.59,-4.26
2021-06-30,605068,35.92,35.97,36.89,35.6,10043,36429316.0,3.59,0.11,0.04,2.42,4.69,1.69,1.88,0.45,1.07,4.47,1.24,-0.93,1.04,3.31,35.35,35.47,36.54,37.02,0.61,-0.42,-1.86,-1.61,-1.45,-1.31,-2.95,-4.7,-4.36,-5.89
2021-07-01,605068,35.93,35.82,36.19,34.89,8684,30934975.0,3.61,-0.42,-0.15,2.09,3.75,3.96,2.49,3.12,6.59,3.3,1.09,3.1,5.42,5.73,35.53,35.46,36.37,37.03,0.0,-1.45,-1.2,-1.03,-0.89,-2.54,-4.3,-3.96,-5.5,-5.92
2021-07-02,605068,35.82,34.89,35.82,34.63,6111,21416607.0,3.32,-2.6,-0.93,1.47,4.74,3.26,3.9,7.39,4.07,1.85,3.87,6.21,6.53,4.5,35.63,35.45,36.12,37.0,1.18,1.43,1.61,1.75,0.06,-1.75,-1.4,-2.98,-3.41,-3.3
2021-07-05,605068,34.88,34.69,35.3,34.43,4324,14983325.0,2.49,-0.57,-0.2,1.04,3.86,4.5,8.02,4.68,2.44,4.47,6.83,7.14,5.11,4.04,35.46,35.36,35.88,36.89,2.02,2.19,2.33,0.63,-1.18,-0.84,-2.42,-2.85,-2.74,-4.61
2021-07-06,605068,34.51,34.95,35.39,34.51,4407,15354929.0,2.54,0.75,0.26,1.06,4.26,7.77,4.43,2.2,4.23,6.58,6.9,4.87,3.8,2.29,35.26,35.3,35.74,36.77,1.43,1.57,-0.11,-1.92,-1.57,-3.15,-3.58,-3.46,-5.32,-5.78
2021-07-07,605068,35.02,35.15,35.45,34.0,5620,19696213.0,4.15,0.57,0.2,1.35,9.38,6.0,3.74,5.79,8.18,8.5,6.44,5.35,3.82,4.09,35.1,35.22,35.66,36.65,1.0,-0.68,-2.48,-2.13,-3.7,-4.13,-4.01,-5.86,-6.32,-6.6
2021-07-08,605068,35.01,34.61,35.5,34.56,4863,16941105.0,2.67,-1.54,-0.54,1.17,4.28,2.05,4.08,6.42,6.74,4.72,3.65,2.14,2.4,2.58,34.86,35.2,35.58,36.5,0.87,-0.95,-0.61,-2.2,-2.63,-2.51,-4.39,-4.85,-5.14,-2.63
2021-07-09,605068,34.45,33.85,34.91,33.79,7137,24474615.0,3.24,-2.2,-0.76,1.72,4.38,6.45,8.85,9.17,7.1,6.01,4.47,4.74,4.91,5.06,34.65,35.14,35.44,36.36,1.27,1.62,0.0,-0.44,-0.32,-2.25,-2.72,-3.01,-0.44,-0.71
2021-07-12,605068,33.71,34.1,34.28,33.4,9216,31269451.0,2.6,0.74,0.25,2.22,7.69,10.12,10.45,8.35,7.25,5.69,5.96,6.14,6.29,4.52,34.53,35.0,35.29,36.24,0.88,-0.73,-1.17,-1.06,-2.96,-3.43,-3.72,-1.17,-1.44,-5.04
2021-07-13,605068,34.15,33.59,34.4,33.41,6387,21575499.0,2.9,-1.5,-0.51,1.54,10.09,10.42,8.32,7.21,5.66,5.93,6.11,6.26,4.49,2.6,34.26,34.76,35.13,36.08,0.77,0.33,0.45,-1.49,-1.96,-2.26,0.33,0.06,-3.6,-5.39
2021-07-14,605068,33.85,33.05,33.85,32.5,7440,24621934.0,4.02,-1.61,-0.54,1.79,13.51,11.35,10.22,8.62,8.89,9.08,9.23,7.42,5.48,5.85,33.84,34.47,34.97,35.85,1.97,2.09,0.12,-0.36,-0.67,1.97,1.69,-2.03,-3.84,-5.11
2021-07-15,605068,33.05,33.51,33.7,32.62,7023,23371022.0,3.27,1.39,0.46,1.69,10.94,9.81,8.22,8.49,8.68,8.83,7.02,5.09,5.46,3.77,33.62,34.24,34.85,35.66,0.69,-1.25,-1.73,-2.03,0.57,0.3,-3.37,-5.16,-6.42,-7.31
2021-07-16,605068,33.55,32.83,33.74,32.7,5102,16814085.0,3.1,-2.03,-0.68,1.23,9.54,7.95,8.23,8.41,8.56,6.76,4.83,5.2,3.52,3.06,33.42,34.03,34.74,35.42,0.79,0.3,0.0,2.65,2.38,-1.37,-3.2,-4.48,-5.39,1.86
2021-07-19,605068,32.8,33.0,33.09,32.7,2531,8328076.0,1.19,0.52,0.17,0.61,7.95,8.23,8.41,8.56,6.76,4.83,5.2,3.52,3.06,3.18,33.2,33.86,34.61,35.21,-0.21,-0.52,2.12,1.85,-1.88,-3.7,-4.97,-5.88,1.33,1.33
2021-07-20,605068,32.8,32.52,32.93,32.22,3900,12671771.0,2.15,-1.45,-0.48,0.94,9.84,10.02,10.18,8.35,6.39,6.77,5.06,4.59,4.72,2.7,32.98,33.62,34.46,35.03,0.95,3.63,3.35,-0.43,-2.28,-3.57,-4.49,2.83,2.83,5.6
2021-07-21,605068,32.5,32.26,32.83,31.9,7170,23132108.0,2.86,-0.8,-0.26,1.73,11.13,11.29,9.44,7.46,7.84,6.11,5.64,5.77,3.73,3.23,32.82,33.33,34.28,34.89,4.46,4.18,0.37,-1.49,-2.79,-3.72,3.66,3.66,6.45,5.95
2021-07-22,605068,32.38,33.45,33.7,31.6,8285,27101602.0,6.51,3.69,1.19,2.0,12.34,10.47,8.48,8.86,7.12,6.65,6.77,4.72,4.21,3.89,32.81,33.22,34.21,34.79,0.48,-3.2,-4.99,-6.25,-7.14,-0.03,-0.03,2.66,2.18,4.45
2021-07-23,605068,33.2,32.32,33.61,32.12,6150,20059483.0,4.45,-3.38,-1.13,1.48,8.69,6.72,7.1,5.39,4.92,5.04,3.02,2.52,2.21,4.92,32.71,33.06,34.1,34.65,0.19,-1.67,-2.97,-3.9,3.47,3.47,6.25,5.75,8.11,7.64
2021-07-26,605068,32.38,31.4,32.38,31.04,5109,16127720.0,4.15,-2.85,-0.92,1.23,10.44,10.82,9.05,8.57,8.7,6.6,6.09,5.77,8.57,8.28,32.39,32.79,33.89,34.46,1.21,-0.13,-1.08,6.5,6.5,9.36,8.85,11.27,10.8,12.17
2021-07-27,605068,31.54,31.08,31.78,31.06,2990,9376813.0,2.29,-1.02,-0.32,0.72,10.75,8.98,8.5,8.63,6.54,6.02,5.7,8.5,8.21,4.25,32.1,32.54,33.65,34.26,0.9,-0.06,7.59,7.59,10.49,9.97,12.42,11.94,13.32,12.61
2021-07-28,605068,31.08,29.97,31.36,29.75,6498,19678969.0,5.18,-3.57,-1.11,1.57,13.78,13.28,13.41,11.23,10.69,10.35,13.28,12.97,8.84,6.82,31.64,32.23,33.35,34.06,3.64,11.58,11.58,14.58,14.05,16.58,16.08,17.52,16.78,15.05
2021-07-29,605068,30.33,30.96,31.06,29.95,5247,16139926.0,3.7,3.3,0.99,1.26,12.52,12.65,10.48,9.95,9.62,12.52,12.22,8.11,6.11,4.71,31.15,31.98,33.11,33.89,8.01,8.01,10.92,10.4,12.86,12.37,13.76,13.05,11.37,10.79
2021-07-30,605068,30.69,32.58,33.44,30.51,9027,29161292.0,9.46,5.23,1.62,2.18,10.59,8.46,7.93,7.6,10.46,10.16,6.13,4.16,2.79,1.8,31.2,31.95,32.99,33.81,2.64,5.4,4.91,7.24,6.78,8.1,7.43,5.83,5.28,5.19
2021-08-02,605068,33.2,32.95,33.44,32.06,9936,32619254.0,4.24,1.14,0.37,2.39,3.21,2.71,2.4,5.12,4.83,1.0,-0.87,-2.18,-3.12,4.3,31.51,31.95,32.91,33.73,4.22,3.73,6.04,5.58,6.89,6.22,4.64,4.1,4.01,3.95
2021-08-03,605068,32.99,33.75,34.34,32.75,10834,36576271.0,4.83,2.43,0.8,2.61,0.55,0.24,2.9,2.63,-1.13,-2.96,-4.24,-5.16,2.11,2.11,32.04,32.07,32.85,33.67,1.27,3.53,3.08,4.36,3.7,2.16,1.63,1.54,1.48,-0.5
2021-08-04,605068,34.01,33.86,34.18,33.22,8876,29937586.0,2.84,0.33,0.11,2.14,-1.17,1.44,1.17,-2.53,-4.33,-5.6,-6.5,0.66,0.66,3.37,32.82,32.23,32.78,33.6,3.19,2.75,4.02,3.37,1.83,1.3,1.21,1.15,-0.83,-3.34
2021-08-05,605068,34.01,34.24,34.94,33.93,12423,42693651.0,2.98,1.12,0.38,2.99,-0.68,-0.94,-4.57,-6.34,-7.57,-8.46,-1.44,-1.44,1.21,0.74,33.48,32.31,32.76,33.57,1.61,2.86,2.22,0.7,0.18,0.09,0.03,-1.93,-4.41,-4.59
2021-08-06,605068,34.0,34.37,34.79,33.85,11490,39636115.0,2.75,0.38,0.13,2.77,-0.71,-4.34,-6.12,-7.36,-8.24,-1.21,-1.21,1.45,0.97,3.22,33.83,32.52,32.79,33.57,2.47,1.83,0.32,-0.2,-0.29,-0.35,-2.3,-4.77,-4.95,-4.68
2021-08-09,605068,34.6,34.82,35.22,34.44,6249,21824759.0,2.27,1.31,0.45,1.51,-5.98,-7.72,-8.94,-9.81,-2.9,-2.9,-0.29,-0.75,1.45,1.02,34.21,32.86,32.83,33.55,0.52,-0.98,-1.49,-1.58,-1.64,-3.56,-6.0,-6.17,-5.92,-3.3
2021-08-10,605068,34.81,34.49,35.0,34.02,15709,53997853.0,2.81,-0.95,-0.33,3.79,-6.58,-7.82,-8.7,-1.7,-1.7,0.94,0.47,2.7,2.26,3.53,34.36,33.2,32.87,33.5,-0.03,-0.55,-0.64,-0.7,-2.64,-5.1,-5.28,-5.02,-2.38,-0.9
2021-08-11,605068,34.34,34.06,34.48,33.81,6876,23474237.0,1.94,-1.25,-0.43,1.66,-7.25,-8.13,-1.09,-1.09,1.57,1.09,3.34,2.9,4.17,3.52,34.4,33.61,32.92,33.44,0.7,0.62,0.56,-1.41,-3.9,-4.08,-3.82,-1.15,0.35,0.47
2021-08-12,605068,34.11,33.81,34.3,33.71,8219,27914520.0,1.73,-0.73,-0.25,1.98,-7.86,-0.8,-0.8,1.87,1.39,3.65,3.2,4.48,3.83,2.28,34.31,33.89,32.94,33.37,1.36,1.3,-0.68,-3.19,-3.37,-3.11,-0.41,1.09,1.21,-0.38
2021-08-13,605068,33.81,33.75,34.27,33.48,4833,16335274.0,2.34,-0.18,-0.06,1.16,-0.12,-0.12,2.57,2.09,4.36,3.91,5.2,4.54,2.99,2.45,34.19,34.01,32.98,33.33,1.48,-0.5,-3.02,-3.2,-2.93,-0.24,1.27,1.39,-0.21,3.26
2021-08-16,605068,33.75,33.13,34.25,32.99,10306,34434319.0,3.73,-1.84,-0.62,2.48,1.36,4.09,3.61,5.91,5.46,6.76,6.09,4.52,3.97,3.88,33.85,34.03,32.99,33.28,1.36,-1.21,-1.39,-1.12,1.63,3.17,3.29,1.66,5.19,7.43
2021-08-17,605068,33.2,32.5,33.58,32.46,10467,34466732.0,3.38,-1.9,-0.63,2.52,5.79,5.3,7.64,7.18,8.5,7.83,6.22,5.67,5.58,5.51,33.45,33.9,32.99,33.2,0.71,0.52,0.8,3.6,5.17,5.29,3.63,7.23,9.51,0.43
2021-08-18,605068,32.55,31.98,32.73,31.48,7021,22407796.0,3.85,-1.6,-0.52,1.69,8.58,10.99,10.51,11.88,11.18,9.53,8.96,8.86,8.8,6.67,33.03,33.72,32.97,33.09,2.16,2.44,5.28,6.88,7.0,5.32,8.97,11.29,2.06,-3.41
2021-08-19,605068,31.88,32.41,32.67,31.52,4989,16087084.0,3.6,1.34,0.43,1.2,10.85,10.37,11.74,11.04,9.39,8.82,8.72,8.66,6.54,3.84,32.75,33.53,32.92,33.02,1.08,3.89,5.46,5.58,3.92,7.53,9.81,0.71,-4.69,-8.7
2021-08-20,605068,32.76,32.5,32.76,31.55,6698,21447600.0,3.73,0.28,0.09,1.61,10.27,11.63,10.94,9.29,8.72,8.62,8.56,6.43,3.74,3.55,32.5,33.35,32.93,32.97,3.6,5.17,5.29,3.63,7.23,9.51,0.43,-4.95,-8.95,-9.57
2021-08-23,605068,32.25,33.49,33.67,32.25,9041,29917434.0,4.37,3.05,0.99,2.18,9.21,8.53,6.91,6.36,6.26,6.2,4.12,1.49,1.3,1.58,32.58,33.21,33.04,32.95,2.06,2.18,0.57,4.06,6.27,-2.54,-7.76,-11.65,-12.24,-12.06
2021-08-24,605068,33.48,33.84,34.18,33.04,6058,20437512.0,3.4,1.05,0.35,1.46,5.93,4.36,3.81,3.72,3.66,1.63,-0.94,-1.12,-0.85,1.91,32.84,33.15,33.17,32.96,1.12,-0.47,2.98,5.17,-3.55,-8.72,-12.56,-13.15,-12.97,-11.35
2021-08-25,605068,33.76,33.63,34.22,33.3,6519,21957985.0,2.72,-0.62,-0.21,1.57,3.54,3.0,2.91,2.85,0.84,-1.71,-1.89,-1.62,1.11,2.64,33.17,33.1,33.36,32.98,0.15,3.63,5.83,-2.94,-8.15,-12.01,-12.61,-12.43,-10.79,-12.67
2021-08-26,605068,33.51,33.07,33.68,32.91,6226,20671670.0,2.29,-1.67,-0.56,1.5,4.22,4.13,4.07,2.04,-0.55,-0.73,-0.46,2.31,3.86,3.98,33.31,33.03,33.46,32.97,5.38,7.62,-1.3,-6.59,-10.52,-11.13,-10.95,-9.28,-11.19,-11.43
2021-08-27,605068,33.07,34.65,34.85,32.71,11315,38664697.0,6.47,4.78,1.58,2.73,4.77,4.71,2.66,0.06,-0.12,0.15,2.93,4.49,4.62,2.97,33.74,33.12,33.57,33.03,2.71,-5.8,-10.85,-14.6,-15.18,-15.01,-13.42,-15.24,-15.47,-12.67
2021-08-30,605068,34.9,34.06,35.59,31.68,34406,116198618.0,11.28,-1.7,-0.59,8.29,8.11,6.0,3.31,3.12,3.41,6.28,7.89,8.02,6.31,10.01,33.85,33.21,33.62,33.06,-4.17,-9.31,-13.12,-13.71,-13.53,-11.92,-13.77,-14.0,-11.16,-8.98
2021-08-31,605068,31.25,30.95,32.64,30.81,24422,76961146.0,5.37,-9.13,-3.11,5.88,8.99,6.23,6.04,6.33,9.28,10.94,11.07,9.32,13.11,15.51,33.27,33.06,33.48,33.01,-0.19,-4.39,-5.04,-4.85,-3.07,-5.11,-5.36,-2.23,0.16,0.16
2021-09-01,605068,30.55,30.0,30.89,28.38,21286,62275101.0,8.11,-3.07,-0.95,5.13,15.33,15.12,15.43,18.64,20.44,20.58,18.68,22.8,25.41,15.01,32.55,32.86,33.29,32.94,-1.37,-2.03,-1.83,0.0,-2.1,-2.37,0.87,3.33,3.33,0.9
2021-09-02,605068,29.16,29.24,29.59,28.61,13350,38622435.0,3.27,-2.53,-0.76,3.22,14.19,14.51,17.69,19.47,19.61,17.72,21.81,24.4,14.09,7.97,31.78,32.54,33.04,32.8,0.51,0.72,2.6,0.44,0.17,3.49,6.02,6.02,3.52,1.23
2021-09-03,605068,29.08,29.1,29.39,28.8,5431,15800131.0,2.02,-0.48,-0.14,1.31,13.75,16.91,18.68,18.82,16.94,21.01,23.58,13.33,7.26,2.74,30.67,32.2,32.77,32.69,1.2,3.09,0.93,0.65,3.99,6.53,6.53,4.02,1.72,-0.58
2021-09-06,605068,29.03,29.31,29.45,29.03,4681,13711938.0,1.44,0.72,0.21,1.13,15.98,17.74,17.88,16.02,20.05,22.6,12.44,6.41,1.93,1.24,29.72,31.78,32.5,32.62,2.35,0.2,-0.07,3.24,5.77,5.77,3.28,0.99,-1.3,-2.32
2021-09-07,605068,29.79,29.32,30.0,28.84,9750,28568216.0,3.96,0.03,0.01,2.35,18.52,18.65,16.78,20.84,23.4,13.18,7.11,2.6,1.91,2.12,29.39,31.33,32.24,32.56,0.17,-0.1,3.21,5.73,5.73,3.24,0.95,-1.33,-2.35,-3.21
2021-09-08,605068,29.3,29.25,29.37,29.1,5432,15860154.0,0.92,-0.24,-0.07,1.31,17.59,15.74,19.76,22.3,12.16,6.15,1.68,1.0,1.2,3.09,29.24,30.89,32.0,32.54,0.14,3.45,5.98,5.98,3.49,1.2,-1.09,-2.12,-2.97,-2.32
2021-09-09,605068,29.25,29.16,29.29,29.02,3318,9663420.0,0.92,-0.31,-0.09,0.8,16.06,20.09,22.64,12.47,6.44,1.96,1.27,1.48,3.38,1.21,29.23,30.5,31.77,32.48,3.77,6.31,6.31,3.81,1.51,-0.79,-1.82,-2.67,-2.02,-2.71
2021-09-10,605068,29.47,30.25,30.26,29.3,13412,40088553.0,3.29,3.74,1.09,3.23,18.94,21.47,11.4,5.43,0.99,0.31,0.51,2.39,0.24,-0.03,29.46,30.06,31.59,32.4,2.48,2.48,0.07,-2.15,-4.36,-5.36,-6.18,-5.55,-6.21,-9.06
2021-09-13,605068,30.19,30.77,31.0,29.72,8123,24856285.0,4.23,1.72,0.52,1.96,19.75,9.83,3.94,-0.44,-1.11,-0.91,0.94,-1.18,-1.45,1.82,29.75,29.73,31.47,32.33,0.75,-1.62,-3.8,-5.98,-6.95,-7.77,-7.15,-7.8,-10.59,-11.44
2021-09-14,605068,30.77,29.98,31.0,29.92,7418,22419458.0,3.51,-2.57,-0.79,1.79,9.09,3.24,-1.1,-1.77,-1.57,0.27,-1.84,-2.11,1.14,3.61,29.88,29.64,31.35,32.2,0.97,-1.27,-3.5,-4.5,-5.34,-4.7,-5.37,-8.24,-9.11,-9.91
2021-09-15,605068,29.9,29.52,30.27,29.47,5576,16617422.0,2.67,-1.53,-0.46,1.34,4.82,0.41,-0.27,-0.07,1.8,-0.34,-0.61,2.68,5.19,5.19,29.94,29.59,31.22,32.06,0.27,-2.0,-3.01,-3.86,-3.22,-3.9,-6.81,-7.69,-8.5,-6.3
2021-09-16,605068,29.6,28.67,29.6,28.56,14031,40672516.0,3.52,-2.88,-0.85,3.38,3.61,2.91,3.12,5.04,2.84,2.56,5.95,8.54,8.54,5.99,29.84,29.53,31.04,31.87,0.91,-0.14,-1.01,-0.35,-1.05,-4.05,-4.95,-5.79,-3.52,-3.45
2021-09-17,605068,28.93,28.5,28.93,27.77,9882,27774073.0,4.05,-0.59,-0.17,2.38,5.83,6.05,8.03,5.76,5.47,8.97,11.63,11.63,9.0,6.59,29.49,29.47,30.84,31.67,0.46,-0.42,0.25,-0.46,-3.47,-4.39,-5.23,-2.95,-2.88,-0.77
2021-09-22,605068,28.63,27.81,28.63,27.78,6609,18499344.0,2.98,-2.42,-0.69,1.59,6.01,7.99,5.72,5.44,8.93,11.59,11.59,8.96,6.55,4.14,28.9,29.32,30.55,31.44,2.05,2.73,2.01,-1.08,-2.01,-2.88,-0.54,-0.47,1.69,8.2
2021-09-23,605068,27.9,28.18,28.38,27.86,6223,17541753.0,1.87,1.33,0.37,1.5,7.68,5.42,5.13,8.61,11.27,11.27,8.65,6.25,3.84,2.76,28.54,29.21,30.27,31.23,1.38,0.67,-2.38,-3.3,-4.15,-1.85,-1.77,0.35,6.78,7.52
2021-09-24,605068,28.2,28.36,28.57,28.06,3557,10061637.0,1.81,0.64,0.18,0.86,4.67,4.38,7.84,10.48,10.48,7.88,5.49,3.1,2.03,1.14,28.3,29.12,30.01,31.04,0.04,-3.0,-3.91,-4.76,-2.47,-2.4,-0.28,6.1,6.84,6.03
2021-09-27,605068,28.36,27.09,28.37,26.6,10324,28096062.0,6.24,-4.48,-1.27,2.49,10.11,13.76,16.54,16.54,13.8,11.28,8.76,7.63,6.69,7.41,27.99,28.91,29.71,30.82,1.55,0.59,-0.3,2.1,2.18,4.39,11.07,11.85,11.0,13.7
2021-09-28,605068,26.58,27.25,27.51,26.58,3759,10230242.0,3.43,0.59,0.16,0.91,13.84,16.63,16.63,13.88,11.36,8.84,7.71,6.77,7.49,6.73,27.74,28.61,29.34,30.6,0.0,-0.88,1.5,1.58,3.78,10.42,11.19,10.35,13.03,10.61
2021-09-29,605068,27.15,26.58,27.25,26.58,4516,12075737.0,2.46,-2.46,-0.67,1.09,16.63,16.63,13.88,11.36,8.84,7.71,6.77,7.49,6.73,3.5,27.49,28.19,28.96,30.38,1.62,4.06,4.14,6.4,13.21,14.0,13.13,15.88,13.39,13.32
2021-09-30,605068,26.69,26.96,27.01,26.5,2669,7146543.0,1.92,1.43,0.38,0.64,16.98,14.23,11.7,9.17,8.04,7.09,7.81,7.06,3.81,2.83,27.25,27.89,28.76,30.2,2.6,2.67,4.9,11.61,12.39,11.54,14.24,11.8,11.72,14.58
2021-10-08,605068,26.96,27.48,27.66,26.96,4740,12976082.0,2.6,1.93,0.52,1.14,12.28,9.79,7.31,6.19,5.27,5.97,5.23,2.04,1.08,0.19,27.07,27.69,28.64,30.05,0.73,2.91,9.5,10.26,9.43,12.08,9.68,9.61,12.41,14.7
2021-10-11,605068,27.54,27.15,27.68,27.03,3318,9016657.0,2.37,-1.2,-0.33,0.8,9.51,7.03,5.92,4.99,5.7,4.96,1.78,0.81,-0.07,2.33,27.08,27.54,28.53,29.87,4.16,10.83,11.6,10.76,13.44,11.01,10.94,13.78,16.1,18.53
2021-10-12,605068,27.06,27.69,28.28,27.05,8718,24188549.0,4.53,1.99,0.54,2.1,6.95,5.84,4.92,5.62,4.88,1.7,0.74,-0.15,2.26,2.33,27.17,27.45,28.46,29.71,8.67,9.43,8.6,11.23,8.85,8.78,11.56,13.83,16.22,14.34
2021-10-13,605068,27.84,29.99,30.09,27.61,20996,61548979.0,8.96,8.31,2.3,5.06,3.69,2.79,3.48,2.75,-0.36,-1.3,-2.17,0.18,0.25,2.43,27.85,27.67,28.5,29.59,1.03,0.27,2.7,0.5,0.43,3.0,5.1,7.3,5.57,3.07
2021-10-14,605068,29.94,29.78,30.3,28.92,13130,38998798.0,4.6,-0.7,-0.21,3.16,-1.87,-1.21,-1.9,-4.88,-5.77,-6.6,-4.36,-4.29,-2.21,4.05,28.42,27.83,28.52,29.46,0.97,3.43,1.21,1.14,3.73,5.84,8.06,6.31,3.79,2.01
2021-10-15,605068,29.5,29.86,30.07,29.18,8522,25180129.0,2.99,0.27,0.08,2.05,-2.09,-2.78,-5.72,-6.61,-7.44,-5.21,-5.14,-3.08,3.12,3.84,28.89,27.98,28.55,29.33,3.15,0.94,0.87,3.45,5.56,7.77,6.03,3.52,1.74,5.46
2021-10-18,605068,30.5,30.11,30.8,29.5,8373,25157204.0,4.35,0.84,0.25,2.02,-3.83,-6.75,-7.63,-8.44,-6.24,-6.17,-4.14,2.0,2.71,1.93,29.49,28.28,28.6,29.23,0.1,0.03,2.59,4.68,6.87,5.15,2.66,0.9,4.58,7.01
2021-10-19,605068,29.78,29.81,30.14,29.58,3156,9395881.0,1.86,-1.0,-0.3,0.76,-7.0,-7.88,-8.69,-6.49,-6.42,-4.39,1.72,2.43,1.66,4.12,29.91,28.54,28.58,29.07,1.04,3.62,5.74,7.95,6.21,3.69,1.91,5.64,8.08,7.68
2021-10-20,605068,29.81,29.69,30.12,29.55,5033,14976392.0,1.91,-0.4,-0.12,1.21,-7.78,-8.6,-6.4,-6.33,-4.3,1.83,2.54,1.76,4.23,2.0,29.85,28.85,28.52,28.93,4.04,6.16,8.39,6.64,4.11,2.32,6.06,8.52,8.12,4.48
2021-10-21,605068,29.69,30.04,30.89,29.5,9368,28296895.0,4.68,1.18,0.35,2.26,-8.44,-6.24,-6.17,-4.14,2.0,2.71,1.93,4.41,2.17,2.1,29.9,29.16,28.53,28.9,4.93,7.12,5.39,2.9,1.13,4.83,7.26,6.86,3.26,3.06
2021-10-22,605068,29.9,31.32,31.52,29.8,14752,45541793.0,5.73,4.26,1.28,3.55,-7.18,-7.11,-5.1,0.97,1.68,0.91,3.36,1.14,1.07,3.66,30.19,29.54,28.62,28.94,2.75,1.09,-1.31,-3.0,0.54,2.87,2.49,-0.96,-1.15,0.99
2021-10-25,605068,31.49,31.7,32.18,30.0,9054,28528116.0,6.96,1.21,0.38,2.18,-7.73,-5.73,0.3,1.0,0.23,2.67,0.47,0.4,2.97,5.07,30.51,30.0,28.77,29.02,-0.13,-2.49,-4.16,-0.66,1.64,1.26,-2.15,-2.33,-0.22,1.01
2021-10-26,605068,31.31,30.85,31.66,30.5,6214,19340054.0,3.66,-2.68,-0.85,1.5,-7.28,-1.34,-0.66,-1.41,0.98,-1.18,-1.25,1.28,3.34,5.51,30.72,30.32,28.88,29.08,0.19,-1.52,2.07,4.44,4.05,0.55,0.36,2.53,3.79,12.45
2021-10-27,605068,30.75,30.11,30.91,29.46,6355,19058626.0,4.7,-2.4,-0.74,1.53,2.14,2.85,2.07,4.55,2.31,2.24,4.85,6.99,9.23,7.47,30.8,30.33,29.0,29.11,0.9,4.58,7.01,6.61,3.02,2.82,5.05,6.34,15.21,14.81
2021-10-28,605068,30.3,30.0,30.38,29.38,4175,12491230.0,3.32,-0.37,-0.11,1.01,3.13,2.35,4.83,2.59,2.52,5.14,7.28,9.53,7.76,5.21,30.8,30.35,29.09,29.13,4.97,7.4,7.0,3.4,3.2,5.43,6.73,15.63,15.23,21.67
2021-10-29,605068,29.88,30.6,31.49,29.81,7883,24159378.0,5.6,2.0,0.6,1.9,0.87,3.32,1.11,1.04,3.62,5.74,7.95,6.21,3.69,1.91,30.65,30.42,29.2,29.18,5.29,4.9,1.37,1.18,3.37,4.64,13.37,12.97,19.28,22.75
2021-11-01,605068,30.42,31.68,32.22,30.14,9436,29631546.0,6.8,3.53,1.08,2.27,2.19,0.0,-0.07,2.49,4.58,6.77,5.04,2.55,0.8,4.48,30.65,30.58,29.43,29.26,1.33,-2.08,-2.27,-0.16,1.07,9.5,9.12,15.21,18.56,25.22
2021-11-02,605068,31.84,30.95,32.1,30.78,5994,18800579.0,4.17,-2.3,-0.73,1.44,-2.08,-2.14,0.36,2.4,4.55,2.86,0.42,-1.3,2.31,4.68,30.67,30.69,29.62,29.28,0.23,0.03,2.2,3.46,12.08,11.7,17.93,21.36,28.17,25.62
2021-11-03,605068,30.94,30.18,31.02,29.6,7501,22606470.0,4.59,-2.49,-0.77,1.81,1.76,4.36,6.49,8.72,6.96,4.43,2.64,6.39,8.85,8.45,30.68,30.74,29.8,29.26,2.58,4.8,6.1,14.94,14.55,20.94,24.45,31.44,28.83,26.87
2021-11-04,605068,29.83,30.72,30.96,29.83,4574,14000347.0,3.74,1.79,0.54,1.1,3.55,5.67,7.88,6.13,3.62,1.84,5.56,8.01,7.61,3.99,30.83,30.81,29.99,29.29,2.96,4.23,12.92,12.53,18.82,22.27,29.13,26.56,24.64,21.97
2021-11-05,605068,30.74,30.71,31.63,30.5,4610,14309906.0,3.68,-0.03,-0.01,1.11,3.34,5.51,3.8,1.34,-0.39,3.25,5.64,5.25,1.7,1.51,30.85,30.75,30.15,29.33,4.27,12.96,12.57,18.85,22.31,29.18,26.6,24.68,22.01,19.6
2021-11-08,605068,30.51,31.67,32.02,29.92,9533,29794788.0,6.84,3.13,0.96,2.3,7.55,5.82,3.31,1.54,5.25,7.69,7.29,3.68,3.48,5.72,30.85,30.75,30.37,29.43,9.54,9.16,15.25,18.6,25.26,22.77,20.9,18.31,15.98,17.11
2021-11-09,605068,31.54,33.44,34.69,31.21,22418,75143422.0,10.99,5.59,1.77,5.4,1.44,-0.96,-2.66,0.9,3.24,2.85,-0.61,-0.8,1.35,2.6,31.34,31.01,30.66,29.59,3.38,9.15,12.32,18.63,16.27,14.5,12.05,9.84,10.92,16.57
2021-11-10,605068,33.28,34.43,34.57,33.1,13645,46413432.0,4.4,2.96,0.99,3.29,-6.62,-8.22,-4.86,-2.66,-3.02,-6.28,-6.47,-4.44,-3.26,4.8,32.19,31.44,30.88,29.81,6.01,9.09,15.22,12.92,11.21,8.83,6.68,7.73,13.22,10.8
2021-11-11,605068,35.0,34.88,36.5,34.43,16566,58412675.0,6.01,1.31,0.45,3.99,-11.76,-8.54,-6.42,-6.77,-9.9,-10.08,-8.13,-7.0,0.76,0.41,33.03,31.93,31.14,30.04,7.68,13.73,11.47,9.78,7.43,5.3,6.34,11.75,9.37,8.66
2021-11-12,605068,34.69,37.23,37.56,34.29,25812,94275063.0,9.38,6.74,2.35,6.22,-8.17,-6.04,-6.39,-9.54,-9.71,-7.76,-6.62,1.17,0.82,6.45,34.33,32.59,31.51,30.33,6.55,4.43,2.85,0.64,-1.34,-0.38,4.7,2.47,1.8,3.36
2021-11-15,605068,37.65,37.69,39.67,37.4,27527,105731194.0,6.1,1.24,0.46,6.63,-13.85,-14.17,-17.06,-17.22,-15.43,-14.39,-7.25,-7.57,-2.41,0.43,35.53,33.19,31.88,30.69,3.16,1.59,-0.58,-2.55,-1.59,3.42,1.22,0.56,2.1,5.52
2021-11-16,605068,37.67,38.06,38.88,36.48,22826,86124917.0,6.37,0.98,0.37,5.5,-12.01,-14.97,-15.13,-13.29,-12.23,-4.91,-5.24,0.05,2.96,8.74,36.46,33.9,32.3,31.05,0.6,-1.55,-3.49,-2.55,2.42,0.24,-0.42,1.1,4.49,3.44
2021-11-17,605068,37.83,37.48,38.29,37.31,11160,42083826.0,2.57,-1.52,-0.58,2.69,-16.86,-17.02,-15.22,-14.18,-7.02,-7.34,-2.17,0.67,6.33,4.21,37.07,34.63,32.69,31.41,-0.03,-2.0,-1.04,4.0,1.79,1.12,2.67,6.11,5.04,6.06
2021-11-18,605068,37.46,36.02,37.47,35.89,15670,56864654.0,4.22,-3.9,-1.46,3.78,-13.74,-11.87,-10.78,-3.34,-3.68,1.7,4.65,10.53,8.33,6.69,37.3,35.16,32.99,31.71,1.97,2.97,8.22,5.91,5.22,6.83,10.41,9.3,10.36,8.8
2021-11-19,605068,36.02,36.23,36.73,35.68,9444,34179414.0,2.92,0.58,0.21,2.28,-11.35,-10.26,-2.77,-3.11,2.3,5.27,11.18,8.97,7.32,5.02,37.1,35.71,33.23,32.0,2.37,7.59,5.3,4.61,6.21,9.77,8.67,9.72,8.17,6.13
2021-11-22,605068,36.24,35.92,37.09,35.69,10485,37833101.0,3.86,-0.86,-0.31,2.53,-10.28,-2.8,-3.14,2.27,5.24,11.15,8.94,7.28,4.99,2.91,36.74,36.14,33.44,32.29,8.52,6.21,5.51,7.13,10.72,9.6,10.66,9.1,7.04,9.08
2021-11-23,605068,36.01,37.64,38.98,36.01,23306,88194360.0,8.27,4.79,1.72,4.13,-3.67,-4.0,1.36,4.3,10.16,7.97,6.33,4.05,2.0,3.0,36.66,36.56,33.78,32.63,1.35,0.69,2.23,5.66,4.6,5.61,4.12,2.15,4.09,3.4
2021-11-24,605068,37.46,37.43,38.15,36.7,11522,43057671.0,3.85,-0.56,-0.21,2.04,-5.8,-0.54,2.34,8.09,5.94,4.33,2.1,0.08,1.06,6.21,36.65,36.86,34.15,32.87,1.26,2.81,6.25,5.18,6.2,4.7,2.73,4.68,3.98,0.0
2021-11-25,605068,37.06,37.06,37.9,36.33,7757,28704055.0,4.19,-0.99,-0.37,1.37,0.47,3.39,9.19,7.02,5.39,3.14,1.1,2.09,7.29,5.01,36.86,37.08,34.5,33.12,3.83,7.31,6.23,7.26,5.75,3.75,5.72,5.02,1.0,-0.19
2021-11-26,605068,37.16,38.19,38.48,36.46,11918,44830894.0,5.45,3.05,1.13,2.11,3.02,8.8,6.64,5.02,2.77,0.74,1.73,6.91,4.64,3.95,37.25,37.17,34.88,33.39,4.14,3.09,4.08,2.62,0.68,2.59,1.91,-1.99,-3.14,-3.48
2021-11-29,605068,37.35,38.36,39.77,36.5,25167,96504781.0,8.56,0.45,0.17,4.45,8.68,6.52,4.9,2.66,0.63,1.62,6.79,4.52,3.84,5.42,37.74,37.24,35.21,33.67,2.63,3.62,2.16,0.23,2.14,1.46,-2.42,-3.57,-3.91,-5.11
2021-11-30,605068,39.06,38.88,39.37,37.5,15646,60576375.0,4.87,1.36,0.52,2.77,3.68,2.11,-0.08,-2.05,-1.09,3.95,1.73,1.07,2.61,6.05,37.98,37.32,35.61,33.97,2.24,0.8,-1.11,0.77,0.1,-3.73,-4.86,-5.2,-6.38,-7.64
2021-12-01,605068,39.0,39.06,39.75,38.11,11309,44399128.0,4.22,0.46,0.18,2.0,0.47,-1.68,-3.62,-2.68,2.28,0.1,-0.55,0.97,4.36,3.31,38.31,37.48,36.05,34.28,0.33,-1.56,0.31,-0.36,-4.17,-5.3,-5.63,-6.81,-8.06,-8.37
2021-12-02,605068,38.71,37.82,39.19,37.33,9629,36603706.0,4.76,-3.17,-1.24,1.7,0.38,-1.61,-0.64,4.42,2.2,1.53,3.08,6.54,5.46,6.48,38.46,37.66,36.41,34.54,1.67,3.6,2.91,-1.03,-2.19,-2.54,-3.75,-5.05,-5.37,-6.24
2021-12-03,605068,37.6,37.93,38.45,37.59,6383,24210315.0,2.27,0.29,0.11,1.13,-2.29,-1.33,3.7,1.49,0.82,2.37,5.8,4.74,5.75,4.26,38.41,37.83,36.77,34.76,3.3,2.61,-1.32,-2.48,-2.82,-4.03,-5.33,-5.64,-6.51,-7.22
2021-12-06,605068,37.88,38.0,39.18,37.81,14464,55519758.0,3.61,0.18,0.07,2.56,-1.9,3.09,0.9,0.24,1.77,5.18,4.13,5.13,3.65,1.69,38.34,38.04,37.09,34.97,2.42,-1.5,-2.66,-3.0,-4.21,-5.5,-5.82,-6.68,-7.39,-5.39
2021-12-07,605068,37.7,36.59,38.92,36.02,14876,55018582.0,7.63,-3.71,-1.41,2.63,8.22,5.91,5.22,6.83,10.41,9.3,10.36,8.8,6.75,8.77,37.88,37.93,37.24,35.17,2.3,1.09,0.74,-0.52,-1.86,-2.19,-3.09,-3.83,-1.75,-2.3
2021-12-08,605068,37.43,36.45,37.43,36.0,8541,31107130.0,3.91,-0.38,-0.14,1.51,5.97,5.28,6.89,10.47,9.36,10.42,8.86,6.81,8.83,8.11,37.36,37.83,37.35,35.38,1.48,1.12,-0.14,-1.48,-1.81,-2.72,-3.46,-1.37,-1.92,2.88
2021-12-09,605068,36.1,35.54,36.99,34.25,29737,104208629.0,7.52,-2.5,-0.91,5.26,10.66,12.35,16.12,14.95,16.06,14.42,12.26,14.39,13.64,9.28,36.9,37.68,37.38,35.56,3.71,2.42,1.04,0.7,-0.23,-0.98,1.15,0.59,5.51,7.74
2021-12-10,605068,35.17,36.28,36.86,34.74,13647,49234549.0,5.97,2.08,0.74,2.42,10.77,14.48,13.33,14.42,12.81,10.68,12.78,12.03,7.74,6.48,36.57,37.49,37.33,35.75,0.33,-1.02,-1.35,-2.26,-3.0,-0.91,-1.46,3.36,5.54,7.88
2021-12-13,605068,36.11,35.99,36.4,34.7,9180,32657313.0,4.69,-0.8,-0.29,1.62,14.61,13.46,14.55,12.94,10.81,12.91,12.16,7.87,6.6,6.22,36.17,37.25,37.25,35.89,-0.22,-0.56,-1.47,-2.22,-0.11,-0.67,4.2,6.39,8.75,5.11
2021-12-14,605068,35.9,35.28,35.91,34.9,8808,31118603.0,2.81,-1.97,-0.71,1.56,12.81,13.9,12.29,10.17,12.26,11.52,7.25,5.99,5.62,4.3,35.91,36.89,37.11,36.04,1.45,0.51,-0.26,1.9,1.33,6.29,8.53,10.94,7.23,5.44
2021-12-15,605068,35.36,35.01,35.79,34.81,3428,12075168.0,2.78,-0.77,-0.27,0.61,14.19,12.58,10.46,12.55,11.81,7.53,6.26,5.89,4.57,3.16,35.62,36.49,36.98,36.2,1.29,0.51,2.68,2.11,7.11,9.37,11.8,8.05,6.26,5.11
2021-12-16,605068,34.7,34.4,35.46,34.21,8221,28582049.0,3.57,-1.74,-0.61,1.46,14.56,12.39,14.53,13.77,9.41,8.13,7.75,6.4,4.97,4.62,35.39,36.15,36.9,36.32,2.3,4.51,3.92,9.01,11.31,13.78,9.97,8.14,6.98,6.77
2021-12-17,605068,34.59,33.83,35.19,33.2,12741,43256799.0,5.78,-1.66,-0.57,2.26,15.81,18.01,17.23,12.74,11.42,11.02,9.64,8.16,7.8,6.81,34.9,35.74,36.78,36.43,6.27,5.68,10.85,13.18,15.7,11.82,9.96,8.78,8.57,7.06
2021-12-20,605068,33.73,34.13,35.95,33.51,16617,57762009.0,7.21,0.89,0.3,2.94,16.92,16.14,11.7,10.38,10.0,8.62,7.16,6.8,5.82,5.01,34.53,35.35,36.69,36.51,4.75,9.87,12.19,14.68,10.84,9.0,7.82,7.62,6.12,6.53
2021-12-21,605068,33.76,35.61,35.75,33.76,11322,39580187.0,5.83,4.34,1.48,2.0,15.28,10.87,9.57,9.18,7.82,6.37,6.01,5.04,4.24,6.49,34.6,35.25,36.59,36.58,5.31,7.53,9.91,6.23,4.47,3.34,3.15,1.71,2.11,-2.39
2021-12-22,605068,35.6,37.28,37.5,35.08,17319,63870588.0,6.8,4.69,1.67,3.07,6.7,5.44,5.07,3.76,2.37,2.02,1.08,0.31,2.48,1.91,35.05,35.33,36.58,36.68,2.71,4.99,1.48,-0.21,-1.29,-1.48,-2.84,-2.47,-6.76,-6.17
2021-12-23,605068,37.24,37.29,38.29,36.22,11187,41902955.0,5.55,0.03,0.01,1.98,2.13,1.77,0.5,-0.86,-1.19,-2.1,-2.84,-0.75,-1.3,3.53,35.63,35.51,36.6,36.76,4.96,1.45,-0.24,-1.31,-1.5,-2.87,-2.49,-6.78,-6.19,-5.26
2021-12-24,605068,38.28,37.01,39.14,36.9,15017,56660357.0,6.01,-0.75,-0.28,2.66,-0.11,-1.36,-2.68,-3.01,-3.9,-4.63,-2.57,-3.12,1.63,3.77,36.26,35.58,36.54,36.75,2.22,0.51,-0.57,-0.76,-2.13,-1.76,-6.08,-5.49,-4.54,-1.92
2021-12-27,605068,37.7,36.59,37.83,36.07,10513,38815831.0,4.76,-1.13,-0.42,1.86,0.91,-0.44,-0.78,-1.69,-2.44,-0.33,-0.89,3.96,6.15,8.51,36.76,35.64,36.45,36.71,1.67,0.57,0.38,-1.01,-0.63,-5.0,-4.4,-3.44,-0.79,0.57
2021-12-28,605068,36.59,36.64,37.2,35.98,9148,33354004.0,3.33,0.14,0.05,1.62,-0.19,-0.53,-1.45,-2.2,-0.08,-0.64,4.22,6.42,8.78,5.14,36.96,35.78,36.34,36.66,0.44,0.25,-1.15,-0.76,-5.13,-4.53,-3.58,-0.93,0.44,0.03
2021-12-29,605068,36.65,36.07,36.8,35.33,12498,44966505.0,4.01,-1.56,-0.57,2.21,1.3,0.37,-0.4,1.75,1.19,6.14,8.38,10.78,7.08,5.29,36.72,35.88,36.19,36.62,1.83,0.42,0.8,-3.63,-3.02,-2.05,0.64,2.02,1.61,1.83
2021-12-30,605068,36.07,35.42,36.73,35.34,6919,24805062.0,3.85,-1.8,-0.65,1.22,0.34,-0.42,1.73,1.16,6.11,8.35,10.75,7.05,5.26,4.13,36.35,35.99,36.07,36.6,2.26,2.65,-1.86,-1.24,-0.25,2.48,3.9,3.47,3.7,2.65
2021-12-31,605068,35.56,36.15,36.22,35.1,9281,33098890.0,3.16,2.06,0.73,1.64,0.26,2.42,1.85,6.84,9.09,11.51,7.78,5.98,4.84,4.64,36.17,36.22,35.98,36.6,0.58,-3.85,-3.24,-2.27,0.41,1.8,1.38,1.6,0.58,5.95
2022-01-04,605068,35.95,34.44,36.36,34.4,10856,37989258.0,5.42,-4.73,-1.71,1.92,4.51,3.92,9.01,11.31,13.78,9.97,8.14,6.98,6.77,5.29,35.74,36.25,35.8,36.55,0.93,1.57,2.58,5.4,6.85,6.42,6.65,5.57,11.21,10.22
2022-01-05,605068,34.47,33.1,34.76,32.52,11171,37273054.0,6.5,-3.89,-1.34,1.98,9.93,15.31,17.74,20.36,16.33,14.39,13.16,12.95,11.38,11.81,35.04,36.0,35.63,36.39,5.68,6.74,9.67,11.18,10.73,10.97,9.85,15.71,14.68,12.75
2022-01-06,605068,33.23,34.74,34.98,33.0,8630,29581099.0,5.98,4.95,1.64,1.53,13.64,16.03,18.61,14.64,12.73,11.52,11.3,9.76,10.18,5.33,34.77,35.74,35.54,36.3,1.7,4.49,5.93,5.5,5.73,4.66,10.25,9.27,7.43,7.69
2022-01-07,605068,34.9,34.79,35.33,34.3,5348,18620440.0,2.96,0.14,0.05,0.95,11.63,14.11,10.29,8.45,7.29,7.08,5.6,6.01,1.34,1.98,34.64,35.49,35.5,36.23,4.34,5.78,5.35,5.58,4.51,10.09,9.11,7.27,7.53,2.5
2022-01-10,605068,34.36,36.12,36.3,34.3,6385,22762634.0,5.75,3.82,1.33,1.13,14.11,10.29,8.45,7.29,7.08,5.6,6.01,1.34,1.98,3.0,34.64,35.41,35.49,36.16,1.88,1.47,1.69,0.66,6.04,5.09,3.32,3.57,-1.27,3.46
2022-01-11,605068,36.12,36.01,36.8,35.84,4909,17775598.0,2.66,-0.3,-0.11,0.87,5.55,3.79,2.68,2.48,1.06,1.45,-3.01,-2.4,-1.42,1.28,34.95,35.35,35.5,36.08,1.78,2.0,0.97,6.36,5.42,3.64,3.89,-0.97,3.78,4.14
2022-01-12,605068,36.1,36.54,36.65,35.44,4430,16079129.0,3.36,1.47,0.53,0.78,4.97,3.84,3.64,2.2,2.6,-1.92,-1.3,-0.31,2.43,3.84,35.64,35.34,35.56,36.0,0.52,-0.49,4.82,3.89,2.13,2.38,-2.41,2.27,2.63,-1.51
2022-01-13,605068,36.54,35.27,36.73,35.27,4356,15577674.0,4.0,-3.48,-1.27,0.77,4.34,4.14,2.69,3.09,-1.45,-0.82,0.17,2.92,4.34,3.91,35.75,35.26,35.57,35.88,3.09,8.59,7.63,5.81,6.07,1.11,5.95,6.32,2.04,1.98
2022-01-14,605068,35.2,36.2,36.36,34.62,5870,21038438.0,4.93,2.64,0.93,1.04,6.09,4.62,5.03,0.4,1.04,2.05,4.85,6.3,5.86,6.09,36.03,35.34,35.66,35.82,5.8,4.86,3.09,3.34,-1.49,3.23,3.59,-0.58,-0.64,-2.07
2022-01-17,605068,36.2,37.75,38.3,36.08,12888,48369117.0,6.13,4.28,1.55,2.28,0.39,0.78,-3.66,-3.05,-2.08,0.61,2.0,1.58,1.8,0.78,36.35,35.5,35.86,35.82,0.56,-1.14,-0.9,-5.54,-1.01,-0.66,-4.66,-4.72,-6.09,-6.17
2022-01-18,605068,37.75,37.32,37.96,36.8,6687,24872123.0,3.07,-1.14,-0.43,1.18,-1.2,-5.54,-4.95,-3.99,-1.36,0.0,-0.41,-0.19,-1.2,4.08,36.62,35.78,36.02,35.79,0.0,0.24,-4.45,0.13,0.48,-3.56,-3.62,-5.01,-5.09,-7.5
2022-01-19,605068,37.32,37.2,37.32,36.38,5115,18827278.0,2.52,-0.32,-0.12,0.91,-4.45,-3.85,-2.89,-0.22,1.15,0.74,0.96,-0.05,5.28,4.34,36.75,36.19,36.1,35.81,0.56,-4.14,0.46,0.81,-3.25,-3.31,-4.7,-4.78,-7.2,-6.26
2022-01-20,605068,37.14,35.6,37.41,35.13,6128,21928716.0,6.13,-4.3,-1.6,1.08,-0.43,0.57,3.33,4.75,4.33,4.55,3.5,9.02,8.06,6.23,36.81,36.28,36.01,35.79,0.17,4.97,5.34,1.1,1.04,-0.42,-0.51,-3.03,-2.05,-2.61
2022-01-21,605068,35.54,35.09,35.66,34.5,4488,15764569.0,3.26,-1.43,-0.51,0.79,2.41,5.22,6.67,6.23,6.46,5.39,11.01,10.03,8.17,8.43,36.59,36.31,35.9,35.77,6.5,6.87,2.56,2.51,1.03,0.94,-1.62,-0.63,-1.2,-1.77
2022-01-24,605068,34.83,37.13,37.37,34.83,14719,54263156.0,7.24,5.81,2.04,2.61,4.22,5.66,5.23,5.46,4.39,9.96,8.99,7.15,7.41,2.38,36.47,36.41,35.91,35.8,1.0,-3.07,-3.12,-4.52,-4.61,-7.03,-6.09,-6.63,-7.16,-9.08
2022-01-25,605068,36.99,35.19,37.5,35.04,11213,40330743.0,6.63,-5.22,-1.94,1.98,5.02,4.59,4.82,3.77,9.3,8.33,6.51,6.76,1.77,6.65,36.04,36.33,35.84,35.77,2.27,2.22,0.74,0.65,-1.9,-0.91,-1.48,-2.05,-4.06,-4.01
2022-01-26,605068,35.43,35.63,35.99,34.5,6433,22742783.0,4.23,1.25,0.44,1.14,6.23,6.46,5.39,11.01,10.03,8.17,8.43,3.36,8.32,8.7,35.73,36.24,35.79,35.78,0.95,-0.51,-0.59,-3.12,-2.13,-2.69,-3.26,-5.25,-5.19,-4.01
2022-01-27,605068,35.63,34.3,35.97,34.19,4850,16938684.0,5.0,-3.73,-1.33,0.86,7.43,6.35,12.02,11.03,9.15,9.42,4.3,9.3,9.68,5.26,35.47,36.14,35.7,35.76,3.35,3.27,0.64,1.66,1.08,0.5,-1.57,-1.52,-0.29,-1.31
2022-01-28,605068,34.5,34.55,35.45,33.5,5530,19194766.0,5.69,0.73,0.25,0.98,8.54,14.33,13.31,11.4,11.67,6.45,11.55,11.94,7.43,7.37,35.36,35.98,35.66,35.77,2.52,-0.09,0.93,0.35,-0.23,-2.29,-2.23,-1.01,-2.03,1.56
2022-02-07,605068,34.4,34.24,35.42,33.9,4197,14453210.0,4.4,-0.9,-0.31,0.74,12.98,11.98,10.09,10.35,5.19,10.24,10.62,6.17,6.11,4.57,34.78,35.62,35.56,35.78,0.82,1.84,1.26,0.67,-1.4,-1.34,-0.12,-1.14,2.48,1.34
2022-02-08,605068,33.93,34.36,34.52,33.33,3976,13512360.0,3.48,0.35,0.12,0.7,13.89,11.97,12.24,6.99,12.12,12.51,7.98,7.92,6.36,6.27,34.62,35.33,35.56,35.79,1.48,0.9,0.32,-1.75,-1.69,-0.47,-1.48,2.12,0.99,-2.85
2022-02-09,605068,34.39,34.61,34.87,33.96,4076,14090006.0,2.65,0.73,0.25,0.72,9.89,10.16,5.01,10.04,10.42,5.98,5.92,4.39,4.3,1.65,34.41,35.07,35.63,35.75,0.17,-0.4,-2.46,-2.4,-1.18,-2.2,1.39,0.26,-3.55,-5.37
2022-02-10,605068,34.59,34.6,34.67,33.9,3778,12986334.0,2.22,-0.03,-0.01,0.67,10.35,5.19,10.24,10.62,6.17,6.11,4.57,4.48,1.83,2.86,34.47,34.97,35.62,35.66,-0.38,-2.43,-2.37,-1.16,-2.17,1.42,0.29,-3.53,-5.35,-5.87
2022-02-11,605068,34.12,33.4,34.47,33.4,6734,22669652.0,3.09,-3.47,-1.2,1.19,6.77,11.89,12.28,7.75,7.69,6.14,6.05,3.35,4.4,3.8,34.24,34.8,35.56,35.54,1.08,1.14,2.4,1.35,5.06,3.89,-0.06,-1.95,-2.49,-6.44
2022-02-14,605068,33.25,33.18,33.76,32.58,4084,13576976.0,3.53,-0.66,-0.22,0.72,14.7,15.1,10.47,10.41,8.81,8.72,5.95,7.03,6.41,5.8,34.03,34.41,35.41,35.41,1.81,3.07,2.02,5.76,4.58,0.6,-1.3,-1.84,-5.82,-7.69
2022-02-15,605068,33.31,33.37,33.78,32.4,7043,23281806.0,4.16,0.57,0.19,1.25,15.74,11.08,11.02,9.41,9.32,6.54,7.62,7.01,6.39,4.2,33.83,34.22,35.28,35.3,2.49,1.44,5.15,3.99,0.03,-1.86,-2.4,-6.35,-8.21,-10.28
2022-02-16,605068,33.36,33.74,34.2,33.14,3806,12852889.0,3.18,1.11,0.37,0.67,8.6,8.54,6.97,6.88,4.16,5.22,4.62,4.01,1.87,1.93,33.66,34.03,35.14,35.2,0.33,4.0,2.85,-1.07,-2.93,-3.47,-7.38,-9.22,-11.26,-12.42
2022-02-17,605068,33.55,33.55,33.85,33.12,3664,12284622.0,2.16,-0.56,-0.19,0.65,8.61,7.04,6.94,4.23,5.28,4.68,4.08,1.93,1.99,3.26,33.45,33.96,35.05,35.12,4.59,3.43,-0.51,-2.38,-2.92,-6.86,-8.7,-10.76,-11.92,-14.13
2022-02-18,605068,33.68,34.67,35.09,33.42,8040,27750094.0,4.98,3.34,1.12,1.42,6.07,5.98,3.29,4.34,3.74,3.14,1.02,1.08,2.33,1.29,33.7,33.97,34.97,35.09,0.09,-3.72,-5.54,-6.06,-9.86,-11.65,-13.64,-14.77,-16.9,-21.17
2022-02-21,605068,34.7,33.39,34.7,33.17,9080,30475537.0,4.41,-3.69,-1.28,1.61,6.78,4.07,5.13,4.52,3.92,1.78,1.84,3.11,2.05,5.79,33.74,33.89,34.76,35.0,-0.03,-1.92,-2.46,-6.41,-8.27,-10.33,-11.5,-13.72,-18.15,-18.39
2022-02-22,605068,33.38,32.06,33.38,31.57,8203,26374329.0,5.42,-3.98,-1.33,1.45,9.34,10.45,9.82,9.19,6.94,7.0,8.33,7.22,11.15,9.91,33.48,33.66,34.49,34.92,2.15,1.59,-2.53,-4.46,-6.61,-7.83,-10.14,-14.75,-15.0,-18.0
2022-02-23,605068,32.06,32.27,32.75,31.93,3681,11908587.0,2.56,0.66,0.21,0.65,9.21,8.58,7.95,5.73,5.79,7.11,6.01,9.9,8.68,4.54,33.19,33.42,34.25,34.9,0.93,-3.16,-5.08,-7.22,-8.43,-10.72,-15.31,-15.56,-18.53,-22.44
2022-02-24,605068,32.27,30.62,32.57,30.11,15705,49159361.0,7.62,-5.11,-1.65,2.78,15.14,14.48,12.12,12.19,13.58,12.42,16.54,15.24,10.86,8.77,32.6,33.02,34.0,34.76,2.06,0.03,-2.22,-3.49,-5.91,-10.74,-11.01,-14.14,-18.26,-20.67
2022-02-25,605068,30.76,30.47,31.25,30.08,15913,48813831.0,3.82,-0.49,-0.15,2.82,14.59,12.23,12.3,13.7,12.53,16.66,15.36,10.97,8.88,8.28,31.76,32.73,33.77,34.61,0.53,-1.74,-3.02,-5.45,-10.31,-10.57,-13.72,-17.85,-20.28,-21.92
2022-02-28,605068,30.57,29.7,30.63,29.29,13658,40535239.0,4.4,-2.53,-0.77,2.42,15.26,15.33,16.76,15.57,19.8,18.47,13.96,11.81,11.2,6.69,31.02,32.38,33.39,34.4,0.81,-0.51,-3.0,-7.98,-8.25,-11.48,-15.72,-18.22,-19.9,-19.36
2022-03-01,605068,29.71,29.55,29.94,29.2,8247,24384548.0,2.49,-0.51,-0.15,1.46,15.68,17.12,15.92,20.17,18.84,14.32,12.16,11.54,7.02,4.9,30.52,32.0,33.11,34.18,0.0,-2.5,-7.51,-7.78,-11.03,-15.3,-17.8,-19.49,-18.95,-21.49
2022-03-02,605068,29.55,28.69,29.55,28.55,20523,59090510.0,3.38,-2.91,-0.86,3.63,19.79,18.56,22.91,21.54,16.92,14.71,14.08,9.46,7.29,4.87,29.81,31.5,32.77,33.92,0.42,-4.74,-5.02,-8.37,-12.76,-15.34,-17.08,-16.52,-19.14,-19.48
2022-03-03,605068,28.75,27.26,28.81,27.17,27667,76307879.0,5.72,-4.98,-1.43,4.9,24.59,29.15,27.71,22.86,20.54,19.87,15.02,12.73,10.2,8.76,29.13,30.87,32.41,33.66,0.26,-0.04,-3.56,-8.18,-10.9,-12.73,-12.14,-14.89,-15.26,-12.33
2022-03-04,605068,27.23,26.81,27.33,26.66,20813,56081272.0,2.46,-1.65,-0.45,3.68,31.62,30.16,25.21,22.84,22.17,17.22,14.89,12.3,10.84,8.06,28.4,30.08,32.03,33.34,1.64,-1.94,-6.64,-9.4,-11.26,-10.67,-13.47,-13.84,-10.85,-11.67
2022-03-07,605068,26.8,26.07,27.25,25.9,15019,39388475.0,5.04,-2.76,-0.74,2.66,33.98,28.88,26.45,25.75,20.66,18.26,15.6,14.09,11.24,5.52,27.68,29.35,31.62,32.95,0.84,-3.99,-6.83,-8.75,-8.13,-11.01,-11.39,-8.32,-9.17,-7.25
2022-03-08,605068,26.24,24.8,26.29,24.32,19844,49899655.0,7.56,-4.87,-1.27,3.51,37.25,34.66,33.92,28.5,25.95,23.11,21.5,18.46,12.38,12.05,26.73,28.62,31.14,32.54,0.93,-2.06,-4.07,-3.43,-6.45,-6.85,-3.63,-4.52,-2.5,-2.98
2022-03-09,605068,25.0,23.79,25.03,22.51,57566,135408905.0,10.16,-4.07,-1.01,10.19,45.49,44.69,38.83,36.07,33.01,31.27,27.99,21.41,21.06,16.79,25.75,27.78,30.6,32.09,2.1,0.0,0.67,-2.48,-2.9,0.46,-0.46,1.64,1.13,0.76
2022-03-10,605068,24.17,23.7,24.29,23.61,27517,65733895.0,2.86,-0.38,-0.09,4.87,37.95,32.36,29.73,26.81,25.16,22.02,15.76,15.42,11.35,6.01,25.03,27.08,30.05,31.69,0.38,1.05,-2.11,-2.53,0.84,-0.08,2.03,1.52,1.14,9.2
2022-03-11,605068,23.5,23.73,23.79,22.7,18725,43447637.0,4.6,0.13,0.03,3.31,37.67,34.93,31.89,30.18,26.92,20.4,20.04,15.81,10.26,7.0,24.42,26.41,29.57,31.31,0.93,-2.23,-2.65,0.72,-0.21,1.9,1.39,1.01,9.06,3.2
2022-03-14,605068,23.82,23.03,23.95,22.9,17398,40499546.0,4.42,-2.95,-0.7,3.08,33.76,30.74,29.04,25.81,19.34,19.0,14.8,9.3,6.07,3.89,23.81,25.74,29.06,30.84,0.74,0.3,3.78,2.82,4.99,4.47,4.08,12.38,6.34,8.94
2022-03-15,605068,23.18,21.83,23.2,21.77,17500,39449583.0,6.21,-5.21,-1.2,3.1,37.53,35.74,32.34,25.54,25.17,20.76,14.97,11.58,9.28,10.01,23.22,24.97,28.49,30.4,5.82,9.48,8.47,10.77,10.22,9.8,18.55,12.19,14.93,14.61
2022-03-16,605068,22.34,22.91,23.1,21.92,18071,40641726.0,5.41,4.95,1.08,3.2,34.81,31.43,24.68,24.32,19.94,14.19,10.81,8.53,9.26,5.84,23.04,24.39,27.94,29.97,4.32,3.36,5.54,5.02,4.63,12.96,6.9,9.52,9.21,5.19
2022-03-17,605068,23.28,23.5,23.9,23.26,20608,48535024.0,2.79,2.58,0.59,3.65,23.86,17.5,17.15,13.03,7.61,4.43,2.28,2.97,-0.26,-0.69,23.0,24.02,27.44,29.61,0.77,2.89,2.38,2.0,10.13,4.21,6.77,6.47,2.55,0.0
2022-03-18,605068,23.44,23.61,23.68,23.23,15606,36697438.0,1.91,0.47,0.11,2.76,17.65,17.31,13.17,7.75,4.56,2.41,3.1,-0.13,-0.56,2.88,22.98,23.7,26.89,29.25,2.41,1.91,1.52,9.61,3.73,6.27,5.97,2.08,-0.47,-2.5
2022-03-21,605068,23.75,23.62,24.18,23.35,12736,30213608.0,3.52,0.04,0.01,2.25,16.7,12.59,7.19,4.03,1.88,2.57,-0.64,-1.07,2.36,1.41,23.09,23.45,26.4,28.9,1.86,1.48,9.57,3.68,6.22,5.93,2.03,-0.51,-2.54,-1.99
2022-03-22,605068,23.55,23.72,24.06,23.37,10387,24605301.0,2.92,0.42,0.1,1.84,12.49,7.1,3.94,1.8,2.48,-0.73,-1.16,2.27,1.33,3.47,23.47,23.34,25.98,28.54,1.05,9.11,3.25,5.78,5.48,1.6,-0.93,-2.95,-2.4,-3.16
2022-03-23,605068,23.78,23.67,23.97,23.51,9702,23007209.0,1.94,-0.21,-0.05,1.72,6.47,3.32,1.19,1.87,-1.32,-1.74,1.66,0.72,2.85,2.34,23.62,23.33,25.55,28.18,9.34,3.46,6.0,5.7,1.82,-0.72,-2.75,-2.2,-2.96,-4.48
2022-03-24,605068,25.88,24.5,25.88,24.18,62657,155937912.0,7.18,3.51,0.83,11.09,0.45,-1.61,-0.95,-4.05,-4.47,-1.16,-2.07,0.0,-0.5,-0.87,23.82,23.41,25.25,27.84,-0.04,2.41,2.12,-1.63,-4.08,-6.04,-5.51,-6.24,-7.71,-10.16
2022-03-25,605068,24.49,24.21,24.49,23.8,28602,68939410.0,2.82,-1.18,-0.29,5.06,-0.04,0.63,-2.52,-2.94,0.42,-0.5,1.6,1.09,0.71,8.74,23.94,23.46,24.93,27.53,3.63,3.35,-0.45,-2.93,-4.92,-4.38,-5.12,-6.61,-9.09,-14.54
2022-03-28,605068,24.48,25.07,25.09,24.24,38712,95449574.0,3.51,3.55,0.86,6.85,-1.2,-4.29,-4.7,-1.4,-2.31,-0.25,-0.74,-1.11,6.77,1.03,24.23,23.66,24.7,27.26,-0.2,-3.87,-6.26,-8.18,-7.66,-8.38,-9.81,-12.21,-17.47,-18.91
2022-03-29,605068,24.9,24.81,25.02,24.6,28822,71507426.0,1.68,-1.04,-0.26,5.1,-5.69,-6.1,-2.85,-3.74,-1.71,-2.2,-2.56,5.2,-0.45,1.99,24.45,23.96,24.47,26.98,-2.86,-5.28,-7.21,-6.69,-7.42,-8.87,-11.29,-16.61,-18.06,-17.69
2022-03-30,605068,23.98,23.69,24.1,23.34,21932,51799397.0,3.06,-4.51,-1.12,3.88,-1.03,2.4,1.46,3.6,3.08,2.7,10.88,4.93,7.5,7.2,24.46,24.04,24.22,26.64,-0.8,-2.83,-2.28,-3.04,-4.56,-7.09,-12.66,-14.18,-13.8,-14.31
2022-03-31,605068,23.43,23.13,23.5,22.92,16520,38244186.0,2.45,-2.36,-0.56,2.92,4.28,3.32,5.5,4.97,4.58,12.91,6.85,9.47,9.16,5.15,24.18,24.0,24.01,26.3,-0.48,0.09,-0.69,-2.25,-4.84,-10.55,-12.11,-11.72,-12.24,-5.1
2022-04-01,605068,22.96,22.81,23.02,22.7,10347,23662023.0,1.38,-1.38,-0.32,1.83,4.32,6.52,5.99,5.59,14.01,7.89,10.53,10.22,6.17,3.52,23.9,23.92,23.81,25.9,1.49,0.7,-0.88,-3.51,-9.29,-10.87,-10.48,-11.0,-3.77,2.72
2022-04-06,605068,22.81,22.9,23.15,22.56,9878,22559609.0,2.59,0.39,0.09,1.75,7.18,6.65,6.25,14.72,8.55,11.21,10.9,6.83,4.17,2.04,23.47,23.85,23.65,25.55,0.31,-1.27,-3.89,-9.65,-11.22,-10.83,-11.35,-4.15,2.31,-3.49
2022-04-07,605068,22.9,22.81,22.97,21.92,17323,38734467.0,4.59,-0.39,-0.09,3.07,9.76,9.35,18.07,11.72,14.46,14.14,9.95,7.21,5.02,5.61,23.07,23.76,23.55,25.24,-0.88,-3.51,-9.29,-10.87,-10.48,-11.0,-3.77,2.72,-3.11,-5.44
2022-04-08,605068,22.61,22.04,22.61,21.79,11688,25741181.0,3.59,-3.38,-0.77,2.07,10.0,18.77,12.39,15.14,14.82,10.6,7.85,5.64,6.24,5.42,22.74,23.6,23.46,24.9,-0.14,-6.13,-7.76,-7.35,-7.89,-0.41,6.31,0.27,-2.13,-5.99
2022-04-11,605068,22.01,20.49,22.01,20.35,20783,43650416.0,7.53,-7.03,-1.55,3.68,27.17,20.34,23.29,22.95,18.43,15.48,13.12,13.76,12.87,11.11,22.21,23.2,23.3,24.56,0.98,-0.78,-0.34,-0.93,7.13,14.35,7.86,5.27,1.12,-1.66
2022-04-12,605068,20.3,20.52,20.69,19.8,21297,43021998.0,4.34,0.15,0.03,3.77,23.69,26.72,26.36,21.72,18.69,16.26,16.92,16.01,14.19,11.16,21.75,22.83,23.14,24.23,-0.93,-0.49,-1.07,6.97,14.18,7.7,5.12,0.97,-1.8,-9.99
2022-04-13,605068,20.33,19.9,20.33,19.82,11460,22946042.0,2.49,-3.02,-0.62,2.03,26.59,26.24,21.59,18.57,16.15,16.8,15.89,14.08,11.05,4.39,21.15,22.31,22.99,23.91,2.61,2.01,10.3,17.74,11.06,8.39,4.12,1.26,-7.19,-14.02
2022-04-14,605068,20.02,20.13,20.42,20.02,8890,17962510.0,2.01,1.16,0.23,1.57,24.98,20.38,17.38,14.99,15.63,14.74,12.94,9.94,3.35,1.55,20.62,21.84,22.9,23.59,0.84,9.04,16.39,9.79,7.15,2.93,0.1,-8.25,-15.0,-14.95
2022-04-15,605068,19.99,19.95,20.3,19.49,12789,25295080.0,4.02,-0.89,-0.18,2.26,23.65,20.57,18.11,18.78,17.86,16.01,12.93,6.16,4.31,4.77,20.2,21.47,22.75,23.3,10.03,17.44,10.78,8.12,3.86,1.0,-7.42,-14.24,-14.19,-8.92
2022-04-18,605068,21.01,21.95,21.95,21.0,34310,73775579.0,4.76,10.03,2.0,6.07,11.9,9.62,10.24,9.38,7.67,4.81,-1.48,-3.19,-2.76,-3.33,20.49,21.35,22.68,23.12,6.74,0.68,-1.73,-5.6,-8.2,-15.85,-22.05,-22.0,-17.22,-15.67
2022-04-19,605068,21.98,21.48,23.43,21.36,60132,134705729.0,9.43,-2.14,-0.47,10.64,7.77,8.38,7.54,5.85,3.04,-3.14,-4.82,-4.4,-4.96,2.76,20.68,21.22,22.57,22.95,2.89,0.42,-3.54,-6.19,-14.01,-20.34,-20.3,-15.41,-13.83,-14.57
2022-04-20,605068,21.25,21.8,22.1,21.18,31408,67976109.0,4.28,1.49,0.32,5.56,9.3,8.45,6.75,3.92,-2.31,-4.01,-3.59,-4.15,3.64,10.62,21.06,21.11,22.48,22.8,-1.06,-4.95,-7.57,-15.28,-21.51,-21.47,-16.65,-15.09,-15.83,-16.06
2022-04-21,605068,21.57,20.31,21.57,20.2,25249,52537357.0,6.28,-6.83,-1.49,4.47,13.71,11.93,8.96,2.43,0.64,1.09,0.5,8.66,15.99,9.41,21.1,20.86,22.31,22.65,2.02,-0.79,-9.06,-15.76,-15.71,-10.54,-8.86,-9.65,-9.9,-10.64
2022-04-22,605068,20.54,20.23,20.72,19.81,18082,36342059.0,4.48,-0.39,-0.08,3.2,14.13,11.11,4.44,2.62,3.08,2.47,10.8,18.27,11.56,8.88,21.15,20.68,22.14,22.53,-0.4,-8.7,-15.42,-15.37,-10.18,-8.5,-9.29,-9.54,-10.28,-4.2
2022-04-25,605068,20.14,18.29,20.15,18.21,23327,44079274.0,9.59,-9.59,-1.94,4.13,20.87,13.62,11.64,12.14,11.48,20.54,28.67,21.36,18.45,13.78,20.42,20.46,21.83,22.35,0.98,-6.45,-6.4,-0.66,1.2,0.33,0.05,-0.77,5.96,2.24
2022-04-26,605068,18.29,16.88,18.47,16.8,23657,41554310.0,9.13,-7.71,-1.41,4.19,23.15,21.01,21.55,20.83,30.65,39.46,31.55,28.39,23.33,19.94,19.5,20.09,21.46,22.13,1.36,1.42,7.64,9.66,8.71,8.41,7.52,14.81,10.78,20.62
2022-04-27,605068,16.48,16.85,17.11,15.79,19672,32233551.0,7.82,-0.18,-0.03,3.48,28.75,29.32,28.56,39.01,48.39,39.96,36.61,31.22,27.61,16.97,18.51,19.79,21.05,21.92,1.6,7.83,9.85,8.9,8.61,7.72,15.01,10.98,20.83,25.82
2022-04-28,605068,16.91,16.7,17.12,16.38,14417,24016283.0,4.39,-0.89,-0.15,2.55,24.66,23.93,34.0,43.04,34.92,31.68,26.5,23.02,12.76,4.46,17.79,19.44,20.64,21.75,8.8,10.84,9.88,9.58,8.68,16.05,11.98,21.92,26.95,21.14
2022-04-29,605068,16.9,17.98,18.17,16.89,18430,32456722.0,7.66,7.66,1.28,3.26,20.19,29.96,38.72,30.85,27.71,22.68,19.3,9.35,1.3,1.36,17.34,19.25,20.36,21.58,2.95,2.06,1.78,0.95,7.79,4.0,13.24,17.91,12.51,13.01
2022-05-05,605068,18.0,18.13,18.51,17.83,11303,20559968.0,3.78,0.83,0.15,2.0,23.11,31.41,23.95,20.98,16.21,13.01,3.59,-4.04,-3.98,1.91,17.31,18.86,20.11,21.41,1.21,0.94,0.11,6.89,3.14,12.3,16.93,11.58,12.08,12.41
2022-05-06,605068,17.57,18.05,18.35,17.57,10021,18093594.0,4.3,-0.44,-0.08,1.77,33.35,25.78,22.77,17.93,14.68,5.12,-2.62,-2.56,3.41,5.35,17.54,18.52,19.87,21.22,1.39,0.55,7.37,3.6,12.8,17.45,12.08,12.58,12.91,13.41
2022-05-09,605068,18.05,17.98,18.3,17.82,7443,13406916.0,2.66,-0.39,-0.07,1.32,24.02,21.04,16.27,13.08,3.65,-3.98,-3.93,1.96,3.87,2.97,17.77,18.14,19.62,21.03,0.95,7.79,4.0,13.24,17.91,12.51,13.01,13.35,13.85,16.8
2022-05-10,605068,17.79,18.09,18.15,17.34,10954,19607521.0,4.51,0.61,0.11,1.94,24.39,19.49,16.21,6.52,-1.33,-1.27,4.79,6.75,5.82,5.54,18.05,17.92,19.39,20.84,7.13,3.37,12.55,17.19,11.83,12.33,12.66,13.16,16.09,18.57
2022-05-11,605068,18.19,18.61,19.38,18.17,21514,40506955.0,6.69,2.87,0.52,3.81,14.03,10.9,1.65,-5.83,-5.78,0.0,1.87,0.99,0.72,-0.11,18.17,17.76,19.22,20.68,0.48,9.4,13.92,8.7,9.19,9.51,9.99,12.84,15.26,7.31
2022-05-12,605068,18.43,18.51,18.7,18.18,8844,16338444.0,2.79,-0.54,-0.1,1.57,10.84,1.6,-5.89,-5.83,-0.06,1.82,0.94,0.66,-0.17,6.6,18.25,17.78,19.12,20.48,9.99,14.53,9.29,9.78,10.1,10.59,13.45,15.88,7.89,8.64
2022-05-13,605068,19.08,20.36,20.36,18.78,30622,59685334.0,8.54,9.99,1.85,5.42,-1.65,-8.89,-8.84,-3.25,-1.44,-2.29,-2.56,-3.35,3.19,-0.43,18.71,18.13,19.11,20.35,4.13,-0.64,-0.2,0.1,0.54,3.14,5.35,-1.92,-1.23,8.35
2022-05-16,605068,21.0,19.84,21.2,19.51,30549,60896122.0,8.3,-2.55,-0.52,5.41,-12.3,-12.25,-6.87,-5.13,-5.95,-6.2,-6.97,-0.67,-4.15,4.36,19.08,18.42,19.11,20.17,1.97,2.42,2.72,3.18,5.85,8.11,0.66,1.36,11.19,22.33
2022-05-17,605068,19.78,20.11,20.23,19.48,21487,42863738.0,3.78,1.36,0.27,3.8,-12.11,-6.72,-4.98,-5.8,-6.06,-6.83,-0.51,-4.0,4.52,8.83,19.49,18.77,19.1,20.02,1.04,1.34,1.79,4.43,6.66,-0.7,0.0,9.7,20.69,21.53
2022-05-18,605068,19.85,19.93,20.32,19.78,19190,38291268.0,2.69,-0.9,-0.18,3.4,-8.14,-6.42,-7.23,-7.48,-8.24,-2.02,-5.46,2.93,7.18,2.28,19.75,18.96,19.1,19.89,2.26,2.71,5.37,7.63,0.2,0.9,10.69,21.78,22.63,26.79
2022-05-19,605068,19.6,20.23,20.38,19.21,14205,28493558.0,5.87,1.51,0.3,2.51,-3.64,-4.48,-4.74,-5.52,0.88,-2.65,5.99,10.36,5.31,5.78,20.09,19.17,19.02,19.8,1.19,3.81,6.03,-1.29,-0.59,9.05,19.97,20.81,24.91,22.1
2022-05-20,605068,20.11,20.2,20.47,19.98,15447,31173262.0,2.42,-0.15,-0.03,2.73,-8.16,-8.41,-9.16,-3.0,-6.41,1.9,6.11,1.25,1.7,2.0,20.06,19.39,18.95,19.71,3.96,6.19,-1.14,-0.45,9.21,20.15,20.99,25.1,22.28,16.88
2022-05-23,605068,20.25,20.5,21.0,19.95,18718,38276730.0,5.2,1.49,0.3,3.31,-8.27,-9.02,-2.86,-6.27,2.06,6.27,1.4,1.85,2.16,2.61,20.19,19.64,18.89,19.63,4.63,-2.59,-1.9,7.61,18.39,19.22,23.27,20.49,15.17,12.0
2022-05-24,605068,20.91,19.42,21.45,19.4,28025,57579857.0,10.0,-5.27,-1.08,4.96,-6.44,-0.1,-3.61,4.95,9.28,4.28,4.74,5.05,5.52,8.25,20.06,19.77,18.84,19.52,2.83,3.55,13.59,24.97,25.85,30.12,27.19,21.58,18.23,18.38
2022-05-25,605068,19.21,19.61,19.97,19.2,17169,33581315.0,3.96,0.98,0.19,3.04,0.94,-2.6,6.04,10.42,5.36,5.83,6.15,6.61,9.38,11.72,19.99,19.87,18.81,19.43,2.55,12.49,23.76,24.63,28.86,25.96,20.4,17.08,17.24,17.29
2022-05-26,605068,19.73,20.05,20.11,18.86,17988,35491686.0,6.37,2.24,0.44,3.18,-0.85,7.95,12.41,7.26,7.74,8.06,8.54,11.35,13.73,5.89,19.96,20.02,18.9,19.42,10.02,21.05,21.9,26.03,23.19,17.76,14.51,14.66,14.71,15.21
2022-05-27,605068,20.22,22.06,22.06,20.12,75472,163618102.0,9.68,10.02,2.01,13.36,1.19,5.37,0.55,0.99,1.29,1.74,4.37,6.61,-0.75,-0.05,20.33,20.19,19.16,19.47,10.02,10.79,14.55,11.97,7.03,4.08,4.22,4.26,4.71,11.29
2022-05-30,605068,22.48,23.88,24.27,21.99,116094,270447104.0,10.34,8.25,1.82,20.55,-3.59,-8.0,-7.59,-7.32,-6.91,-4.5,-2.46,-9.19,-8.55,0.32,21.0,20.6,19.51,19.6,2.35,5.82,3.43,-1.13,-3.85,-3.73,-3.69,-3.27,2.81,10.51
2022-05-31,605068,23.26,23.68,24.44,22.74,66500,154463655.0,7.12,-0.84,-0.2,11.77,-11.04,-10.64,-10.38,-9.98,-7.65,-5.67,-12.18,-11.57,-2.99,6.73,21.86,20.96,19.86,19.72,6.71,4.31,-0.3,-3.04,-2.91,-2.87,-2.45,3.67,11.44,22.59
2022-06-01,605068,24.05,24.65,25.27,23.79,87353,214321672.0,6.25,4.1,0.97,15.46,-14.59,-14.33,-13.96,-11.73,-9.84,-16.06,-15.47,-7.27,2.02,2.73,22.86,21.43,20.19,19.88,0.2,-4.22,-6.86,-6.73,-6.69,-6.29,-0.41,7.06,17.77,17.65
2022-06-02,605068,24.01,23.66,24.7,23.58,49910,119181552.0,4.54,-4.02,-0.99,8.83,-13.57,-13.19,-10.94,-9.03,-15.31,-14.72,-6.45,2.93,3.65,7.17,23.59,21.77,20.47,19.94,-0.21,-2.96,-2.83,-2.79,-2.37,3.76,11.54,22.7,22.57,26.58
2022-06-06,605068,23.37,22.87,23.61,22.16,74765,170526735.0,6.13,-3.34,-0.79,13.23,-7.63,-5.23,-3.2,-9.88,-9.25,-0.45,9.52,10.29,14.03,11.46,23.75,22.04,20.71,19.98,0.39,0.52,0.57,1.01,7.35,15.39,26.93,26.8,30.96,27.5
2022-06-07,605068,22.76,22.4,22.96,21.85,47392,105417554.0,4.85,-2.06,-0.47,8.39,-3.89,-1.83,-8.6,-7.96,0.96,11.08,11.85,15.65,13.04,8.05,23.45,22.23,20.93,20.0,2.63,2.68,3.13,9.6,17.81,29.6,29.46,33.71,30.18,25.27
2022-06-08,605068,22.25,22.9,22.99,22.1,55771,126467295.0,3.97,2.23,0.5,9.87,-2.94,-9.64,-9.0,-0.18,9.82,10.59,14.34,11.76,6.83,3.89,23.3,22.58,21.17,20.09,0.44,0.87,7.21,15.24,26.77,26.64,30.79,27.34,22.53,26.33
2022-06-09,605068,22.8,22.58,23.0,22.19,29766,67110986.0,3.54,-1.4,-0.32,5.27,-10.0,-9.37,-0.59,9.37,10.14,13.88,11.31,6.4,3.47,3.61,22.88,22.87,21.37,20.17,2.3,8.72,16.87,28.57,28.43,32.64,29.14,24.27,28.12,23.78
2022-06-10,605068,22.42,22.77,23.1,22.31,27254,62203375.0,3.5,0.84,0.19,4.82,-9.86,-1.12,8.79,9.55,13.27,10.71,5.83,2.91,3.05,3.09,22.7,23.14,21.58,20.32,7.82,15.9,27.49,27.36,31.53,28.06,23.23,27.05,22.75,21.78
2022-06-13,605068,23.04,23.99,24.55,22.58,51335,122005090.0,8.65,5.36,1.22,9.09,-2.3,7.48,8.24,11.91,9.39,4.56,1.68,1.82,1.86,2.3,22.93,23.34,21.77,20.55,10.0,21.01,20.88,24.84,21.55,16.97,20.59,16.51,15.59,15.88
2022-06-14,605068,24.0,26.39,26.39,23.27,78187,198385468.0,13.01,10.0,2.4,13.84,4.3,5.03,8.59,6.15,1.46,-1.33,-1.2,-1.16,-0.73,5.5,23.73,23.59,22.09,20.87,10.0,9.89,13.49,10.5,6.33,9.62,5.91,5.08,5.34,3.64
2022-06-15,605068,27.71,29.03,29.03,27.3,138745,394166592.0,6.56,10.0,2.64,24.56,-10.48,-7.44,-9.52,-13.52,-15.9,-15.79,-15.75,-15.38,-10.07,-3.33,24.95,24.12,22.54,21.28,-0.1,3.17,0.45,-3.34,-0.34,-3.72,-4.48,-4.24,-5.79,-8.47
2022-06-16,605068,28.6,27.7,29.0,26.99,77676,216264003.0,6.92,-4.58,-1.33,13.75,-6.37,-8.48,-12.52,-14.93,-14.82,-14.78,-14.41,-9.04,-2.22,7.56,25.98,24.43,22.93,21.61,8.12,5.27,1.3,4.44,0.9,0.11,0.36,-1.26,-4.08,-11.95
2022-06-17,605068,27.22,29.53,29.95,26.91,71884,204974279.0,10.97,6.61,1.83,12.72,-8.21,-12.26,-14.68,-14.57,-14.53,-14.16,-8.77,-1.93,7.88,7.77,27.33,25.02,23.39,21.99,-1.25,-4.98,-2.03,-5.35,-6.1,-5.86,-7.38,-10.02,-17.41,-18.32
2022-06-20,605068,29.0,28.27,29.16,27.68,55942,158434128.0,5.01,-4.27,-1.26,9.9,-14.7,-17.05,-16.94,-16.91,-16.55,-11.31,-4.66,4.88,4.77,8.2,28.18,25.56,23.8,22.33,-0.74,2.33,-1.13,-1.91,-1.66,-3.25,-6.01,-13.72,-14.68,-15.53
2022-06-21,605068,28.06,26.3,28.06,25.85,57185,153113126.0,7.82,-6.97,-1.97,10.12,-11.18,-11.06,-11.03,-10.64,-5.03,2.09,12.3,12.19,15.86,12.8,28.17,25.95,24.09,22.6,10.0,6.27,5.44,5.7,3.99,1.03,-7.26,-8.29,-9.2,-6.65
2022-06-22,605068,26.26,26.7,28.93,26.26,57249,158639082.0,10.15,1.52,0.4,10.13,-12.45,-12.41,-12.03,-6.51,0.5,10.55,10.43,14.05,11.04,6.85,27.7,26.33,24.45,22.89,4.68,3.86,4.12,2.43,-0.49,-8.65,-9.66,-10.56,-8.05,-6.37
2022-06-23,605068,26.36,27.34,27.95,25.88,51880,139986481.0,7.75,2.4,0.64,9.18,-11.13,-10.74,-5.14,1.97,12.17,12.06,15.73,12.67,8.42,11.79,27.63,26.8,24.84,23.18,1.43,1.68,0.04,-2.82,-10.79,-11.78,-12.66,-10.2,-8.56,-8.49
2022-06-24,605068,27.35,26.53,27.73,26.04,62322,166189431.0,6.18,-2.96,-0.81,11.03,-11.29,-5.72,1.34,11.48,11.37,15.02,11.98,7.76,11.1,7.33,27.03,27.18,25.16,23.45,4.79,3.09,0.15,-8.07,-9.08,-9.99,-7.46,-5.77,-5.69,-4.52
2022-06-27,605068,26.88,27.49,27.8,25.9,68075,182921457.0,7.16,3.62,0.96,12.05,-5.21,1.89,12.08,11.97,15.64,12.59,8.34,11.7,7.92,7.07,26.87,27.53,25.43,23.69,-0.51,-3.35,-11.28,-12.26,-13.13,-10.69,-9.06,-8.99,-7.86,-13.46
2022-06-28,605068,27.3,26.78,27.35,26.3,46529,124067710.0,3.82,-2.58,-0.71,8.24,0.34,10.38,10.27,13.88,10.87,6.69,10.0,6.27,5.44,5.7,26.97,27.57,25.58,23.92,-0.78,-8.92,-9.93,-10.83,-8.33,-6.65,-6.57,-5.41,-11.17,-12.47
2022-06-29,605068,26.57,24.11,26.57,24.11,54719,136981503.0,9.19,-9.97,-2.67,9.68,20.41,20.28,24.22,20.95,16.38,19.99,15.93,15.01,15.3,13.44,26.45,27.07,25.6,24.05,1.16,0.04,-0.95,1.82,3.69,3.77,5.06,-1.33,-2.78,-4.15
2022-06-30,605068,23.76,23.35,24.39,23.21,38716,91494916.0,4.89,-3.15,-0.76,6.85,24.95,29.04,25.64,20.9,24.64,20.42,19.47,19.78,17.84,14.48,25.65,26.64,25.53,24.17,3.3,2.27,5.14,7.07,7.15,8.48,1.88,0.39,-1.03,2.44
2022-07-01,605068,23.68,23.99,24.12,23.06,38234,90248551.0,4.54,2.74,0.64,6.77,29.88,26.45,21.68,25.46,21.21,20.25,20.56,18.6,15.22,5.77,25.14,26.09,25.55,24.29,-0.46,2.33,4.21,4.29,5.59,-0.83,-2.29,-3.67,-0.29,2.79
2022-07-04,605068,23.82,23.17,23.88,23.12,33604,78587828.0,3.17,-3.42,-0.82,5.95,26.12,21.37,25.13,20.89,19.94,20.24,18.3,14.92,5.49,4.33,24.28,25.58,25.57,24.39,5.96,7.9,7.98,9.32,2.68,1.17,-0.26,3.24,6.43,9.67
2022-07-05,605068,23.4,23.71,24.55,23.21,46883,112007972.0,5.78,2.33,0.54,8.3,20.9,24.64,20.42,19.47,19.78,17.84,14.48,5.08,3.92,2.89,23.67,25.32,25.63,24.5,5.44,5.53,6.83,0.34,-1.14,-2.53,0.89,4.01,7.17,11.68
2022-07-06,605068,23.35,24.71,25.0,23.12,54108,131332673.0,7.93,4.22,1.0,9.58,25.13,20.89,19.94,20.24,18.3,14.92,5.49,4.33,3.29,6.19,23.79,25.12,25.72,24.67,1.25,2.51,-3.72,-5.14,-6.48,-3.2,-0.2,2.83,7.16,5.22
2022-07-07,605068,24.4,24.83,25.02,24.01,34794,85832732.0,4.09,0.49,0.12,6.16,16.41,15.49,15.79,13.91,10.66,1.58,0.46,-0.54,2.25,4.12,24.08,24.87,25.83,24.85,2.01,-4.19,-5.6,-6.93,-3.66,-0.68,2.34,6.65,4.71,10.35
2022-07-08,605068,24.7,23.84,25.33,23.64,33393,81399762.0,6.81,-3.99,-0.99,5.91,17.3,17.6,15.69,12.39,3.17,2.03,1.02,3.85,5.75,5.84,24.05,24.6,25.89,24.97,-0.21,-1.68,-3.06,0.34,3.44,6.59,11.07,9.06,14.93,14.6
2022-07-11,605068,23.7,23.31,23.79,23.07,13822,32201585.0,3.02,-2.22,-0.53,2.45,20.5,18.55,15.17,5.72,4.55,3.51,6.42,8.37,8.45,9.8,24.08,24.18,25.85,25.02,0.56,-0.86,2.62,5.79,9.01,13.6,11.54,17.55,17.2,26.13
2022-07-12,605068,23.19,22.96,23.44,22.82,12970,29885309.0,2.66,-1.5,-0.35,2.3,19.85,16.43,6.88,5.7,4.65,7.58,9.55,9.64,11.0,4.25,23.93,23.8,25.68,24.98,0.65,4.18,7.4,10.67,15.33,13.24,19.34,18.99,28.05,28.31
2022-07-13,605068,22.98,22.6,23.11,22.5,15327,34837736.0,2.66,-1.57,-0.36,2.71,18.09,8.4,7.2,6.13,9.11,11.11,11.2,12.58,5.73,4.18,23.51,23.65,25.36,24.95,5.84,9.12,12.43,17.17,15.04,21.24,20.88,30.09,30.35,36.81
2022-07-14,605068,22.5,23.56,23.92,22.49,27631,64852827.0,6.33,4.25,0.96,4.89,8.45,7.25,6.18,9.16,11.16,11.25,12.63,5.78,4.22,2.76,23.25,23.67,25.15,24.91,4.67,7.85,12.39,10.36,16.3,15.96,24.79,25.04,31.24,29.84
2022-07-15,605068,23.25,23.78,24.66,23.13,31836,76940278.0,6.49,0.93,0.22,5.63,4.28,3.24,6.14,8.08,8.17,9.51,2.85,1.34,-0.09,3.42,23.24,23.65,24.87,24.92,6.85,11.35,9.34,15.22,14.89,23.63,23.89,30.03,28.64,36.59
2022-07-18,605068,23.81,25.1,25.41,23.78,30157,74557406.0,6.85,5.55,1.32,5.34,0.42,3.24,5.13,5.21,6.52,0.04,-1.43,-2.82,0.59,3.7,23.6,23.84,24.71,24.99,5.5,3.59,9.16,8.84,17.13,17.37,23.19,21.87,29.4,27.33
2022-07-19,605068,25.15,25.99,26.48,24.93,35837,92656130.0,6.18,3.55,0.89,6.34,-1.52,0.28,0.36,1.6,-4.57,-5.98,-7.3,-4.05,-1.08,1.93,24.21,24.07,24.69,25.11,0.04,5.43,5.12,13.12,13.35,18.97,17.7,24.97,22.97,22.55
2022-07-20,605068,25.87,25.42,26.0,25.1,15806,40273783.0,3.46,-2.19,-0.57,2.8,-0.4,-0.32,0.92,-5.22,-6.61,-7.93,-4.7,-1.75,1.24,5.5,24.77,24.14,24.63,25.19,7.79,7.47,15.66,15.89,21.64,20.34,27.77,25.73,25.3,31.0
2022-07-21,605068,25.45,26.85,27.4,25.07,36685,97561193.0,9.17,5.63,1.43,6.49,-0.2,1.04,-5.11,-6.5,-7.82,-4.59,-1.64,1.36,5.62,3.71,25.43,24.34,24.6,25.34,1.75,9.5,9.72,15.16,13.93,20.97,19.03,18.62,24.02,18.21
2022-07-22,605068,26.95,26.82,27.32,26.1,20673,55439261.0,4.54,-0.11,-0.03,3.66,-2.95,-8.85,-10.19,-11.46,-8.35,-5.52,-2.64,1.46,-0.38,4.98,26.04,24.64,24.62,25.47,9.62,9.84,15.29,14.06,21.1,19.16,18.75,24.16,18.34,19.28
2022-07-25,605068,28.75,28.28,29.4,27.88,48379,138913481.0,5.67,5.44,1.46,8.56,-14.67,-15.93,-17.11,-14.2,-11.55,-8.86,-5.02,-6.74,-1.72,-2.01,26.67,25.14,24.66,25.61,4.17,9.34,8.17,14.85,13.01,12.62,17.75,12.23,13.12,10.22
2022-07-26,605068,28.42,28.9,29.46,27.92,28717,82705234.0,5.45,2.19,0.62,5.08,-16.05,-17.23,-14.33,-11.68,-8.99,-5.16,-6.88,-1.86,-2.15,5.3,27.25,25.73,24.76,25.7,6.99,5.85,12.39,10.59,10.21,15.22,9.83,10.69,7.85,8.96
2022-07-27,605068,28.9,30.5,30.92,28.0,42057,125583377.0,10.1,5.54,1.6,7.44,-17.46,-14.57,-11.93,-9.25,-5.43,-7.14,-2.14,-2.43,5.0,5.21,28.27,26.52,25.08,25.75,0.3,6.49,4.79,4.43,9.18,4.07,4.89,2.2,3.25,4.43
2022-07-28,605068,30.4,29.6,30.59,29.13,26347,78175846.0,4.79,-2.95,-0.9,4.66,-17.89,-15.35,-12.77,-9.1,-10.74,-5.94,-6.21,0.93,1.13,6.14,28.82,27.12,25.4,25.81,9.73,7.97,7.6,12.5,7.23,8.07,5.3,6.39,7.6,4.36
2022-07-29,605068,29.58,31.56,32.48,29.34,34479,107765675.0,10.61,6.62,1.96,6.1,-15.95,-13.39,-9.75,-11.38,-6.61,-6.88,0.2,0.41,5.39,4.26,29.77,27.9,25.77,25.88,1.27,0.92,5.51,0.57,1.36,-1.24,-0.22,0.92,-2.12,-5.83
2022-08-01,605068,31.23,31.0,31.96,30.55,22515,69987594.0,4.47,-1.77,-0.56,3.98,-16.82,-13.32,-14.89,-10.31,-10.57,-3.76,-3.57,1.21,0.13,6.32,30.31,28.49,26.17,25.97,2.74,7.42,2.39,3.19,0.55,1.58,2.74,-0.35,-4.13,-6.9
2022-08-02,605068,30.7,30.88,31.85,29.9,28911,89722063.0,6.29,-0.39,-0.12,5.12,-11.44,-13.04,-8.36,-8.63,-1.67,-1.47,3.41,2.31,8.63,6.89,30.71,28.98,26.52,26.12,7.84,2.78,3.59,0.94,1.98,3.14,0.03,-3.76,-6.54,-5.7
2022-08-03,605068,31.05,31.38,33.3,31.0,26953,86928984.0,7.45,1.62,0.5,4.77,-16.13,-11.61,-11.87,-5.16,-4.97,-0.26,-1.32,4.77,3.1,2.74,30.88,29.58,26.86,26.28,1.15,1.94,-0.67,0.35,1.5,-1.56,-5.29,-8.03,-7.2,-8.76
2022-08-04,605068,31.69,31.63,31.74,29.49,25573,78131100.0,7.17,0.8,0.25,4.53,-7.09,-7.36,-0.31,-0.1,4.85,3.73,10.14,8.38,8.0,12.92,31.29,30.05,27.2,26.42,1.14,-1.45,-0.44,0.7,-2.34,-6.04,-8.76,-7.94,-9.48,-10.28
2022-08-05,605068,31.62,29.98,31.99,29.7,16325,49387345.0,7.24,-5.22,-1.65,2.89,-8.01,-1.01,-0.81,4.11,3.0,9.36,7.61,7.24,12.12,6.87,30.97,30.37,27.5,26.54,3.97,5.04,6.24,3.04,-0.87,-3.74,-2.87,-4.5,-5.34,-7.47
2022-08-08,605068,29.76,30.88,31.17,28.31,19632,58825973.0,9.54,3.0,0.9,3.47,3.85,4.06,9.22,8.05,14.73,12.89,12.5,17.63,12.12,13.0,30.95,30.63,27.88,26.65,1.98,3.14,0.03,-3.76,-6.54,-5.7,-7.29,-8.1,-10.17,-10.95
2022-08-09,605068,31.13,30.53,31.49,30.12,11697,35803185.0,4.44,-1.13,-0.35,2.07,-2.19,2.66,1.56,7.84,6.11,5.74,10.56,5.38,6.21,3.49,30.88,30.79,28.26,26.77,4.32,1.18,-2.65,-5.47,-4.62,-6.22,-7.04,-9.14,-9.92,-1.18
2022-08-10,605068,31.0,30.39,31.85,30.29,13326,41134118.0,5.11,-0.46,-0.14,2.36,2.08,0.99,7.23,5.51,5.15,9.94,4.79,5.61,2.91,3.96,30.68,30.78,28.65,26.98,1.65,-2.2,-5.03,-4.18,-5.79,-6.61,-8.72,-9.51,-0.72,1.61
2022-08-11,605068,30.89,29.35,30.89,28.98,16631,48831780.0,6.28,-3.42,-1.04,2.94,5.56,12.08,10.28,9.9,14.91,9.52,10.39,7.56,8.66,9.9,30.23,30.76,28.94,27.18,1.26,-1.67,-0.78,-2.45,-3.3,-5.49,-6.3,2.79,5.21,-1.23
2022-08-12,605068,29.72,28.4,29.72,28.32,12927,37143447.0,4.77,-3.24,-0.95,2.29,14.69,12.85,12.46,17.58,12.08,12.96,10.06,11.19,12.46,9.07,29.91,30.44,29.17,27.33,1.62,2.54,0.81,-0.07,-2.32,-3.17,6.23,8.73,2.08,-4.68
2022-08-15,605068,28.21,28.52,28.86,27.92,16843,47858558.0,3.31,0.42,0.12,2.98,14.47,14.08,19.27,13.68,14.58,11.64,12.79,14.08,10.64,6.45,29.44,30.19,29.34,27.51,2.1,0.39,-0.49,-2.73,-3.58,5.79,8.27,1.65,-5.08,-7.29
2022-08-16,605068,28.52,28.37,29.12,28.01,23500,66838000.0,3.89,-0.53,-0.15,4.16,13.71,18.89,13.32,14.21,11.28,12.42,13.71,10.28,6.1,3.03,29.01,29.94,29.46,27.66,0.92,0.04,-2.22,-3.07,6.34,8.85,2.19,-4.58,-6.8,-6.24
2022-08-17,605068,28.37,28.02,28.63,27.82,11040,31092726.0,2.86,-1.23,-0.35,1.95,19.7,14.09,14.99,12.04,13.19,14.49,11.04,6.83,3.74,4.67,28.53,29.61,29.59,27.77,1.28,-1.0,-1.86,7.67,10.21,3.46,-3.39,-5.64,-5.07,-7.92
2022-08-18,605068,27.9,27.46,28.38,27.38,14834,41023153.0,3.57,-2.0,-0.56,2.63,15.92,16.84,13.84,15.01,16.33,12.82,8.55,5.41,6.36,4.57,28.15,29.19,29.62,27.86,1.02,0.15,9.87,12.45,5.57,-1.42,-3.71,-3.13,-6.05,-10.05
2022-08-19,605068,27.36,26.73,27.74,26.72,26187,70977721.0,3.71,-2.66,-0.73,4.63,19.72,16.65,17.85,19.2,15.61,11.23,8.01,8.98,7.15,6.21,27.82,28.86,29.62,27.96,2.88,12.87,15.53,8.45,1.27,-1.08,-0.49,-3.48,-7.59,-3.52
2022-08-22,605068,26.54,27.43,27.5,26.19,18407,49386795.0,4.9,2.62,0.7,3.26,19.01,20.24,21.61,17.95,13.48,10.19,11.19,9.32,8.36,5.92,27.6,28.52,29.58,28.1,9.99,12.58,5.69,-1.31,-3.61,-3.03,-5.94,-9.95,-5.98,-7.84
2022-08-23,605068,27.3,30.17,30.17,27.05,32384,94129933.0,11.37,9.99,2.74,5.73,16.41,17.74,14.2,9.87,6.69,7.65,5.84,4.92,2.55,1.66,27.96,28.48,29.64,28.34,2.35,-3.91,-10.28,-12.36,-11.83,-14.48,-18.13,-14.52,-16.21,-18.0
2022-08-24,605068,30.37,28.75,30.88,28.4,34635,101813215.0,8.22,-4.71,-1.42,6.13,12.15,8.77,4.65,1.62,2.54,0.81,-0.07,-2.32,-3.17,6.23,28.11,28.32,29.55,28.54,0.83,-5.84,-8.03,-7.48,-10.26,-14.09,-10.3,-12.07,-13.95,-8.94
2022-08-25,605068,28.99,26.97,28.99,26.81,28166,77072665.0,7.58,-6.19,-1.78,4.99,15.22,10.85,7.65,8.62,6.79,5.86,3.47,2.57,12.53,15.18,28.01,28.08,29.42,28.65,0.37,-1.97,-1.37,-4.34,-8.42,-4.38,-6.27,-8.27,-2.93,-3.6
2022-08-26,605068,27.0,25.58,27.07,25.41,20641,53896203.0,6.15,-5.15,-1.39,3.65,16.96,13.58,14.6,12.67,11.69,9.17,8.23,18.73,21.53,14.09,27.78,27.8,29.12,28.71,3.36,3.99,0.86,-3.44,0.82,-1.17,-3.28,2.35,1.64,-1.13
2022-08-29,605068,25.58,25.79,26.44,24.61,11098,28628930.0,7.15,0.82,0.21,1.96,17.27,18.33,16.33,15.32,12.72,11.74,22.59,25.48,17.8,10.0,27.45,27.53,28.86,28.74,3.14,0.04,-4.23,0.0,-1.98,-4.07,1.51,0.81,-1.94,-2.06
2022-08-30,605068,25.88,25.73,26.6,25.44,15848,40923431.0,4.5,-0.23,-0.06,2.8,14.47,12.54,11.56,9.04,8.1,18.59,21.38,13.95,6.41,3.93,26.56,27.26,28.6,28.73,0.27,-4.0,0.23,-1.75,-3.85,1.75,1.05,-1.71,-1.83,-2.95
2022-08-31,605068,25.79,24.49,25.8,24.1,16805,41299259.0,6.61,-4.82,-1.24,2.97,18.8,17.76,15.1,14.11,25.19,28.13,20.29,12.32,9.71,10.37,25.71,26.91,28.26,28.7,0.86,5.31,3.23,1.02,6.9,6.17,3.27,3.14,1.96,-0.9
2022-09-01,605068,24.5,24.08,24.7,23.9,8545,20671285.0,3.27,-1.67,-0.41,1.51,18.74,16.07,15.06,26.23,29.21,21.3,13.26,10.63,11.3,7.95,25.13,26.57,27.88,28.61,7.1,4.98,2.74,8.72,7.97,5.02,4.9,3.7,0.79,0.29
2022-09-02,605068,24.45,25.26,25.79,24.17,14934,37597907.0,6.73,4.9,1.18,2.64,14.77,13.78,24.82,27.76,19.94,12.0,9.39,10.05,6.74,2.19,25.07,26.42,27.64,28.55,0.08,-2.06,3.64,2.93,0.12,0.0,-1.15,-3.92,-4.39,-6.33
2022-09-05,605068,25.15,24.09,25.28,23.82,13386,32531505.0,5.78,-4.63,-1.17,2.37,15.45,26.66,29.64,21.7,13.64,11.0,11.67,8.31,3.69,8.27,24.73,26.09,27.31,28.41,2.7,8.68,7.93,4.98,4.86,3.65,0.75,0.25,-1.78,-0.42
2022-09-06,605068,24.17,24.35,24.74,23.8,11605,28125208.0,3.9,1.08,0.26,2.05,26.76,29.75,21.81,13.74,11.09,11.76,8.4,3.78,8.36,6.22,24.45,25.51,27.0,28.26,7.52,6.78,3.86,3.74,2.55,-0.33,-0.82,-2.83,-1.48,-3.29
2022-09-07,605068,24.33,25.56,26.18,24.23,23317,59619902.0,8.01,4.97,1.21,4.13,27.45,19.65,11.72,9.12,9.78,6.48,1.94,6.44,4.33,2.1,24.67,25.19,26.75,28.1,1.72,-1.06,-1.17,-2.31,-5.05,-5.52,-7.43,-6.14,-7.86,-7.28
2022-09-08,605068,25.56,24.85,26.0,24.7,16553,41702218.0,5.09,-2.78,-0.71,2.93,17.37,9.6,7.04,7.69,4.45,0.0,4.41,2.35,0.16,5.99,24.82,24.98,26.53,27.94,1.77,1.65,0.48,-2.33,-2.82,-4.79,-3.46,-5.23,-4.63,-7.48
2022-09-09,605068,24.99,24.37,25.29,24.01,8465,20599373.0,5.15,-1.93,-0.48,1.5,12.74,10.12,10.79,7.46,2.87,7.41,5.29,3.04,9.04,8.29,24.64,24.86,26.33,27.7,3.65,2.46,-0.41,-0.9,-2.91,-1.56,-3.36,-2.75,-5.66,-10.34
2022-09-13,605068,24.43,24.82,25.26,24.36,11727,29071003.0,3.69,1.85,0.45,2.08,8.54,9.2,5.91,1.4,5.87,3.78,1.56,7.47,6.73,3.82,24.79,24.76,26.14,27.49,0.6,-2.22,-2.7,-4.67,-3.34,-5.12,-4.51,-7.37,-11.97,-10.88
2022-09-14,605068,24.37,24.02,24.97,23.9,14321,34613630.0,4.31,-3.22,-0.8,2.53,11.3,7.95,3.35,7.91,5.77,3.51,9.54,8.79,5.82,5.69,24.72,24.59,25.93,27.26,1.04,0.54,-1.5,-0.12,-1.96,-1.33,-4.29,-9.03,-7.91,-7.7
2022-09-15,605068,24.1,23.12,24.27,22.95,13587,31600252.0,5.5,-3.75,-0.9,2.4,12.42,7.63,12.37,10.15,7.8,14.07,13.29,10.2,10.07,8.8,24.24,24.45,25.68,26.99,4.46,2.34,3.76,1.86,2.51,-0.56,-5.49,-4.33,-4.11,-6.62
2022-09-16,605068,23.28,23.46,24.15,22.96,17838,42085874.0,5.15,1.47,0.34,3.16,7.58,12.33,10.1,7.75,14.02,13.24,10.15,10.02,8.75,5.71,23.96,24.39,25.48,26.72,0.85,2.26,0.38,1.02,-2.0,-6.86,-5.71,-5.5,-7.97,-9.63
2022-09-19,605068,23.17,22.65,23.66,22.16,19547,44152377.0,6.39,-3.45,-0.81,3.46,16.38,14.08,11.64,18.14,17.33,14.12,13.99,12.68,9.52,8.98,23.61,24.13,25.28,26.47,5.92,3.97,4.64,1.5,-3.53,-2.34,-2.12,-4.68,-6.4,-6.75
2022-09-20,605068,22.91,23.55,23.99,22.65,10782,25388299.0,5.92,3.97,0.9,1.91,11.61,9.23,15.58,14.79,11.66,11.52,10.24,7.15,6.62,4.46,23.36,24.07,25.08,26.23,0.0,0.64,-2.38,-7.22,-6.07,-5.86,-8.32,-9.98,-10.32,-8.79
2022-09-21,605068,23.55,23.0,23.55,22.65,10159,23348248.0,3.82,-2.34,-0.55,1.8,9.23,15.58,14.79,11.66,11.52,10.24,7.15,6.62,4.46,5.92,23.16,23.94,24.72,25.98,3.04,-0.04,-5.0,-3.83,-3.61,-6.13,-7.83,-8.17,-6.61,-2.87
2022-09-22,605068,22.87,22.56,23.7,22.5,10882,24994341.0,5.22,-1.91,-0.44,1.93,16.36,15.56,12.4,12.27,10.98,7.87,7.33,5.16,6.62,4.67,23.04,23.64,24.41,25.72,1.91,-3.15,-1.95,-1.73,-4.3,-6.03,-6.38,-4.79,-0.98,4.57
2022-09-23,605068,22.69,21.86,22.99,21.48,12162,26614744.0,6.69,-3.1,-0.7,2.15,21.04,17.74,17.6,16.25,12.99,12.43,10.15,11.69,9.64,10.34,22.72,23.34,24.16,25.47,-0.05,1.19,1.42,-1.24,-3.02,-3.39,-1.74,2.2,7.91,10.48
2022-09-26,605068,21.76,21.44,21.85,21.0,14501,31124958.0,3.89,-1.92,-0.42,2.57,20.43,20.29,18.9,15.57,15.0,12.67,14.24,12.14,12.86,9.48,22.48,23.05,23.95,25.23,3.17,3.4,0.7,-1.12,-1.49,0.19,4.2,10.03,12.64,18.38
2022-09-27,605068,21.55,21.93,22.12,21.25,8834,19160368.0,4.06,2.29,0.49,1.56,18.87,17.51,14.21,13.65,11.34,12.89,10.82,11.53,8.19,2.82,22.16,22.76,23.76,25.02,1.09,-1.55,-3.33,-3.69,-2.05,1.87,7.57,10.12,15.73,16.05
2022-09-28,605068,21.93,21.02,22.17,20.9,12930,27593099.0,5.79,-4.15,-0.91,2.29,19.47,16.12,15.55,13.21,14.78,12.68,13.4,10.0,4.55,5.84,21.76,22.46,23.52,24.77,2.71,0.86,0.48,2.19,6.28,12.23,14.89,20.74,21.08,17.98
2022-09-29,605068,21.57,21.12,21.59,20.62,14818,31262860.0,4.61,0.48,0.1,2.62,17.7,17.12,14.74,16.34,14.21,14.94,11.49,5.97,7.27,7.52,21.47,22.26,23.36,24.54,0.38,0.0,1.7,5.78,11.7,14.35,20.17,20.5,17.42,14.35
2022-09-30,605068,20.92,20.6,21.2,20.5,13257,27539009.0,3.31,-2.46,-0.52,2.35,17.8,15.41,17.02,14.88,15.61,12.15,6.59,7.9,8.15,5.32,21.22,21.97,23.18,24.31,2.52,4.27,8.45,14.51,17.23,23.2,23.54,20.39,17.23,16.8
2022-10-10,605068,20.89,20.89,21.12,20.18,14363,30012829.0,4.56,1.41,0.29,2.54,17.24,18.88,16.7,17.44,13.92,8.28,9.61,9.86,6.99,5.05,21.11,21.8,22.96,24.12,2.82,6.94,12.92,15.61,21.49,21.83,18.72,15.61,15.17,15.84
2022-10-11,605068,20.91,21.21,21.48,20.91,7417,15702901.0,2.73,1.53,0.32,1.31,14.73,12.63,13.34,9.95,4.5,5.79,6.03,3.25,1.39,1.0,20.97,21.56,22.82,23.91,5.33,11.22,13.86,19.66,19.99,16.93,13.86,13.44,14.1,15.46
2022-10-12,605068,21.29,22.29,22.34,20.85,11149,24093427.0,7.02,5.09,1.08,1.97,12.95,13.67,10.26,4.8,6.09,6.33,3.55,1.68,1.29,3.02,21.22,21.49,22.72,23.65,5.83,8.34,13.86,14.18,11.26,8.34,7.94,8.57,9.87,15.75
2022-10-13,605068,22.29,22.85,23.59,21.98,15880,36651078.0,7.22,2.51,0.56,2.81,7.83,4.6,-0.59,0.64,0.86,-1.77,-3.55,-3.91,-2.27,1.64,21.57,21.52,22.58,23.45,5.69,11.07,11.38,8.53,5.69,5.3,5.91,7.18,12.91,18.86
2022-10-14,605068,22.98,23.74,24.15,22.86,12656,30078401.0,5.65,3.89,0.89,2.24,0.57,-4.42,-3.24,-3.02,-5.56,-7.26,-7.61,-6.04,-2.27,3.19,22.2,21.71,22.52,23.34,6.91,7.2,4.47,1.73,1.35,1.94,3.16,8.68,14.41,11.42
2022-10-17,605068,23.44,25.0,25.38,23.41,23522,58035483.0,8.3,5.31,1.26,4.16,-6.66,-5.51,-5.3,-7.77,-9.44,-9.78,-8.24,-4.57,0.77,3.16,23.02,22.06,22.56,23.32,1.8,-0.8,-3.4,-3.76,-3.2,-2.04,3.2,8.64,5.8,0.92
2022-10-18,605068,25.04,24.8,25.45,24.61,18581,46501753.0,3.36,-0.8,-0.2,3.29,-10.12,-9.91,-12.27,-13.86,-14.18,-12.72,-9.22,-4.14,-1.87,3.13,23.74,22.35,22.56,23.29,0.0,-2.62,-2.98,-2.42,-1.25,4.03,9.52,6.65,1.73,3.35
2022-10-19,605068,24.8,24.11,24.8,23.94,10325,25014761.0,3.47,-2.78,-0.69,1.83,-7.39,-9.82,-11.45,-11.78,-10.28,-6.68,-1.46,0.88,6.02,6.31,24.1,22.66,22.56,23.24,0.17,-0.21,0.37,1.58,7.01,12.65,9.71,4.65,6.3,8.34
2022-10-20,605068,24.15,23.42,24.15,23.26,9525,22392820.0,3.69,-2.86,-0.69,1.69,-7.18,-8.86,-9.2,-7.65,-3.96,1.42,3.83,9.11,9.42,6.62,24.21,22.89,22.57,23.2,2.73,3.33,4.57,10.16,15.97,12.94,7.73,9.44,11.53,13.58
2022-10-21,605068,23.4,23.22,24.06,23.0,8754,20505434.0,4.53,-0.85,-0.2,1.55,-7.83,-8.17,-6.61,-2.87,2.57,5.0,10.35,10.65,7.83,5.0,24.11,23.15,22.56,23.17,4.22,5.47,11.11,16.97,13.91,8.66,10.38,12.49,14.56,19.72
2022-10-24,605068,23.43,23.07,24.2,22.89,8567,20051553.0,5.64,-0.65,-0.15,1.52,-7.73,-6.16,-2.4,3.06,5.5,10.88,11.18,8.34,5.5,5.11,23.72,23.37,22.58,23.1,6.16,11.83,17.73,14.65,9.36,11.1,13.22,15.3,20.5,24.49
2022-10-25,605068,22.75,23.96,24.49,22.62,11572,27310202.0,8.11,3.86,0.89,2.05,-5.04,-1.24,4.29,6.76,12.2,12.51,9.64,6.76,6.37,6.98,23.56,23.65,22.6,23.09,7.68,13.36,10.39,5.3,6.97,9.02,11.02,16.03,19.87,12.85
2022-10-26,605068,23.85,25.13,25.8,23.85,22712,56838055.0,8.14,4.88,1.17,4.02,-6.33,-1.09,1.26,6.42,6.71,3.98,1.26,0.88,1.47,2.68,23.76,23.93,22.71,23.12,8.08,5.25,0.4,1.99,3.94,5.85,10.62,14.29,7.6,8.48
2022-10-27,605068,25.29,26.15,27.16,25.29,34842,92396685.0,7.44,4.06,1.02,6.17,-6.72,-4.51,0.36,0.63,-1.94,-4.51,-4.86,-4.31,-3.16,2.02,24.31,24.26,22.89,23.14,1.15,-3.52,-1.99,-0.11,1.72,6.31,9.83,3.4,4.24,6.12
2022-10-28,605068,25.97,25.06,26.45,24.68,29363,75230314.0,6.77,-4.17,-1.09,5.2,-2.15,2.84,3.12,0.49,-2.15,-2.51,-1.94,-0.77,4.54,10.05,24.67,24.39,23.05,23.15,0.68,2.27,4.23,6.15,10.93,14.6,7.9,8.78,10.73,10.14
2022-10-31,605068,24.83,24.77,25.23,24.24,14786,36537876.0,3.95,-1.16,-0.29,2.62,4.7,4.99,2.31,-0.37,-0.74,-0.17,1.03,6.44,12.05,9.12,25.01,24.37,23.22,23.16,3.47,5.45,7.39,12.23,15.95,9.16,10.05,12.03,11.43,10.17
2022-11-01,605068,24.74,25.4,25.63,24.5,15498,38813111.0,4.56,2.54,0.63,2.74,3.88,1.22,-1.43,-1.8,-1.22,-0.04,5.31,10.86,7.96,2.98,25.3,24.43,23.39,23.18,2.83,4.72,9.45,13.07,6.46,7.32,9.25,8.66,7.44,9.84
2022-11-02,605068,25.09,26.05,26.12,25.09,10821,27834536.0,4.06,2.56,0.65,1.92,-1.16,-3.75,-4.11,-3.55,-2.39,2.83,8.25,5.42,0.56,2.15,25.49,24.62,23.64,23.25,2.11,6.72,10.25,3.8,4.64,6.53,5.95,4.76,7.1,11.13
2022-11-03,605068,26.0,26.03,26.6,25.01,18641,48485110.0,6.1,-0.08,-0.02,3.3,-3.44,-3.8,-3.24,-2.08,3.16,8.6,5.76,0.88,2.48,4.44,25.46,24.88,23.89,23.34,6.8,10.33,3.88,4.73,6.61,6.03,4.84,7.18,11.22,15.17
2022-11-04,605068,26.19,27.25,27.8,25.8,24925,67623021.0,7.68,4.69,1.22,4.41,-6.74,-6.2,-5.08,0.0,5.27,2.52,-2.21,-0.66,1.24,3.1,25.9,25.29,24.22,23.47,5.39,-0.77,0.04,1.83,1.28,0.15,2.39,6.24,10.02,10.02
2022-11-07,605068,27.89,26.72,28.72,26.58,18783,51848087.0,7.85,-1.94,-0.53,3.32,-8.95,-7.86,-2.93,2.18,-0.49,-5.08,-3.57,-1.73,0.08,4.59,26.29,25.65,24.51,23.61,1.2,2.02,3.85,3.29,2.13,4.42,8.35,12.2,12.2,11.83
2022-11-08,605068,26.81,26.88,27.04,25.94,12735,33637208.0,4.12,0.6,0.16,2.25,-5.59,-0.54,4.7,1.97,-2.74,-1.2,0.69,2.54,7.17,10.72,26.59,25.94,24.79,23.72,1.41,3.24,2.68,1.53,3.79,7.7,11.53,11.53,11.16,11.94
2022-11-09,605068,26.63,26.52,27.26,26.3,9622,25661201.0,3.57,-1.34,-0.36,1.7,-1.9,3.27,0.57,-4.07,-2.55,-0.68,1.14,5.7,9.2,2.81,26.68,26.08,25.01,23.83,4.64,4.07,2.9,5.2,9.16,13.05,13.05,12.67,13.46,9.24
2022-11-10,605068,26.52,26.79,27.75,26.4,14711,39971998.0,5.09,1.02,0.27,2.6,2.88,0.19,-4.43,-2.92,-1.06,0.76,5.3,8.79,2.42,3.26,26.83,26.15,25.2,23.98,3.02,1.87,4.14,8.06,11.91,11.91,11.53,12.32,8.14,12.09
2022-11-11,605068,27.33,26.4,27.6,26.31,9030,24252746.0,4.82,-1.46,-0.39,1.6,0.53,-4.1,-2.58,-0.72,1.1,5.66,9.16,2.77,3.61,5.47,26.66,26.28,25.34,24.13,3.37,5.68,9.66,13.56,13.56,13.18,13.98,9.73,13.75,12.84
2022-11-14,605068,26.5,26.38,27.29,26.07,19589,52030288.0,4.62,-0.08,-0.02,3.47,-3.22,-1.69,0.19,2.03,6.64,10.16,3.72,4.56,6.44,5.87,26.59,26.44,25.41,24.29,5.76,9.74,13.65,13.65,13.27,14.06,9.82,13.84,12.93,9.97
2022-11-15,605068,26.4,27.77,27.9,26.2,14948,40864873.0,6.44,5.27,1.39,2.65,-2.18,-0.31,1.53,6.11,9.62,3.21,4.05,5.92,5.34,4.16,26.77,26.68,25.55,24.49,4.25,7.96,7.96,7.6,8.35,4.32,8.14,7.27,4.47,9.83
2022-11-16,605068,27.7,28.44,28.95,27.69,25078,71410453.0,4.54,2.41,0.67,4.44,-5.67,-3.94,0.4,3.72,-2.35,-1.55,0.22,-0.33,-1.44,0.76,27.16,26.92,25.77,24.73,5.41,5.41,5.06,5.8,1.86,5.59,4.75,2.0,7.24,9.53
2022-11-17,605068,28.63,28.99,29.98,28.18,46342,135650256.0,6.33,1.93,0.55,8.2,-5.61,-1.35,1.92,-4.05,-3.26,-1.53,-2.06,-3.16,-0.99,2.73,27.6,27.21,26.05,25.0,3.41,3.07,3.79,-0.07,3.59,2.76,0.07,5.21,7.45,14.87
2022-11-18,605068,28.89,28.99,29.98,28.72,20796,61389554.0,4.35,0.0,0.0,3.68,-3.2,0.0,-5.85,-5.08,-3.38,-3.9,-4.98,-2.86,0.8,4.39,28.11,27.39,26.34,25.28,3.07,3.79,-0.07,3.59,2.76,0.07,5.21,7.45,14.87,11.07
2022-11-21,605068,29.42,29.72,29.88,28.71,10105,29750385.0,4.04,2.52,0.73,1.79,0.03,-5.82,-5.05,-3.34,-3.87,-4.95,-2.82,0.84,4.42,4.42,28.78,27.69,26.67,25.57,1.24,-2.52,1.04,0.24,-2.39,2.62,4.81,12.05,8.34,7.64
2022-11-22,605068,30.07,28.73,30.09,28.52,9997,29046377.0,5.28,-3.33,-0.99,1.77,-5.19,-4.42,-2.7,-3.23,-4.31,-2.17,1.51,5.12,5.12,4.77,28.97,27.87,26.91,25.82,0.84,4.52,3.69,0.97,6.16,8.42,15.91,12.08,11.35,13.09
2022-11-23,605068,28.44,28.41,28.97,27.88,14679,41598573.0,3.79,-1.11,-0.32,2.6,-2.22,-0.47,-1.0,-2.12,0.07,3.84,7.53,7.53,7.17,7.93,28.97,28.06,27.07,26.02,5.7,4.86,2.11,7.36,9.64,17.21,13.34,12.6,14.36,10.1
2022-11-24,605068,28.41,29.32,30.03,28.39,12390,36428808.0,5.77,3.2,0.91,2.19,-2.25,-2.78,-3.87,-1.73,1.97,5.6,5.6,5.25,5.99,2.04,29.03,28.31,27.23,26.24,1.6,-1.06,4.02,6.24,13.57,9.82,9.11,10.81,6.68,10.23
2022-11-25,605068,29.79,28.09,29.79,28.0,13077,37219386.0,6.11,-4.2,-1.23,2.31,-1.43,-2.54,-0.36,3.39,7.07,7.07,6.71,7.46,3.46,7.25,28.85,28.48,27.38,26.39,3.28,8.58,10.89,18.55,14.63,13.88,15.66,11.36,15.06,14.52
2022-11-28,605068,28.0,28.84,29.01,27.53,12591,36030797.0,5.27,2.67,0.75,2.23,-0.87,1.34,5.16,8.9,8.9,8.54,9.3,5.23,9.08,8.21,28.68,28.73,27.59,26.51,5.76,8.01,15.46,11.65,10.92,12.66,8.46,12.07,11.55,8.7
2022-11-29,605068,28.65,29.97,30.5,28.37,17643,52624239.0,7.39,3.92,1.13,3.12,-1.66,2.04,5.68,5.68,5.32,6.06,2.11,5.85,5.01,2.26,28.93,28.95,27.81,26.69,3.94,11.11,7.44,6.74,8.41,4.37,7.84,7.34,4.6,1.8
2022-11-30,605068,30.04,30.87,31.15,29.26,13012,39657928.0,6.31,3.0,0.9,2.3,-1.06,2.46,2.46,2.12,2.84,-0.99,2.63,1.81,-0.85,4.24,29.42,29.19,28.06,26.91,7.87,4.31,3.63,5.25,1.33,4.7,4.21,1.55,-1.17,-2.4
2022-12-01,605068,30.89,31.79,33.3,30.7,27844,89628684.0,8.42,2.98,0.92,4.93,-2.35,-2.35,-2.67,-1.99,-5.64,-2.18,-2.96,-5.5,-0.65,1.47,29.91,29.47,28.34,27.19,1.29,0.63,2.2,-1.6,1.67,1.2,-1.38,-4.03,-5.22,-6.73
2022-12-02,605068,31.8,31.3,32.2,31.17,10887,34347427.0,3.24,-1.54,-0.49,1.93,-3.82,-4.14,-3.46,-7.06,-3.66,-4.43,-6.93,-2.15,-0.06,6.83,30.55,29.7,28.55,27.46,2.2,3.8,-0.06,3.26,2.78,0.16,-2.52,-3.74,-5.27,-7.0
2022-12-05,605068,31.49,31.17,31.99,30.5,8648,26759718.0,4.76,-0.42,-0.13,1.53,-2.03,-1.34,-5.02,-1.54,-2.33,-4.89,0.0,2.13,9.18,5.57,31.02,29.85,28.77,27.73,4.23,0.35,3.69,3.21,0.58,-2.12,-3.34,-4.88,-6.61,-4.4
2022-12-06,605068,31.33,30.97,32.49,30.55,14673,45990037.0,6.22,-0.64,-0.2,2.6,-1.51,-5.17,-1.7,-2.49,-5.04,-0.16,1.96,9.0,5.4,4.71,31.22,30.07,28.97,27.96,1.0,4.36,3.87,1.23,-1.49,-2.71,-4.26,-6.01,-3.78,-5.17
2022-12-07,605068,30.71,31.05,31.28,30.17,11760,36151504.0,3.58,0.26,0.08,2.08,-3.98,-0.46,-1.26,-3.84,1.09,3.25,10.37,6.73,6.03,7.69,31.26,30.34,29.2,28.16,4.09,3.61,0.97,-1.74,-2.96,-4.51,-6.25,-4.03,-5.41,-6.02
2022-12-08,605068,30.51,32.13,32.32,30.46,11374,36211109.0,5.99,3.48,1.08,2.01,-1.41,-2.2,-4.76,0.13,2.27,9.32,5.71,5.02,6.66,2.69,31.32,30.62,29.47,28.36,0.12,-2.43,-5.04,-6.22,-7.72,-9.4,-7.25,-8.59,-9.18,-9.18
2022-12-09,605068,31.93,31.51,32.17,31.22,7153,22677221.0,2.96,-1.93,-0.62,1.27,-4.58,-7.08,-2.31,-0.22,6.66,3.14,2.47,4.07,0.19,3.52,31.37,30.96,29.72,28.57,-0.51,-3.17,-4.38,-5.9,-7.62,-5.43,-6.79,-7.39,-7.39,-7.97
2022-12-12,605068,31.35,30.53,31.35,30.34,13155,40379471.0,3.21,-3.11,-0.98,2.33,-4.38,0.53,2.67,9.76,6.13,5.44,7.09,3.1,6.53,6.03,31.24,31.13,29.93,28.77,-0.07,-1.31,-2.88,-4.65,-2.39,-3.8,-4.42,-4.42,-5.01,-4.03
2022-12-13,605068,30.5,29.0,30.51,28.71,16477,48543443.0,5.9,-5.01,-1.53,2.92,6.23,8.5,15.99,12.16,11.42,13.17,8.95,12.57,12.05,9.2,30.84,31.03,29.99,28.89,3.9,2.24,0.38,2.76,1.28,0.62,0.62,0.0,1.03,2.21
2022-12-14,605068,29.02,29.2,30.13,28.8,10640,31277087.0,4.59,0.69,0.2,1.88,8.16,15.62,11.81,11.08,12.81,8.61,12.22,11.7,8.85,5.94,30.47,30.86,30.03,28.99,1.54,-0.31,2.05,0.58,-0.07,-0.07,-0.68,0.34,1.51,-1.13
2022-12-15,605068,28.89,29.44,29.65,28.65,7410,21600160.0,3.42,0.82,0.24,1.31,16.23,12.39,11.66,13.4,9.18,12.81,12.29,9.42,6.49,5.17,29.94,30.63,30.05,29.11,-1.12,1.22,-0.24,-0.88,-0.88,-1.49,-0.48,0.68,-1.94,-1.15
2022-12-16,605068,29.01,28.2,29.11,28.01,6168,17600960.0,3.74,-4.21,-1.24,1.09,14.96,14.21,15.99,11.67,15.39,14.85,11.92,8.93,7.57,5.86,29.27,30.32,30.01,29.14,5.67,4.15,3.48,3.48,2.84,3.9,5.11,2.38,3.19,5.28
2022-12-19,605068,28.17,29.18,29.8,28.09,10514,30575547.0,6.06,3.48,0.98,1.86,13.88,15.66,11.36,15.06,14.52,11.61,8.62,7.26,5.55,3.63,29.0,30.12,29.99,29.22,0.65,0.0,0.0,-0.62,0.41,1.58,-1.06,-0.27,1.75,10.62
2022-12-20,605068,28.99,28.79,29.37,28.3,7014,20164001.0,3.67,-1.34,-0.39,1.24,14.81,10.53,14.2,13.67,10.78,7.81,6.47,4.77,2.86,5.3,28.96,29.9,29.99,29.28,1.35,1.35,0.73,1.77,2.95,0.28,1.08,3.13,12.12,13.51
2022-12-21,605068,28.97,28.2,29.18,28.01,8746,24866948.0,4.06,-2.05,-0.59,1.55,11.67,15.39,14.85,11.92,8.93,7.57,5.86,3.93,6.39,4.86,28.76,29.62,29.98,29.34,3.48,2.84,3.9,5.11,2.38,3.19,5.28,14.47,15.89,13.94
2022-12-22,605068,28.23,29.1,29.18,27.65,17265,49495686.0,5.43,3.19,0.9,3.06,16.89,16.35,13.38,10.34,8.97,7.23,5.28,7.78,6.22,5.53,28.69,29.31,29.97,29.42,-0.34,0.69,1.86,-0.79,0.0,2.03,10.93,12.3,10.41,9.52
2022-12-23,605068,28.31,28.46,29.0,27.12,15330,43031183.0,6.46,-2.2,-0.64,2.71,18.62,15.6,12.5,11.1,9.33,7.34,9.88,8.3,7.6,7.6,28.75,29.01,29.99,29.48,2.95,4.15,1.44,2.25,4.32,13.42,14.83,12.9,11.98,12.79
2022-12-26,605068,28.68,28.79,29.3,28.01,11082,31797817.0,4.53,1.16,0.33,1.96,11.92,8.93,7.57,5.86,3.93,6.39,4.86,4.18,4.18,3.53,28.67,28.84,29.98,29.56,2.95,0.28,1.08,3.13,12.12,13.51,11.6,10.7,11.5,11.11
2022-12-27,605068,28.78,28.98,29.64,28.11,10604,30644542.0,5.31,0.66,0.19,1.88,8.54,7.19,5.48,3.56,6.01,4.48,3.81,3.81,3.17,4.23,28.71,28.83,29.93,29.61,-0.38,0.41,2.45,11.39,12.77,10.87,9.97,10.77,10.39,9.04
2022-12-28,605068,28.82,27.77,28.87,27.72,6877,19275276.0,3.97,-4.18,-1.21,1.22,8.69,6.96,5.01,7.5,5.95,5.27,5.27,4.62,5.7,6.93,28.62,28.69,29.78,29.58,4.79,6.91,16.24,17.68,15.7,14.76,15.59,15.2,13.79,12.96
2022-12-29,605068,27.89,28.43,29.1,27.77,11311,32300274.0,4.79,2.38,0.66,2.0,6.77,4.83,7.31,5.76,5.08,5.08,4.43,5.51,6.73,3.96,28.49,28.59,29.61,29.56,4.43,13.54,14.95,13.01,12.1,12.91,12.52,11.15,10.34,11.12
2022-12-30,605068,28.55,29.67,29.69,28.01,12146,35184753.0,5.91,4.36,1.24,2.15,3.93,6.39,4.86,4.18,4.18,3.53,4.61,5.82,3.07,3.89,28.73,28.74,29.53,29.59,8.8,10.14,8.29,7.41,8.19,7.82,6.5,5.73,6.47,4.79
2023-01-03,605068,29.86,31.67,32.28,29.2,18807,58135333.0,10.38,6.74,2.0,3.33,2.05,0.58,-0.07,-0.07,-0.68,0.34,1.51,-1.13,-0.34,1.68,29.3,28.99,29.55,29.65,3.19,1.45,0.63,1.36,1.01,-0.22,-0.95,-0.25,-1.83,-0.06
2023-01-04,605068,32.68,31.03,32.68,30.1,10097,30962980.0,8.15,-2.02,-0.64,1.79,-2.43,-3.06,-3.06,-3.65,-2.66,-1.53,-4.09,-3.32,-1.36,7.24,29.71,29.21,29.56,29.73,3.54,2.71,3.45,3.09,1.84,1.1,1.8,0.19,2.0,1.48
2023-01-05,605068,30.98,31.37,32.13,30.37,9129,28515537.0,5.67,1.1,0.34,1.62,-3.92,-3.92,-4.51,-3.52,-2.4,-4.94,-4.18,-2.24,6.29,7.61,30.43,29.53,29.57,29.83,1.59,2.33,1.98,0.73,0.0,0.7,-0.89,0.89,0.38,0.35
2023-01-06,605068,31.1,31.21,31.87,30.8,5720,17899198.0,3.41,-0.51,-0.16,1.01,-5.26,-5.84,-4.87,-3.77,-6.27,-5.52,-3.6,4.81,6.1,4.32,30.99,29.74,29.53,29.89,2.85,2.5,1.25,0.51,1.22,-0.38,1.41,0.9,0.87,1.86
2023-01-09,605068,31.25,31.31,32.1,31.07,9875,31140612.0,3.3,0.32,0.1,1.75,-6.66,-5.7,-4.6,-7.08,-6.34,-4.44,3.89,5.18,3.41,2.57,31.32,30.02,29.52,30.0,2.17,0.93,0.19,0.89,-0.7,1.09,0.57,0.54,1.53,3.07
2023-01-10,605068,31.32,31.64,31.99,31.0,6196,19461803.0,3.16,1.05,0.33,1.1,-5.48,-4.39,-6.87,-6.13,-4.23,4.13,5.42,3.65,2.81,3.55,31.31,30.31,29.57,30.09,-0.13,-0.85,-0.16,-1.74,0.03,-0.47,-0.51,0.47,1.99,1.11
2023-01-11,605068,31.3,30.9,31.6,30.86,4354,13504887.0,2.34,-2.34,-0.74,0.77,-3.95,-6.45,-5.7,-3.79,4.6,5.9,4.12,3.27,4.02,3.66,31.29,30.5,29.67,30.12,1.52,2.23,0.61,2.43,1.91,1.88,2.88,4.43,3.53,10.03
2023-01-12,605068,31.07,31.03,31.37,30.77,2886,8953909.0,1.94,0.42,0.13,0.51,-6.17,-5.43,-3.51,4.91,6.21,4.42,3.57,4.32,3.96,2.7,31.22,30.83,29.76,30.13,1.8,0.19,2.0,1.48,1.45,2.45,4.0,3.09,9.57,10.22
2023-01-13,605068,30.78,30.75,31.59,30.4,4638,14364436.0,3.83,-0.9,-0.28,0.82,-4.28,-2.34,6.18,7.5,5.69,4.84,5.59,5.23,3.95,3.19,31.13,31.06,29.82,30.09,1.11,2.93,2.41,2.37,3.38,4.94,4.03,10.57,11.22,9.27
2023-01-16,605068,30.14,30.8,31.09,30.14,5257,16144574.0,3.09,0.16,0.05,0.93,-1.49,7.1,8.43,6.6,5.74,6.5,6.14,4.84,4.08,4.81,31.02,31.17,29.95,30.08,2.76,2.24,2.21,3.21,4.77,3.86,10.39,11.04,9.09,7.4
2023-01-17,605068,30.51,30.79,31.65,30.51,3740,11621345.0,3.7,-0.03,-0.01,0.66,5.8,7.11,5.31,4.46,5.21,4.85,3.57,2.82,3.54,1.9,30.85,31.08,30.03,30.06,2.27,2.24,3.25,4.81,3.9,10.43,11.08,9.13,7.44,12.7
2023-01-18,605068,30.8,31.18,31.49,30.78,2475,7701797.0,2.31,1.27,0.39,0.44,6.17,4.39,3.54,4.29,3.93,2.66,1.92,2.63,1.01,2.83,30.91,31.1,30.15,30.07,0.96,1.96,3.5,2.6,9.04,9.69,7.76,6.09,11.29,9.36
2023-01-19,605068,31.07,31.38,31.48,30.81,2204,6872734.0,2.15,0.64,0.2,0.39,4.28,3.44,4.19,3.83,2.56,1.82,2.53,0.91,2.73,2.21,30.98,31.1,30.31,30.08,1.31,2.84,1.94,8.35,8.99,7.07,5.42,10.58,8.67,6.02
2023-01-20,605068,31.38,30.97,31.79,30.84,3004,9359490.0,3.03,-1.31,-0.41,0.53,3.34,4.09,3.73,2.46,1.72,2.43,0.81,2.63,2.11,2.08,31.02,31.07,30.41,30.04,4.2,3.29,9.78,10.43,8.49,6.81,12.04,10.11,7.43,7.33
2023-01-30,605068,31.01,31.07,32.27,30.8,6462,20356764.0,4.75,0.32,0.1,1.14,4.22,3.86,2.6,1.85,2.56,0.94,2.76,2.24,2.21,3.21,31.08,31.05,30.54,30.03,2.96,9.43,10.07,8.14,6.47,11.68,9.75,7.08,6.98,7.18
2023-01-31,605068,31.19,31.99,31.99,31.1,4939,15644044.0,2.86,2.96,0.92,0.87,2.86,1.61,0.87,1.58,-0.03,1.77,1.25,1.22,2.22,3.76,31.32,31.09,30.7,30.08,6.28,6.91,5.03,3.41,8.47,6.6,4.0,3.91,4.1,2.69
2023-02-01,605068,32.2,33.99,34.0,31.8,18089,60197203.0,6.88,6.25,2.0,3.2,-0.63,-1.35,-0.66,-2.23,-0.47,-0.97,-1.01,-0.03,1.48,0.6,31.88,31.39,30.95,30.24,0.62,-1.15,-2.68,2.09,0.32,-2.12,-2.21,-2.03,-3.35,-2.32
2023-02-02,605068,33.62,33.6,34.2,33.2,9512,31913372.0,2.94,-1.15,-0.39,1.68,-5.51,-4.85,-6.36,-4.67,-5.15,-5.18,-4.25,-2.8,-3.64,2.41,32.32,31.65,31.24,30.39,0.0,-1.55,3.27,1.49,-0.98,-1.07,-0.89,-2.23,-1.19,-5.09
2023-02-03,605068,33.6,32.88,33.6,31.61,9224,29958796.0,5.92,-2.14,-0.72,1.63,-0.06,-1.65,0.13,-0.38,-0.41,0.57,2.09,1.2,7.56,8.19,32.71,31.86,31.46,30.5,0.61,5.54,3.71,1.19,1.09,1.28,-0.09,0.97,-3.01,-5.87
2023-02-06,605068,32.88,32.68,33.08,32.45,5695,18680547.0,1.92,-0.61,-0.2,1.01,-4.19,-2.47,-2.96,-2.99,-2.03,-0.55,-1.42,4.78,5.39,3.54,33.03,32.05,31.61,30.65,6.18,4.35,1.81,1.71,1.9,0.52,1.59,-2.42,-5.29,-5.66
2023-02-07,605068,32.67,34.14,34.7,32.25,13928,47206698.0,7.5,4.47,1.46,2.47,-1.86,-2.36,-2.39,-1.43,0.06,-0.81,5.43,6.05,4.19,2.57,33.46,32.39,31.74,30.82,-0.12,-2.55,-2.64,-2.46,-3.78,-2.75,-6.59,-9.34,-9.7,-5.36
2023-02-08,605068,33.99,33.03,34.1,32.93,4952,16532734.0,3.43,-3.25,-1.11,0.88,-4.37,-4.4,-3.46,-2.0,-2.85,3.25,3.86,2.03,0.46,5.38,33.27,32.57,31.84,30.96,0.73,0.64,0.82,-0.54,0.51,-3.45,-6.3,-6.66,-2.18,-4.93
2023-02-09,605068,32.98,32.45,33.27,32.3,6747,22016054.0,2.94,-1.76,-0.58,1.19,-2.54,-1.58,-0.09,-0.96,5.26,5.88,4.02,2.41,7.43,5.57,33.04,32.68,31.89,31.1,2.43,2.62,1.23,2.31,-1.73,-4.62,-4.99,-0.43,-3.24,-2.56
2023-02-10,605068,32.58,32.82,33.24,32.4,4930,16125528.0,2.59,1.14,0.37,0.87,-1.88,-0.4,-1.27,4.94,5.56,3.7,2.1,7.1,5.25,2.69,33.02,32.86,31.97,31.23,1.46,0.09,1.16,-2.83,-5.7,-6.06,-1.55,-4.33,-3.66,-3.17
2023-02-13,605068,32.85,32.47,33.3,32.34,6042,19859357.0,2.93,-1.07,-0.35,1.07,-0.22,-1.08,5.13,5.75,3.9,2.29,7.3,5.44,2.88,2.78,32.98,33.0,32.03,31.36,1.17,2.25,-1.79,-4.68,-5.05,-0.49,-3.3,-2.62,-2.13,-3.91
2023-02-14,605068,32.85,32.05,32.85,31.02,13217,41954363.0,5.64,-1.29,-0.42,2.34,3.13,9.61,10.25,8.32,6.64,11.86,9.93,7.25,7.16,7.35,32.56,33.01,32.05,31.47,3.59,-0.5,-3.43,-3.81,0.81,-2.03,-1.34,-0.84,-2.65,-4.21
2023-02-15,605068,32.12,31.4,33.2,31.33,6787,21703554.0,5.83,-2.03,-0.65,1.2,8.52,9.16,7.25,5.59,10.76,8.84,6.19,6.1,6.29,4.85,32.24,32.75,32.07,31.55,1.56,-1.43,-1.82,2.9,0.0,0.7,1.21,-0.64,-2.23,-2.64
2023-02-16,605068,31.55,30.46,31.89,30.34,8773,27222769.0,4.94,-2.99,-0.94,1.55,12.72,10.74,9.03,14.37,12.39,9.66,9.56,9.76,8.27,9.43,31.84,32.44,32.04,31.64,1.61,1.21,6.07,3.09,3.81,4.33,2.43,0.79,0.36,-1.54
2023-02-17,605068,30.51,30.68,30.95,30.0,9053,27620685.0,3.12,0.72,0.22,1.6,12.0,10.27,15.67,13.67,10.9,10.8,11.0,9.5,10.67,6.3,31.41,32.22,32.04,31.71,0.49,5.31,2.35,3.06,3.59,1.69,0.07,-0.36,-2.25,-2.87
2023-02-20,605068,30.5,30.76,30.83,30.07,5303,16123699.0,2.48,0.26,0.08,0.94,10.01,15.4,13.4,10.64,10.54,10.74,9.25,10.41,6.05,2.93,31.07,32.03,32.04,31.75,5.04,2.08,2.8,3.32,1.43,-0.2,-0.62,-2.5,-3.12,-4.45
2023-02-21,605068,30.6,31.25,32.31,30.5,9266,29084075.0,5.88,1.59,0.49,1.64,13.77,11.8,9.08,8.98,9.18,7.7,8.85,4.56,1.48,1.08,30.91,31.74,32.06,31.74,0.48,1.18,1.7,-0.16,-1.76,-2.18,-4.03,-4.64,-5.95,-6.11
2023-02-22,605068,31.39,30.34,31.4,29.96,8523,25884801.0,4.61,-2.91,-0.91,1.51,13.82,11.05,10.95,11.15,9.65,10.81,6.44,3.3,2.9,7.84,30.7,31.47,32.02,31.71,4.22,4.75,2.83,1.19,0.76,-1.15,-1.78,-3.13,-3.3,-5.08
2023-02-23,605068,30.2,31.53,31.62,30.17,11307,35252870.0,4.78,3.92,1.19,2.0,10.28,10.18,10.37,8.88,10.04,5.7,2.59,2.19,7.09,4.08,30.91,31.38,32.03,31.72,0.79,-1.05,-2.63,-3.04,-4.88,-5.49,-6.79,-6.95,-8.66,-7.71
2023-02-24,605068,31.78,30.92,31.78,30.36,7890,24311167.0,4.5,-1.93,-0.61,1.4,9.49,9.68,8.2,9.35,5.04,1.94,1.55,6.42,3.43,4.15,30.96,31.19,32.03,31.71,0.91,-0.71,-1.13,-3.01,-3.62,-4.95,-5.11,-6.86,-5.89,-7.86
2023-02-27,605068,30.81,30.49,31.2,30.13,9201,28262853.0,3.46,-1.39,-0.43,1.63,10.52,9.03,10.19,5.84,2.72,2.32,7.24,4.22,4.95,5.48,30.91,30.99,32.0,31.68,0.69,0.26,-1.64,-2.26,-3.61,-3.77,-5.54,-4.56,-6.56,-6.85
2023-02-28,605068,30.4,30.55,30.7,29.87,9725,29489757.0,2.72,0.2,0.06,1.72,9.98,11.15,6.76,3.62,3.21,8.17,5.12,5.86,6.39,4.45,30.77,30.84,31.92,31.64,0.07,-1.83,-2.45,-3.8,-3.96,-5.73,-4.75,-6.74,-7.04,-8.58
2023-03-01,605068,30.55,29.84,30.57,29.3,12532,37360324.0,4.16,-2.32,-0.71,2.22,13.31,8.84,5.63,5.22,10.27,7.17,7.92,8.46,6.48,4.78,30.67,30.68,31.72,31.61,0.5,-0.13,-1.51,-1.68,-3.49,-2.48,-4.52,-4.83,-6.4,-2.55
2023-03-02,605068,29.74,29.7,29.99,29.34,8066,23920796.0,2.18,-0.47,-0.14,1.43,8.69,5.49,5.08,10.12,7.02,7.77,8.32,6.34,4.64,4.19,30.3,30.61,31.52,31.57,0.34,-1.04,-1.21,-3.03,-2.02,-4.07,-4.38,-5.96,-2.09,-4.07
2023-03-03,605068,29.68,29.31,29.8,29.14,7589,22270213.0,2.22,-1.31,-0.39,1.34,6.21,5.8,10.88,7.76,8.51,9.06,7.07,5.35,4.91,2.92,29.98,30.47,31.34,31.52,0.27,0.1,-1.74,-0.72,-2.8,-3.1,-4.71,-0.78,-2.8,-5.12
2023-03-06,605068,29.3,29.13,29.39,28.75,10667,30922240.0,2.18,-0.61,-0.18,1.89,7.23,12.38,9.22,9.98,10.54,8.52,6.78,6.33,4.31,3.65,29.71,30.31,31.17,31.46,0.72,-1.13,-0.1,-2.2,-2.51,-4.12,-0.17,-2.2,-4.53,0.07
2023-03-07,605068,29.25,28.17,29.34,28.08,13859,39552780.0,4.33,-3.3,-0.96,2.45,15.06,11.82,12.61,13.18,11.11,9.33,8.87,6.8,6.13,4.67,29.23,30.0,30.87,31.37,2.24,3.3,1.14,0.82,-0.85,3.23,1.14,-1.28,3.48,4.37
2023-03-08,605068,28.31,28.6,28.8,28.09,4697,13383263.0,2.52,1.53,0.43,0.83,11.78,12.57,13.14,11.07,9.29,8.83,6.76,6.09,4.63,4.45,28.98,29.82,30.65,31.29,1.75,-0.38,-0.7,-2.34,1.68,-0.38,-2.76,1.92,2.8,1.47
2023-03-09,605068,28.5,28.45,29.1,28.38,7172,20625996.0,2.52,-0.52,-0.15,1.27,11.42,11.98,9.94,8.17,7.72,5.67,5.0,3.56,3.38,1.48,28.73,29.52,30.45,31.19,0.14,-0.18,-1.83,2.21,0.14,-2.25,2.46,3.34,2.0,-2.28
2023-03-10,605068,28.46,26.76,28.49,26.31,33828,91419294.0,7.66,-5.94,-1.69,5.99,20.79,18.59,16.69,16.19,13.99,13.26,11.71,11.52,9.46,10.6,28.22,29.1,30.14,31.05,6.13,4.37,8.67,6.46,3.92,8.93,9.87,8.45,3.89,-0.07
2023-03-13,605068,26.98,27.87,28.4,26.79,32381,89618918.0,6.02,4.15,1.11,5.73,16.46,14.59,14.11,11.94,11.24,9.71,9.52,7.5,8.62,6.35,27.97,28.84,29.91,30.94,0.22,4.34,2.22,-0.22,4.59,5.49,4.13,-0.25,-4.05,-6.35
2023-03-14,605068,27.87,27.51,27.93,26.82,14774,40439767.0,3.98,-1.29,-0.36,2.61,14.47,13.98,11.82,11.11,9.58,9.4,7.38,8.5,6.23,5.89,27.84,28.53,29.69,30.79,5.71,3.56,1.09,5.96,6.87,5.49,1.05,-2.8,-5.13,-3.74
2023-03-15,605068,27.92,28.25,29.08,27.8,11537,32847035.0,4.65,2.69,0.74,2.04,9.96,7.88,7.19,5.72,5.54,3.6,4.68,2.48,2.16,0.47,27.77,28.37,29.53,30.6,0.85,-1.56,3.19,4.07,2.73,-1.59,-5.35,-7.61,-6.27,-5.66
2023-03-16,605068,28.33,27.56,28.49,27.4,9932,27704602.0,3.86,-2.44,-0.69,1.76,9.45,8.76,7.26,7.08,5.11,6.2,3.98,3.65,1.93,6.13,27.59,28.16,29.38,30.4,0.91,5.77,6.68,5.3,0.87,-2.98,-5.3,-3.92,-3.3,-2.58
2023-03-17,605068,27.75,27.31,27.81,27.08,7563,20666125.0,2.65,-0.91,-0.25,1.34,10.04,8.53,8.35,6.35,7.46,5.21,4.87,3.14,7.39,5.21,27.7,27.96,29.21,30.22,6.74,7.65,6.26,1.79,-2.09,-4.43,-3.04,-2.42,-1.68,-1.65
2023-03-20,605068,27.51,28.85,29.15,27.23,16859,47788850.0,7.03,5.64,1.54,2.98,7.93,7.75,5.77,6.87,4.63,4.3,2.57,6.79,4.63,2.13,27.9,27.93,29.12,30.09,1.91,0.59,-3.64,-7.31,-9.53,-8.21,-7.63,-6.93,-6.9,-7.8
2023-03-21,605068,28.96,28.76,29.4,28.55,8758,25304223.0,2.95,-0.31,-0.09,1.55,2.77,0.88,1.93,-0.21,-0.53,-2.17,1.86,-0.21,-2.59,2.1,28.15,27.99,28.99,29.91,0.9,-3.34,-7.02,-9.25,-7.93,-7.34,-6.64,-6.61,-7.51,-7.79
2023-03-22,605068,28.99,27.8,29.02,27.39,11213,31301953.0,5.67,-3.34,-0.96,1.98,5.15,6.24,4.02,3.69,1.97,6.17,4.02,1.53,6.43,7.34,28.06,27.91,28.87,29.73,0.0,-3.81,-6.12,-4.75,-4.14,-3.42,-3.38,-4.32,-4.6,-7.73
2023-03-23,605068,27.8,26.61,27.8,26.43,15405,41244476.0,4.93,-4.28,-1.19,2.73,10.1,7.79,7.45,5.68,10.03,7.79,5.22,10.29,11.24,9.8,27.87,27.73,28.62,29.54,0.49,-1.92,-0.49,0.15,0.9,0.94,-0.04,-0.34,-3.61,-1.2
2023-03-24,605068,26.61,26.1,26.74,25.93,8432,22091511.0,3.04,-1.92,-0.51,1.49,9.87,9.53,7.71,12.15,9.87,7.25,12.42,13.38,11.92,7.21,27.62,27.66,28.38,29.32,0.0,1.46,2.11,2.87,2.91,1.92,1.61,-1.72,0.73,1.46
2023-03-27,605068,26.1,25.79,26.1,25.57,7070,18218882.0,2.03,-1.19,-0.31,1.25,11.07,9.23,13.73,11.42,8.76,14.0,14.98,13.49,8.72,4.58,27.01,27.45,28.15,29.09,2.68,3.33,4.11,4.15,3.14,2.83,-0.54,1.94,2.68,-1.59
2023-03-28,605068,25.77,26.14,26.48,25.38,12924,33654241.0,4.27,1.36,0.35,2.29,10.05,14.58,12.25,9.57,14.85,15.84,14.34,9.54,5.36,2.84,26.49,27.32,27.93,28.9,1.95,2.72,2.75,1.76,1.45,-1.87,0.57,1.3,-2.91,-3.56
2023-03-29,605068,26.47,26.23,26.65,26.0,7642,20166497.0,2.49,0.34,0.09,1.35,11.85,9.58,6.96,12.12,13.08,11.62,6.92,2.85,0.38,1.85,26.17,27.11,27.74,28.72,2.36,2.4,1.41,1.11,-2.21,0.23,0.95,-3.24,-3.89,-4.0
2023-03-30,605068,26.3,26.52,26.85,25.8,7319,19239982.0,4.0,1.11,0.29,1.3,10.43,7.79,12.98,13.95,12.48,7.75,3.64,1.16,2.64,3.29,26.16,27.01,27.59,28.59,1.28,0.3,0.0,-3.28,-0.87,-0.15,-4.3,-4.94,-5.05,-3.43
2023-03-31,605068,26.48,26.45,26.86,26.42,5227,13897119.0,1.66,-0.26,-0.07,0.93,5.26,10.33,11.28,9.84,5.22,1.21,-1.21,0.23,0.87,1.63,26.23,26.92,27.44,28.45,0.57,0.26,-3.02,-0.6,0.11,-4.05,-4.69,-4.8,-3.18,-1.13
2023-04-03,605068,26.5,26.48,26.6,26.18,5516,14566134.0,1.59,0.11,0.03,0.98,11.34,12.3,10.85,6.19,2.14,-0.31,1.15,1.8,2.56,2.6,26.36,26.69,27.31,28.31,0.15,-3.13,-0.72,0.0,-4.15,-4.8,-4.91,-3.29,-1.25,-0.87
2023-04-04,605068,26.48,25.61,26.52,25.6,7684,19863332.0,3.47,-3.29,-0.87,1.46,14.84,13.36,8.59,4.45,1.95,3.44,4.1,4.88,4.92,3.91,26.26,26.37,27.18,28.12,0.16,2.66,3.4,-0.9,-1.56,-1.68,0.0,2.11,2.5,2.03
2023-04-06,605068,25.63,25.19,25.65,24.71,17517,43926714.0,3.67,-1.64,-0.42,3.33,17.44,12.51,8.22,5.63,7.16,7.85,8.66,8.7,7.65,7.32,26.05,26.11,27.01,27.95,4.37,5.12,0.75,0.08,-0.04,1.67,3.81,4.21,3.73,0.52
2023-04-07,605068,25.18,26.23,26.29,25.05,18890,48759428.0,4.92,4.13,1.04,3.59,10.98,6.75,4.19,5.71,6.39,7.19,7.23,6.19,5.87,2.4,25.99,26.07,26.9,27.77,0.95,-3.24,-3.89,-4.0,-2.36,-0.3,0.08,-0.38,-3.47,-11.44
2023-04-10,605068,26.23,25.35,26.48,25.3,16030,41307413.0,4.5,-3.35,-0.88,3.05,5.69,3.16,4.66,5.34,6.13,6.17,5.14,4.82,1.38,3.91,25.77,26.0,26.83,27.59,0.12,-0.55,-0.67,1.03,3.16,3.55,3.08,-0.12,-8.36,-11.32
2023-04-11,605068,25.28,25.2,25.38,24.99,6084,15297467.0,1.54,-0.59,-0.15,1.16,4.44,5.96,6.64,7.44,7.48,6.44,6.12,2.64,5.2,5.96,25.52,25.94,26.7,27.41,0.04,-0.08,1.63,3.77,4.17,3.69,0.48,-7.82,-10.79,-10.52
2023-04-12,605068,25.05,25.09,25.21,24.75,5684,14186083.0,1.83,-0.44,-0.11,1.08,6.99,7.68,8.48,8.53,7.47,7.15,3.64,6.22,6.99,2.55,25.41,25.83,26.58,27.23,0.36,2.07,4.22,4.62,4.15,0.92,-7.41,-10.4,-10.12,-7.53
2023-04-13,605068,25.0,24.66,25.18,24.58,7857,19473252.0,2.39,-1.71,-0.43,1.49,8.42,9.24,9.28,8.22,7.89,4.35,6.96,7.73,3.25,2.56,25.31,25.68,26.4,27.06,3.85,6.04,6.45,5.96,2.68,-5.8,-8.84,-8.56,-5.92,-5.11
2023-04-14,605068,24.66,25.43,25.61,24.66,8840,22252868.0,3.85,3.12,0.77,1.68,8.88,8.92,7.87,7.54,4.01,6.61,7.38,2.92,2.23,2.11,25.15,25.57,26.29,26.91,2.83,3.22,2.75,-0.43,-8.65,-11.6,-11.33,-8.77,-7.98,-7.79
2023-04-17,605068,25.43,25.83,26.15,25.43,6938,17926573.0,2.83,1.57,0.4,1.32,5.62,4.6,4.29,0.87,3.38,4.13,-0.2,-0.87,-0.98,0.71,25.24,25.51,26.22,26.8,1.63,1.16,-1.97,-10.07,-12.97,-12.7,-10.18,-9.41,-9.21,-8.87
2023-04-18,605068,26.07,26.16,26.25,25.73,6801,17723605.0,2.01,1.28,0.33,1.29,3.38,3.07,-0.31,2.18,2.91,-1.36,-2.02,-2.14,-0.47,1.63,25.43,25.47,26.08,26.7,-0.11,-3.21,-11.2,-14.07,-13.8,-11.31,-10.55,-10.36,-10.02,-16.28
2023-04-19,605068,26.11,25.37,26.13,25.3,7651,19580123.0,3.17,-3.02,-0.79,1.45,4.82,1.38,3.91,4.66,0.32,-0.36,-0.47,1.23,3.36,3.75,25.49,25.45,25.91,26.61,-0.2,-8.44,-11.39,-11.12,-8.55,-7.77,-7.57,-7.21,-13.68,-13.01
2023-04-20,605068,25.31,24.49,25.32,24.2,13414,33018919.0,4.41,-3.47,-0.88,2.55,5.99,8.64,9.42,4.88,4.17,4.05,5.83,8.06,8.47,7.98,25.46,25.38,25.75,26.47,-5.14,-8.21,-7.92,-5.27,-4.45,-4.25,-3.88,-10.58,-9.88,-13.27
2023-04-21,605068,23.23,22.04,23.23,22.04,19370,42874135.0,4.86,-10.0,-2.45,3.68,19.28,20.15,15.15,14.38,14.25,16.2,18.65,19.1,18.56,14.88,24.78,24.96,25.52,26.25,2.0,2.31,5.26,6.17,6.4,6.81,-0.64,0.14,-3.63,-2.22
2023-04-24,605068,21.6,22.26,22.48,20.69,29706,64395455.0,8.12,1.0,0.22,5.64,27.98,22.67,21.85,21.7,23.78,26.39,26.87,26.29,22.38,12.28,24.06,24.65,25.33,26.1,1.3,4.22,5.12,5.35,5.75,-1.62,-0.85,-4.58,-3.19,-1.26
2023-04-25,605068,22.46,21.95,22.55,21.61,10252,22577255.0,4.22,-1.39,-0.31,1.95,17.45,16.66,16.52,18.51,21.01,21.47,20.92,17.17,7.5,4.03,23.22,24.33,25.13,25.91,5.69,6.61,6.83,7.24,-0.23,0.55,-3.23,-1.82,0.14,1.41
2023-04-26,605068,21.75,22.97,23.2,21.75,10095,22993389.0,6.61,4.65,1.02,1.92,15.91,15.77,17.75,20.23,20.69,20.14,16.41,6.8,3.36,3.68,22.74,24.12,24.98,25.76,1.87,2.09,2.48,-4.66,-3.92,-7.53,-6.18,-4.31,-3.09,-3.74
2023-04-27,605068,23.14,22.72,23.4,22.71,5241,12030146.0,3.0,-1.09,-0.25,1.0,10.88,12.77,15.15,15.59,15.06,11.49,2.29,-1.01,-0.7,2.16,22.39,23.92,24.8,25.57,3.21,3.61,-3.61,-2.86,-6.51,-5.15,-3.26,-2.02,-2.68,-1.1
2023-04-28,605068,22.38,23.32,23.45,22.38,6952,16078187.0,4.71,2.64,0.6,1.32,14.43,16.85,17.29,16.76,13.14,3.8,0.45,0.76,3.66,4.56,22.64,23.71,24.64,25.43,0.94,-6.09,-5.36,-8.92,-7.59,-5.75,-4.55,-5.19,-3.64,-5.57
2023-05-04,605068,23.31,21.74,23.54,21.41,23369,51888765.0,9.13,-6.78,-1.58,4.44,22.14,22.61,22.05,18.26,8.5,5.0,5.32,8.36,9.29,9.53,22.54,23.3,24.4,25.24,0.74,1.52,-2.3,-0.87,1.1,2.39,1.7,3.36,1.29,1.75
2023-05-05,605068,21.74,21.52,21.9,21.32,10493,22579460.0,2.67,-1.01,-0.22,1.99,23.12,22.56,18.76,8.96,5.44,5.77,8.82,9.76,9.99,10.41,22.45,22.84,24.16,25.0,2.56,-1.3,0.14,2.14,3.44,2.74,4.41,2.32,2.79,2.46
2023-05-08,605068,21.52,21.06,22.07,20.9,10858,23030439.0,5.44,-2.14,-0.46,2.06,25.02,21.15,11.15,7.56,7.89,11.0,11.96,12.2,12.63,4.78,22.07,22.41,23.93,24.74,0.85,2.33,4.37,5.7,4.99,6.7,4.56,5.03,4.7,5.79
2023-05-09,605068,21.21,20.78,21.24,20.68,8131,17000401.0,2.66,-1.33,-0.28,1.54,22.44,12.33,8.7,9.04,12.19,13.15,13.39,13.83,5.9,6.72,21.68,22.04,23.71,24.51,3.71,5.77,7.12,6.4,8.13,5.97,6.45,6.11,7.22,8.04
2023-05-10,605068,20.99,21.3,21.55,20.67,10652,22597847.0,4.23,2.5,0.52,2.02,12.39,8.76,9.1,12.24,13.21,13.45,13.88,5.95,6.77,2.76,21.28,21.96,23.46,24.33,3.19,4.51,3.8,5.49,3.38,3.85,3.52,4.6,5.4,4.13
2023-05-11,605068,21.34,21.89,21.98,21.2,6477,14023411.0,3.66,2.77,0.59,1.23,6.04,6.37,9.43,10.38,10.61,11.04,3.3,4.1,0.19,1.65,21.31,21.93,23.29,24.19,1.69,1.01,2.65,0.59,1.05,0.73,1.78,2.56,1.32,0.27
2023-05-12,605068,21.89,21.48,22.26,21.45,6103,13177609.0,3.7,-1.87,-0.41,1.16,5.13,8.16,9.09,9.32,9.74,2.1,2.89,-0.98,0.47,2.47,21.3,21.88,23.1,24.05,2.93,4.61,2.51,2.98,2.65,3.72,4.52,3.26,2.19,4.05
2023-05-15,605068,21.46,22.11,22.11,21.35,9209,20048055.0,3.54,2.93,0.63,1.75,8.67,9.6,9.84,10.26,2.58,3.37,-0.52,0.94,2.95,4.26,21.51,21.79,22.95,23.91,1.63,-0.41,0.05,-0.27,0.77,1.54,0.32,-0.72,1.09,1.49
2023-05-16,605068,22.39,21.51,22.47,21.43,9355,20225633.0,4.7,-2.71,-0.6,1.78,9.19,9.43,9.85,2.19,2.99,-0.89,0.56,2.57,3.87,3.17,21.66,21.67,22.8,23.76,2.37,2.84,2.51,3.58,4.37,3.11,2.05,3.91,4.32,3.21
2023-05-17,605068,21.48,21.88,22.02,21.43,6769,14776669.0,2.74,1.72,0.37,1.29,9.43,9.85,2.19,2.99,-0.89,0.56,2.57,3.87,3.17,4.85,21.77,21.53,22.62,23.6,1.1,0.78,1.83,2.61,1.37,0.32,2.15,2.56,1.46,1.28
2023-05-18,605068,22.01,21.7,22.12,21.51,5688,12391427.0,2.79,-0.82,-0.18,1.08,9.44,1.81,2.6,-1.26,0.19,2.19,3.49,2.79,4.46,2.37,21.74,21.52,22.41,23.44,1.61,2.67,3.46,2.21,1.15,3.0,3.41,2.3,2.12,0.92
2023-05-19,605068,21.76,21.76,22.05,21.32,6740,14680571.0,3.36,0.28,0.06,1.28,2.72,3.52,-0.38,1.08,3.1,4.41,3.71,5.39,3.28,3.75,21.79,21.55,22.19,23.29,2.39,3.17,1.93,0.87,2.71,3.12,2.02,1.84,0.64,1.29
2023-05-22,605068,21.88,22.2,22.28,21.31,9837,21509051.0,4.46,2.02,0.44,1.87,3.57,-0.33,1.13,3.14,4.46,3.75,5.44,3.33,3.8,3.47,21.81,21.66,22.03,23.17,1.13,-0.09,-1.13,0.68,1.08,0.0,-0.18,-1.35,-0.72,-0.41
2023-05-23,605068,22.45,22.13,22.45,21.92,7165,15910520.0,2.39,-0.32,-0.07,1.36,-3.1,-1.69,0.27,1.55,0.87,2.51,0.46,0.91,0.59,1.64,21.93,21.8,21.92,23.07,0.23,-0.81,0.99,1.4,0.32,0.14,-1.04,-0.41,-0.09,0.32
2023-05-24,605068,22.08,21.86,22.18,21.81,6170,13538990.0,1.67,-1.22,-0.27,1.17,-1.19,0.78,2.06,1.38,3.03,0.96,1.42,1.1,2.15,2.93,21.93,21.85,21.91,22.93,0.41,2.24,2.65,1.56,1.37,0.18,0.82,1.14,1.56,-2.47
2023-05-25,605068,21.77,21.69,21.95,21.44,5582,12109914.0,2.33,-0.78,-0.17,1.06,2.52,3.82,3.12,4.8,2.71,3.17,2.85,3.92,4.71,3.45,21.93,21.83,21.88,22.8,3.04,3.46,2.35,2.17,0.97,1.61,1.94,2.35,-1.71,-3.0
2023-05-26,605068,21.8,22.21,22.35,21.44,9185,20252748.0,4.2,2.4,0.52,1.74,3.82,3.12,4.8,2.71,3.17,2.85,3.92,4.71,3.45,2.38,22.02,21.9,21.89,22.7,1.04,-0.05,-0.23,-1.4,-0.77,-0.45,-0.05,-4.01,-5.27,-4.77
2023-05-29,605068,22.44,21.5,22.44,21.48,10567,22989795.0,4.32,-3.2,-0.71,2.01,2.93,4.61,2.51,2.98,2.65,3.72,4.52,3.26,2.19,4.05,21.88,21.84,21.82,22.58,3.26,3.07,1.86,2.51,2.84,3.26,-0.84,-2.14,-1.63,3.35
2023-05-30,605068,21.54,21.95,22.2,21.54,7554,16524090.0,3.07,2.09,0.45,1.44,4.32,2.23,2.69,2.37,3.44,4.22,2.97,1.9,3.76,4.18,21.84,21.89,21.78,22.49,0.96,-0.23,0.41,0.73,1.14,-2.87,-4.15,-3.64,1.23,2.19
2023-05-31,605068,21.94,21.62,22.16,21.51,5391,11779624.0,2.96,-1.5,-0.33,1.02,2.37,2.84,2.51,3.58,4.37,3.11,2.05,3.91,4.32,3.21,21.79,21.86,21.69,22.37,1.3,1.94,2.27,2.68,-1.39,-2.68,-2.17,2.78,3.75,4.35
2023-06-01,605068,21.57,21.42,21.9,21.26,8264,17797552.0,2.96,-0.93,-0.2,1.57,4.05,3.72,4.8,5.6,4.33,3.25,5.13,5.55,4.42,4.23,21.74,21.83,21.68,22.22,2.89,3.22,3.64,-0.47,-1.77,-1.26,3.73,4.72,5.32,9.48
2023-06-02,605068,21.45,21.81,22.04,21.3,7545,16443005.0,3.45,1.82,0.39,1.43,3.52,4.6,5.4,4.13,3.05,4.93,5.35,4.23,4.04,2.82,21.66,21.84,21.69,22.07,1.38,1.79,-2.25,-3.53,-3.03,1.88,2.84,3.44,7.52,7.47
2023-06-05,605068,21.83,22.06,22.11,21.55,6664,14616898.0,2.57,1.15,0.25,1.27,3.39,4.18,2.92,1.86,3.71,4.13,3.02,2.83,1.62,2.27,21.77,21.83,21.74,21.96,0.63,-3.35,-4.62,-4.13,0.73,1.68,2.27,6.3,6.26,11.79
2023-06-06,605068,22.18,21.19,22.2,21.19,8128,17469313.0,4.58,-3.94,-0.87,1.54,5.95,4.67,3.59,5.47,5.9,4.77,4.58,3.35,4.01,4.34,21.62,21.73,21.76,21.85,0.61,-0.71,-0.19,4.86,5.85,6.47,10.67,10.62,16.38,17.32
2023-06-07,605068,21.25,20.79,21.32,20.72,8183,17151323.0,2.83,-1.89,-0.4,1.55,7.05,5.94,7.87,8.3,7.14,6.95,5.69,6.37,6.71,7.14,21.45,21.62,21.74,21.81,1.2,1.73,6.88,7.89,8.51,12.79,12.75,18.61,19.58,17.46
2023-06-08,605068,20.71,20.74,21.04,20.56,6055,12572716.0,2.31,-0.24,-0.05,1.15,6.76,8.71,9.14,7.98,7.78,6.52,7.2,7.54,7.98,3.7,21.32,21.53,21.68,21.76,1.98,7.14,8.15,8.78,13.07,13.02,18.9,19.86,17.74,22.52
2023-06-09,605068,20.75,20.79,21.15,20.62,5296,11037568.0,2.56,0.24,0.05,1.01,8.39,8.83,7.66,7.47,6.21,6.89,7.23,7.66,3.39,2.04,21.11,21.39,21.65,21.72,6.88,7.89,8.51,12.79,12.75,18.61,19.58,17.46,22.22,21.79
2023-06-12,605068,20.71,21.91,22.22,20.66,15908,34424765.0,7.5,5.39,1.12,3.02,8.62,7.45,7.26,6.0,6.68,7.02,7.45,3.19,1.84,2.37,21.08,21.43,21.64,21.69,2.37,2.97,7.03,6.98,12.55,13.46,11.46,15.97,15.56,14.1
2023-06-13,605068,21.89,22.24,22.43,21.89,9168,20375239.0,2.46,1.51,0.33,1.74,1.42,1.23,0.05,0.69,1.01,1.42,-2.6,-3.88,-3.38,1.51,21.29,21.46,21.67,21.67,1.44,5.44,5.4,10.88,11.78,9.8,14.25,13.85,12.41,11.2
2023-06-14,605068,22.2,22.22,22.56,22.02,9947,22103177.0,2.43,-0.09,-0.02,1.89,0.64,-0.54,0.09,0.41,0.82,-3.18,-4.45,-3.95,0.91,1.86,21.58,21.52,21.69,21.64,5.54,5.49,10.98,11.88,9.9,14.36,13.95,12.51,11.3,10.94
2023-06-15,605068,22.32,23.14,23.45,22.2,15611,35878221.0,5.63,4.14,0.92,2.97,-1.35,-0.72,-0.41,0.0,-3.96,-5.23,-4.73,0.09,1.04,1.62,22.06,21.69,21.76,21.68,1.3,6.57,7.43,5.53,9.81,9.42,8.04,6.87,6.53,7.52
2023-06-16,605068,23.14,22.42,23.44,22.35,16008,36423162.0,4.71,-3.11,-0.72,3.04,-1.39,-1.07,-0.67,-4.61,-5.86,-5.37,-0.58,0.36,0.94,4.92,22.39,21.75,21.79,21.71,9.99,10.88,8.92,13.34,12.93,11.51,10.3,9.95,10.97,12.93
2023-06-19,605068,22.35,24.66,24.66,22.34,23271,56102956.0,10.35,9.99,2.24,4.42,-1.03,-0.63,-4.57,-5.82,-5.33,-0.54,0.4,0.98,4.97,4.92,22.94,22.01,21.92,21.83,0.81,-0.97,3.04,2.68,1.38,0.28,-0.04,0.89,2.68,1.34
2023-06-20,605068,24.63,23.84,24.86,23.5,55225,131609510.0,5.52,-3.33,-0.82,10.49,-5.53,-9.28,-10.47,-10.0,-5.45,-4.55,-4.0,-0.21,-0.26,4.94,23.26,22.28,22.0,21.93,2.43,6.59,6.21,4.87,3.73,3.4,4.36,6.21,4.82,3.31
2023-06-21,605068,23.73,24.05,24.42,23.62,38120,91355721.0,3.36,0.88,0.21,7.24,-9.74,-10.92,-10.46,-5.93,-5.04,-4.49,-0.72,-0.76,4.4,5.25,23.62,22.6,22.11,22.03,5.65,5.28,3.95,2.83,2.49,3.45,5.28,3.91,2.41,3.41
2023-06-26,605068,24.05,25.39,25.41,23.52,56513,139144948.0,7.86,5.57,1.34,10.74,-10.54,-10.08,-5.53,-4.63,-4.08,-0.3,-0.34,4.85,5.7,3.83,24.07,23.07,22.3,22.14,-0.28,-1.54,-2.6,-2.91,-2.01,-0.28,-1.58,-2.99,-2.05,-3.58
2023-06-27,605068,25.32,25.02,25.32,24.51,27302,67891958.0,3.19,-1.46,-0.37,5.19,-13.71,-9.34,-8.49,-7.96,-4.32,-4.37,0.61,1.43,-0.37,3.67,24.59,23.49,22.44,22.26,-0.08,-1.16,-1.48,-0.56,1.2,-0.12,-1.56,-0.6,-2.16,-0.88
2023-06-28,605068,24.97,24.38,25.0,24.02,24608,60128812.0,3.92,-2.56,-0.64,4.67,-7.49,-6.62,-6.08,-2.37,-2.41,2.66,3.5,1.67,5.79,5.41,24.54,23.74,22.58,22.34,1.44,1.11,2.05,3.86,2.5,1.03,2.01,0.41,1.72,6.52
2023-06-29,605068,24.56,24.33,24.73,24.01,17821,43480238.0,2.95,-0.21,-0.05,3.39,-6.58,-6.04,-2.33,-2.37,2.71,3.54,1.71,5.83,5.46,4.12,24.63,23.95,22.7,22.43,1.32,2.26,4.07,2.71,1.23,2.22,0.62,1.93,6.74,1.32
2023-06-30,605068,24.23,24.46,24.65,23.72,16986,41363373.0,3.82,0.53,0.13,3.23,-4.89,-1.14,-1.18,3.96,4.81,2.95,7.12,6.75,5.4,4.26,24.72,24.17,22.84,22.52,1.72,3.52,2.17,0.7,1.68,0.08,1.39,6.17,0.78,-2.17
2023-07-03,605068,24.46,24.15,24.88,24.0,16854,40839122.0,3.6,-1.27,-0.31,3.2,-2.29,-2.33,2.75,3.58,1.75,5.88,5.5,4.17,3.04,2.71,24.47,24.27,22.98,22.6,4.84,3.48,1.99,2.98,1.37,2.69,7.54,2.07,-0.91,-2.82
2023-07-04,605068,23.99,24.68,25.32,23.99,35970,89345450.0,5.51,2.19,0.53,6.83,-2.29,2.79,3.63,1.79,5.92,5.54,4.21,3.08,2.75,3.71,24.4,24.5,23.12,22.69,1.26,-0.2,0.77,-0.81,0.49,5.23,-0.12,-3.04,-4.9,-6.0
2023-07-05,605068,24.81,24.04,24.99,23.98,16115,39054653.0,4.09,-2.59,-0.64,3.06,2.84,3.67,1.83,5.96,5.59,4.25,3.13,2.79,3.75,5.59,24.33,24.43,23.22,22.76,2.45,3.45,1.83,3.16,8.03,2.54,-0.46,-2.37,-3.49,-2.0
2023-07-06,605068,24.22,24.48,24.63,23.31,15503,37643404.0,5.49,1.83,0.44,2.95,6.65,4.76,9.01,8.62,7.25,6.09,5.75,6.74,8.62,7.21,24.36,24.5,23.39,22.83,1.59,0.0,1.31,6.09,0.69,-2.25,-4.13,-5.23,-3.76,-3.76
2023-07-07,605068,24.38,24.2,24.87,23.96,11432,27830679.0,3.72,-1.14,-0.28,2.17,1.92,6.05,5.68,4.34,3.21,2.88,3.84,5.68,4.3,2.8,24.31,24.51,23.56,22.91,1.16,2.48,7.31,1.86,-1.12,-3.02,-4.13,-2.64,-2.64,-4.17
2023-07-10,605068,24.2,23.54,24.48,23.41,20374,48370556.0,4.42,-2.73,-0.66,3.87,8.54,8.16,6.79,5.64,5.3,6.28,8.16,6.75,5.21,6.24,24.19,24.33,23.7,22.97,5.35,10.32,4.72,1.66,-0.3,-1.44,0.08,0.08,-1.49,-2.04
2023-07-11,605068,23.65,24.64,24.8,23.24,21301,51375937.0,6.63,4.67,1.1,4.05,8.95,7.57,6.41,6.07,7.06,8.95,7.53,5.98,7.01,5.34,24.18,24.29,23.89,23.06,5.4,0.04,-2.88,-4.75,-5.84,-4.38,-4.38,-5.88,-6.41,-2.92
2023-07-12,605068,24.65,24.44,25.97,24.32,23750,59640588.0,6.7,-0.81,-0.2,4.51,2.8,1.69,1.36,2.3,4.11,2.75,1.27,2.26,0.66,1.97,24.26,24.3,24.02,23.15,0.86,-2.09,-3.97,-5.07,-3.6,-3.6,-5.11,-5.65,-2.13,-1.39
2023-07-13,605068,24.36,23.8,24.65,23.63,13963,33480527.0,4.17,-2.62,-0.64,2.65,4.66,4.32,5.29,7.15,5.76,4.23,5.25,3.6,4.95,9.9,24.12,24.24,24.09,23.21,0.55,-1.39,-2.52,-1.01,-1.01,-2.56,-3.11,0.5,1.26,9.75
2023-07-14,605068,23.52,23.44,23.93,23.05,13585,31890722.0,3.7,-1.51,-0.36,2.58,6.94,7.94,9.85,8.42,6.85,7.9,6.2,7.59,12.67,6.94,23.97,24.14,24.16,23.28,0.13,-1.02,0.51,0.51,-1.07,-1.62,2.05,2.82,11.43,7.51
2023-07-17,605068,23.35,22.95,23.47,22.87,11325,26087766.0,2.56,-2.09,-0.49,2.15,8.79,10.71,9.27,7.7,8.75,7.04,8.44,13.55,7.78,4.63,23.85,24.02,24.15,23.33,1.09,2.66,2.66,1.05,0.48,4.23,5.01,13.81,9.8,10.15
2023-07-18,605068,22.96,23.04,23.2,22.56,13276,30394100.0,2.79,0.39,0.09,2.52,12.23,10.77,9.18,10.24,8.51,9.93,15.12,9.26,6.07,4.03,23.53,23.86,24.18,23.37,2.26,2.26,0.65,0.09,3.82,4.6,13.37,9.38,9.72,8.16
2023-07-19,605068,22.89,23.47,23.56,22.81,13808,32070900.0,3.26,1.87,0.43,2.62,9.56,7.98,9.03,7.32,8.72,13.85,8.07,4.91,2.89,1.71,23.34,23.8,24.12,23.41,0.38,-1.19,-1.75,1.92,2.68,11.29,7.37,7.71,6.18,3.2
2023-07-20,605068,23.3,22.9,23.56,22.75,8216,19059730.0,3.45,-2.43,-0.57,1.56,8.26,9.32,7.6,9.01,14.15,8.35,5.19,3.16,1.98,3.56,23.16,23.64,24.07,23.47,1.27,0.7,4.45,5.24,14.06,10.04,10.39,8.82,5.76,3.32
2023-07-21,605068,22.97,22.68,23.19,22.42,8054,18395064.0,3.36,-0.96,-0.22,1.53,10.93,9.19,10.62,15.83,9.95,6.74,4.68,3.48,5.08,5.08,23.01,23.49,24.0,23.53,1.68,5.47,6.26,15.17,11.11,11.46,9.88,6.79,4.32,2.29
2023-07-24,605068,22.65,23.04,23.06,22.5,4591,10471885.0,2.47,1.59,0.36,0.87,8.8,10.22,15.42,9.56,6.36,4.31,3.11,4.71,4.71,3.07,23.03,23.44,23.88,23.61,3.82,4.6,13.37,9.38,9.72,8.16,5.12,2.69,0.69,1.26
2023-07-25,605068,23.36,23.76,23.92,22.93,12453,29359215.0,4.3,3.13,0.72,2.37,8.16,13.26,7.5,4.36,2.35,1.18,2.75,2.75,1.13,0.57,23.17,23.35,23.82,23.71,1.43,9.93,6.06,6.4,4.88,1.94,-0.42,-2.36,-1.81,-2.99
2023-07-26,605068,23.9,23.77,24.1,23.43,8571,20407391.0,2.82,0.04,0.01,1.63,10.84,5.21,2.13,0.17,-0.98,0.55,0.55,-1.02,-1.58,2.09,23.23,23.29,23.79,23.77,9.89,6.02,6.35,4.84,1.89,-0.46,-2.4,-1.85,-3.03,-2.02
2023-07-27,605068,25.87,23.97,26.12,23.79,33193,82733902.0,9.8,0.84,0.2,6.31,3.61,0.59,-1.35,-2.48,-0.97,-0.97,-2.52,-3.07,0.55,1.3,23.44,23.3,23.77,23.83,5.13,5.47,3.96,1.04,-1.29,-3.21,-2.67,-3.84,-2.84,-4.63
2023-07-28,605068,23.69,24.67,25.2,23.41,27949,68369998.0,7.47,2.92,0.7,5.31,2.22,0.26,-0.9,0.64,0.64,-0.94,-1.5,2.18,2.95,11.58,23.84,23.43,23.78,23.91,2.47,1.01,-1.82,-4.09,-5.96,-5.43,-6.57,-5.59,-7.34,-8.11
2023-07-31,605068,24.81,24.57,25.28,24.3,18654,46303540.0,3.97,-0.41,-0.1,3.54,-3.42,-4.53,-3.05,-3.05,-4.57,-5.1,-1.56,-0.82,7.49,3.7,24.15,23.59,23.8,23.96,1.42,-1.42,-3.7,-5.58,-5.05,-6.19,-5.21,-6.96,-7.73,-9.65
2023-08-01,605068,24.59,23.96,24.92,23.82,10126,24431613.0,4.48,-2.48,-0.61,1.92,-2.6,-1.09,-1.09,-2.64,-3.19,0.42,1.18,9.66,5.79,6.13,24.19,23.68,23.77,24.01,1.09,-1.25,-3.17,-2.63,-3.8,-2.8,-4.59,-5.38,-7.35,-7.01
2023-08-02,605068,23.77,23.66,24.22,23.56,6657,15835835.0,2.75,-1.25,-0.3,1.26,0.0,0.0,-1.57,-2.12,1.53,2.29,10.87,6.96,7.3,5.77,24.17,23.7,23.75,23.98,0.0,-1.94,-1.39,-2.58,-1.56,-3.38,-4.18,-6.17,-5.83,-6.13
2023-08-03,605068,23.56,23.09,23.66,22.69,16632,38144278.0,4.1,-2.41,-0.57,3.16,3.83,2.2,1.63,5.42,6.21,15.12,11.06,11.41,9.83,6.74,23.99,23.72,23.68,23.95,0.48,1.04,-0.17,0.87,-1.0,-1.82,-3.85,-3.51,-3.81,-0.95
2023-08-04,605068,23.02,23.1,23.2,22.82,5984,13790480.0,1.65,0.04,0.01,1.14,1.62,1.05,4.82,5.61,14.46,10.43,10.78,9.2,6.13,3.68,23.68,23.76,23.62,23.92,1.0,-0.22,0.82,-1.04,-1.86,-3.9,-3.55,-3.85,-1.0,-0.82
2023-08-07,605068,23.18,22.78,23.33,22.45,5784,13143635.0,3.81,-1.39,-0.32,1.1,2.72,6.55,7.35,16.35,12.25,12.61,11.0,7.88,5.39,3.34,23.32,23.73,23.59,23.83,1.19,2.24,0.35,-0.48,-2.55,-2.19,-2.5,0.4,0.57,0.18
2023-08-08,605068,22.9,22.79,23.05,22.6,3478,7930425.0,1.98,0.04,0.01,0.66,5.84,6.64,15.58,11.5,11.86,10.27,7.17,4.69,2.65,3.23,23.08,23.64,23.49,23.76,2.19,0.31,-0.53,-2.59,-2.24,-2.54,0.35,0.53,0.13,-0.22
2023-08-09,605068,23.29,22.78,23.29,22.31,8025,18161806.0,4.3,-0.04,-0.01,1.52,8.02,17.08,12.95,13.31,11.7,8.56,6.05,3.99,4.57,3.32,22.91,23.54,23.41,23.71,0.35,-0.48,-2.55,-2.19,-2.5,0.4,0.57,0.18,-0.18,1.19
2023-08-10,605068,22.62,22.45,22.86,22.35,5719,12924032.0,2.24,-1.45,-0.33,1.09,16.87,12.75,13.11,11.5,8.37,5.86,3.8,4.38,3.13,4.21,22.78,23.39,23.34,23.64,0.98,-1.11,-0.76,-1.07,1.87,2.05,1.65,1.29,2.67,5.88
2023-08-11,605068,22.67,22.1,22.67,21.79,12337,27265092.0,3.92,-1.56,-0.35,2.34,15.65,16.02,14.36,11.15,8.58,6.47,7.07,5.78,6.88,4.91,22.58,23.13,23.28,23.56,0.45,0.81,0.5,3.48,3.67,3.26,2.9,4.3,7.56,5.43
2023-08-14,605068,21.9,22.18,22.2,21.77,6574,14413266.0,1.95,0.36,0.08,1.25,16.12,14.47,11.25,8.68,6.57,7.17,5.88,6.98,5.01,4.13,22.46,22.89,23.24,23.5,0.45,0.14,3.11,3.29,2.89,2.52,3.92,7.17,5.05,7.66
2023-08-15,605068,22.1,22.2,22.28,21.99,3714,8221918.0,1.31,0.09,0.02,0.71,13.32,10.14,7.59,5.5,6.09,4.82,5.91,3.96,3.09,0.95,22.34,22.71,23.2,23.42,0.05,3.02,3.2,2.79,2.43,3.83,7.07,4.95,7.57,10.95
2023-08-16,605068,22.21,21.8,22.21,21.71,5382,11760899.0,2.25,-1.8,-0.4,1.02,11.56,8.98,6.86,7.46,6.17,7.28,5.3,4.42,2.26,2.63,22.15,22.53,23.11,23.34,4.91,5.09,4.68,4.31,5.73,9.04,6.88,9.54,12.98,16.51
2023-08-17,605068,21.83,22.79,22.87,21.5,7890,17661730.0,6.28,4.54,0.99,1.5,10.05,7.91,8.51,7.21,8.33,6.33,5.44,3.26,3.63,3.3,22.21,22.5,23.11,23.29,0.53,0.13,-0.22,1.14,4.3,2.24,4.78,8.07,11.45,12.2
2023-08-18,605068,22.75,22.45,22.91,22.42,5222,11816556.0,2.15,-1.49,-0.34,0.99,3.48,4.06,2.81,3.88,1.96,1.12,-0.98,-0.62,-0.94,2.01,22.28,22.43,23.1,23.23,1.65,1.29,2.67,5.88,3.79,6.37,9.71,13.14,13.9,13.54
2023-08-21,605068,22.4,22.43,22.82,22.36,3658,8237909.0,2.05,-0.09,-0.02,0.69,4.34,3.09,4.16,2.24,1.39,-0.72,-0.36,-0.67,2.28,2.46,22.33,22.4,23.07,23.19,1.38,2.76,5.97,3.88,6.46,9.81,13.24,14.0,13.64,13.55
2023-08-22,605068,22.41,22.64,22.74,22.06,6228,13927413.0,3.03,0.94,0.21,1.18,4.49,5.58,3.63,2.77,0.63,1.0,0.68,3.67,3.85,3.45,22.42,22.38,23.01,23.12,1.81,4.99,2.92,5.48,8.79,12.19,12.94,12.59,12.5,12.1
2023-08-23,605068,22.65,22.72,23.05,22.22,6300,14333527.0,3.67,0.35,0.08,1.2,4.82,2.88,2.03,-0.09,0.27,-0.05,2.93,3.11,2.7,2.34,22.61,22.38,22.96,23.07,4.62,2.55,5.11,8.41,11.8,12.54,12.19,12.1,11.71,18.62
2023-08-24,605068,23.6,22.94,23.77,22.41,8209,18737548.0,5.99,0.97,0.22,1.56,2.01,1.16,-0.94,-0.58,-0.89,2.05,2.23,1.83,1.47,2.86,22.64,22.43,22.91,23.04,1.57,4.1,7.37,10.72,11.46,11.12,11.03,10.64,17.48,14.86
2023-08-25,605068,22.94,23.05,23.3,22.64,7411,17003355.0,2.88,0.48,0.11,1.41,0.13,-1.94,-1.59,-1.9,1.02,1.19,0.8,0.44,1.81,4.99,22.76,22.52,22.82,23.02,3.6,6.85,10.2,10.93,10.59,10.5,10.11,16.92,14.32,15.57
2023-08-28,605068,23.57,22.39,23.88,22.32,11766,27085755.0,6.77,-2.86,-0.66,2.24,-0.54,-0.18,-0.49,2.46,2.64,2.24,1.88,3.27,6.5,4.39,22.75,22.54,22.72,23.01,10.0,13.44,14.2,13.85,13.76,13.35,20.37,17.69,18.98,19.7
2023-08-29,605068,22.42,24.63,24.63,22.39,29898,71347961.0,10.0,10.0,2.24,5.68,-0.49,-0.8,2.14,2.32,1.92,1.56,2.95,6.16,4.06,6.65,23.15,22.78,22.75,23.06,3.13,3.82,3.49,3.41,3.05,9.42,6.98,8.16,8.81,14.78
2023-08-30,605068,24.63,25.0,25.4,24.58,18990,47536418.0,3.33,1.5,0.37,3.61,-9.64,-6.96,-6.79,-7.16,-7.49,-6.22,-3.3,-5.21,-2.85,0.2,23.6,23.1,22.82,23.11,2.28,1.96,1.88,1.52,7.8,5.4,6.56,7.2,13.08,11.72
2023-08-31,605068,25.0,25.45,25.57,24.72,26672,67388863.0,3.4,1.8,0.45,5.07,-7.48,-7.32,-7.69,-8.01,-6.76,-3.84,-5.74,-3.4,-0.36,2.75,24.1,23.37,22.93,23.19,0.16,0.08,-0.28,5.89,3.54,4.68,5.3,11.08,9.74,6.13
2023-09-01,605068,25.48,25.34,25.49,24.86,9958,25174844.0,2.48,-0.43,-0.11,1.89,-7.84,-8.21,-8.53,-7.28,-4.38,-6.28,-3.94,-0.93,2.17,2.86,24.56,23.66,23.05,23.28,0.51,0.16,6.35,3.99,5.13,5.76,11.56,10.22,6.59,7.46
2023-09-04,605068,25.36,24.88,25.47,24.7,10380,25963920.0,3.04,-1.82,-0.46,1.97,-7.61,-7.94,-6.68,-3.77,-5.67,-3.32,-0.28,2.83,3.52,3.2,25.06,23.9,23.15,23.34,2.01,8.32,5.91,7.07,7.72,13.63,12.26,8.56,9.45,11.86
2023-09-05,605068,24.86,25.15,25.38,24.67,11377,28605214.0,2.85,1.09,0.27,2.16,-7.82,-6.57,-3.65,-5.55,-3.2,-0.16,2.96,3.65,3.32,3.24,25.16,24.16,23.27,23.39,7.16,4.77,5.92,6.56,12.41,11.05,7.4,8.27,10.66,11.37
2023-09-06,605068,25.26,25.92,26.95,25.08,22936,59722498.0,7.44,3.06,0.77,4.36,-8.09,-5.22,-7.1,-4.78,-1.79,1.28,1.95,1.63,1.56,1.2,25.35,24.48,23.43,23.46,1.66,2.78,3.4,9.07,7.75,4.21,5.05,7.37,8.06,9.57
2023-09-07,605068,25.9,26.34,26.35,25.38,14755,38148443.0,3.74,1.62,0.42,2.8,-6.34,-8.2,-5.91,-2.96,0.08,0.75,0.43,0.35,0.0,6.19,25.53,24.82,23.62,23.54,1.14,1.75,7.33,6.04,2.54,3.38,5.66,6.34,7.82,4.06
2023-09-08,605068,26.1,26.15,26.64,25.6,14327,37581730.0,3.95,-0.72,-0.19,2.72,-8.98,-6.72,-3.79,-0.78,-0.12,-0.43,-0.51,-0.86,5.27,2.93,25.69,25.13,23.82,23.59,2.49,8.11,6.81,3.29,4.13,6.42,7.11,8.6,4.82,6.54
2023-09-11,605068,25.96,26.48,26.8,25.9,11323,29933733.0,3.44,1.26,0.33,2.15,-7.8,-4.9,-1.93,-1.27,-1.58,-1.66,-2.01,4.05,1.74,2.86,26.01,25.53,24.04,23.65,6.76,5.48,2.0,2.83,5.1,5.78,7.25,3.51,5.21,5.85
2023-09-12,605068,26.36,27.53,28.27,26.29,27596,75741870.0,7.48,3.97,1.05,5.24,-6.31,-3.39,-2.74,-3.04,-3.12,-3.46,2.51,0.23,1.33,1.94,26.48,25.82,24.3,23.77,1.45,-1.89,-1.09,1.09,1.74,3.16,-0.44,1.2,1.82,2.07
2023-09-13,605068,27.41,27.02,27.93,26.53,16941,45809747.0,5.09,-1.85,-0.51,3.22,-4.26,-3.62,-3.92,-4.0,-4.33,1.58,-0.68,0.41,1.02,6.56,26.7,26.03,24.57,23.89,-0.04,0.78,3.0,3.66,5.11,1.44,3.11,3.74,4.0,3.26
2023-09-14,605068,27.01,26.54,27.01,26.25,8775,23309612.0,2.81,-1.78,-0.48,1.67,-2.59,-2.9,-2.97,-3.31,2.67,0.38,1.49,2.1,7.7,6.4,26.74,26.14,24.75,24.0,2.6,4.86,5.54,7.01,3.28,4.97,5.61,5.88,5.12,8.89
2023-09-15,605068,26.76,26.21,27.23,26.0,11713,30785394.0,4.63,-1.24,-0.33,2.23,-1.96,-2.04,-2.38,3.65,1.35,2.46,3.08,8.73,7.42,3.88,26.76,26.22,24.94,24.1,6.18,6.87,8.36,4.58,6.3,6.94,7.21,6.45,10.26,16.67
2023-09-18,605068,26.15,27.1,27.83,26.15,19262,52500998.0,6.41,3.4,0.89,3.66,-2.6,-2.94,3.06,0.76,1.87,2.49,8.11,6.81,3.29,4.13,26.88,26.44,25.17,24.25,3.36,4.8,1.14,2.8,3.43,3.69,2.95,6.64,12.84,18.08
2023-09-19,605068,27.34,27.98,28.01,26.55,21483,58829773.0,5.39,3.25,0.88,4.08,-4.41,1.51,-0.75,0.34,0.94,6.48,5.2,1.73,2.56,4.82,26.97,26.73,25.44,24.42,1.5,-2.04,-0.43,0.18,0.43,-0.29,3.29,9.29,14.37,12.08
2023-09-20,605068,27.7,27.4,28.4,27.32,12220,33850070.0,3.86,-2.07,-0.58,2.32,-1.35,-3.55,-2.49,-1.9,3.48,2.23,-1.13,-0.33,1.87,2.53,27.05,26.88,25.68,24.58,0.04,1.68,2.3,2.55,1.82,5.47,11.61,16.79,14.45,11.31
2023-09-21,605068,27.39,26.65,27.41,26.58,8649,23195623.0,3.03,-2.74,-0.75,1.64,-0.87,0.23,0.83,6.36,5.08,1.62,2.45,4.7,5.38,6.85,27.07,26.91,25.86,24.72,4.54,5.18,5.44,4.69,8.44,14.75,20.08,17.67,14.45,14.15
2023-09-22,605068,26.71,27.72,27.86,26.41,15782,42924941.0,5.44,4.02,1.07,3.0,0.87,1.48,7.04,5.76,2.27,3.1,5.38,6.06,7.54,3.79,27.37,27.06,26.09,24.9,1.12,1.37,0.65,4.26,10.32,15.44,13.13,10.03,9.74,6.64
2023-09-25,605068,27.72,27.85,28.03,27.18,8094,22286753.0,3.07,0.47,0.13,1.54,-1.4,4.01,2.76,-0.63,0.18,2.39,3.05,4.49,0.85,2.5,27.52,27.2,26.37,25.09,0.9,0.18,3.77,9.8,14.9,12.6,9.52,9.23,6.14,4.85
2023-09-26,605068,27.5,27.11,28.1,26.93,10506,28829448.0,4.2,-2.66,-0.74,2.0,4.98,3.71,0.3,1.11,3.34,4.01,5.46,1.78,3.45,4.08,27.35,27.16,26.49,25.26,2.91,6.6,12.8,18.04,15.68,12.5,12.21,9.04,7.71,5.05
2023-09-27,605068,27.11,27.57,27.9,26.83,7792,21434002.0,3.95,1.7,0.46,1.48,4.1,0.67,1.49,3.73,4.4,5.85,2.16,3.84,4.47,4.73,27.38,27.21,26.62,25.45,4.82,10.92,16.07,13.75,10.63,10.34,7.22,5.91,3.3,1.6
2023-09-28,605068,27.57,27.8,28.9,27.1,11463,32229255.0,6.53,0.83,0.23,2.18,-0.33,0.48,2.69,3.36,4.8,1.14,2.8,3.43,3.69,2.95,27.61,27.34,26.74,25.61,10.0,15.11,12.81,9.71,9.42,6.33,5.04,2.45,0.76,-0.07
2023-10-09,605068,28.6,30.58,30.58,28.6,46875,142187484.0,7.12,10.0,2.78,8.9,-4.79,-2.69,-2.06,-0.7,-4.16,-2.59,-1.99,-1.75,-2.45,1.05,28.18,27.78,27.0,25.89,4.64,2.55,-0.26,-0.52,-3.34,-4.51,-6.87,-8.4,-9.16,-11.74
2023-10-10,605068,31.0,31.6,32.0,29.34,55775,170706952.0,8.7,3.34,1.02,10.6,-5.15,-4.53,-3.2,-6.58,-5.04,-4.46,-4.23,-4.91,-1.5,4.23,28.93,28.23,27.34,26.19,-0.76,-3.48,-3.73,-6.46,-7.59,-9.87,-11.36,-12.09,-14.59,-13.92
2023-10-11,605068,31.19,30.13,31.36,29.82,25672,78401821.0,4.87,-4.65,-1.47,4.88,-6.07,-4.76,-8.08,-6.57,-6.0,-5.77,-6.44,-3.09,2.55,7.31,29.54,28.44,27.58,26.44,1.23,0.96,-1.89,-3.09,-5.48,-7.04,-7.8,-10.42,-9.72,-8.1
2023-10-12,605068,30.47,29.89,30.5,29.78,15061,45222210.0,2.39,-0.8,-0.24,2.86,-4.63,-7.96,-6.45,-5.88,-5.64,-6.31,-2.96,2.69,7.45,5.31,30.0,28.69,27.78,26.68,1.77,-1.1,-2.31,-4.72,-6.29,-7.06,-9.7,-9.0,-7.36,-8.5
2023-10-13,605068,29.84,29.64,30.42,29.08,23001,68233849.0,4.48,-0.84,-0.25,4.37,-5.74,-4.2,-3.61,-3.37,-4.06,-0.62,5.16,10.04,7.84,4.88,30.37,28.99,27.95,26.9,-0.27,-1.48,-3.91,-5.5,-6.28,-8.94,-8.23,-6.58,-7.73,-1.65
2023-10-16,605068,29.56,29.15,29.56,28.8,12907,37594290.0,2.56,-1.65,-0.49,2.45,-3.26,-2.67,-2.43,-3.13,0.35,6.18,11.11,8.89,5.9,5.63,30.08,29.13,28.1,27.11,0.17,-2.3,-3.91,-4.7,-7.41,-6.69,-5.01,-6.17,0.0,-8.03
2023-10-17,605068,29.03,28.0,29.2,27.83,32220,90783967.0,4.7,-3.95,-1.15,6.12,0.72,0.97,0.25,3.84,9.88,14.98,12.68,9.59,9.31,6.22,29.36,29.15,28.17,27.29,1.71,0.04,-0.79,-3.61,-2.86,-1.11,-2.32,4.11,-4.25,-7.07
2023-10-18,605068,27.8,28.0,28.48,27.65,12381,34825945.0,2.96,0.0,0.0,2.35,1.63,0.9,4.52,10.6,15.73,13.42,10.31,10.02,6.91,5.61,28.94,29.24,28.2,27.41,0.04,-0.79,-3.61,-2.86,-1.11,-2.32,4.11,-4.25,-7.07,-3.75
2023-10-19,605068,27.99,27.24,28.01,27.07,16288,44708530.0,3.36,-2.71,-0.76,3.09,3.07,6.76,12.97,18.21,15.85,12.67,12.38,9.2,7.87,5.21,28.41,29.2,28.21,27.48,1.98,-0.92,-0.15,1.65,0.4,7.01,-1.58,-4.48,-1.06,-6.86
2023-10-20,605068,27.2,26.75,27.78,26.56,15217,41215612.0,4.48,-1.8,-0.49,2.89,8.81,15.14,20.48,18.07,14.83,14.53,11.3,9.94,7.23,5.46,27.83,29.1,28.22,27.52,0.9,1.68,3.51,2.24,8.97,0.22,-2.73,0.75,-5.16,-4.64
2023-10-23,605068,26.9,26.04,26.99,25.8,14199,37334533.0,4.45,-2.65,-0.71,2.7,18.53,24.03,21.55,18.22,17.91,14.57,13.18,10.39,8.57,7.67,27.21,28.64,28.21,27.55,4.45,6.34,5.03,11.94,2.96,-0.08,3.49,-2.57,-2.04,0.08
2023-10-24,605068,26.05,26.75,27.2,26.0,16051,42737118.0,4.61,2.73,0.71,3.05,23.08,20.62,17.31,17.0,13.69,12.31,9.54,7.73,6.85,3.81,26.96,28.16,28.19,27.61,3.51,2.24,8.97,0.22,-2.73,0.75,-5.16,-4.64,-2.58,-2.84
2023-10-25,605068,26.92,27.48,27.69,26.69,15610,42510840.0,3.74,2.73,0.73,2.97,17.5,14.28,13.98,10.75,9.4,6.71,4.95,4.08,1.12,1.91,26.85,27.89,28.17,27.69,-0.47,6.08,-2.44,-5.31,-1.93,-7.68,-7.17,-5.17,-5.42,-2.69
2023-10-26,605068,27.3,27.21,27.35,26.4,12579,33745897.0,3.46,-0.98,-0.27,2.39,15.53,15.23,11.97,10.61,7.88,6.1,5.23,2.23,3.03,4.89,26.85,27.63,28.16,27.73,7.13,-1.47,-4.37,-0.96,-6.76,-6.25,-4.23,-4.48,-1.73,-3.93
2023-10-27,605068,28.2,26.65,29.15,26.51,31778,87068998.0,9.7,-2.06,-0.56,6.04,14.75,11.51,10.15,7.43,5.66,4.79,1.81,2.6,4.45,3.17,26.83,27.33,28.16,27.74,0.6,-2.36,1.13,-4.8,-4.28,-2.21,-2.48,0.34,-1.91,-2.14
2023-10-30,605068,26.35,26.33,26.81,26.0,27262,71825836.0,3.04,-1.2,-0.32,5.18,13.69,12.31,9.54,7.73,6.85,3.81,4.62,6.5,5.19,12.12,26.88,27.05,28.09,27.75,-1.18,2.35,-3.65,-3.11,-1.03,-1.29,1.56,-0.72,-0.95,-3.91
2023-10-31,605068,26.02,24.5,26.02,24.2,37230,92846704.0,6.91,-6.95,-1.83,7.07,20.66,17.69,15.74,14.79,11.53,12.4,14.42,13.02,20.45,10.79,26.43,26.7,27.92,27.68,10.0,3.55,4.12,6.37,6.08,9.14,6.69,6.45,3.27,0.24
2023-11-01,605068,24.5,25.14,26.95,24.4,41062,105211077.0,10.41,2.61,0.64,7.8,16.72,14.8,13.85,10.61,11.48,13.48,12.09,19.47,9.88,6.64,25.97,26.41,27.82,27.6,0.91,1.47,3.66,3.38,6.36,3.98,3.74,0.64,-2.31,1.31
2023-11-02,605068,25.07,24.82,25.37,24.6,37885,94447073.0,3.06,-1.27,-0.32,7.2,13.86,12.93,9.72,10.57,12.56,11.18,18.5,8.98,5.77,9.55,25.49,26.17,27.68,27.53,2.78,5.0,4.71,7.74,5.32,5.08,1.93,-1.05,2.62,1.41
2023-11-03,605068,24.65,25.0,25.51,24.3,21588,54170981.0,4.88,0.73,0.18,4.1,14.32,11.07,11.93,13.95,12.55,19.96,10.33,7.08,10.91,4.4,25.16,25.99,27.55,27.48,4.24,3.96,6.96,4.56,4.32,1.2,-1.76,1.88,0.68,4.32
2023-11-06,605068,25.0,25.8,26.06,24.72,24816,63333544.0,5.36,3.2,0.8,4.71,9.18,10.03,12.01,10.64,17.92,8.45,5.26,9.02,2.63,3.2,25.05,25.97,27.31,27.46,0.74,3.64,1.32,1.09,-1.94,-4.81,-1.28,-2.44,1.09,2.09
2023-11-07,605068,25.58,25.87,25.99,25.4,14139,36357294.0,2.29,0.27,0.07,2.69,7.09,9.02,7.68,14.76,5.55,2.44,6.1,-0.12,0.43,2.6,25.33,25.88,27.02,27.42,3.36,1.04,0.81,-2.2,-5.06,-1.55,-2.71,0.81,1.82,0.89
2023-11-08,605068,25.57,26.34,26.74,25.45,21403,55680745.0,4.99,1.82,0.47,4.07,8.8,7.47,14.54,5.34,2.24,5.89,-0.31,0.24,2.4,2.12,25.57,25.77,26.83,27.37,-0.76,-0.99,-3.95,-6.76,-3.3,-4.44,-0.99,0.0,-0.91,-3.8
2023-11-09,605068,26.03,25.82,26.14,25.4,15148,38890237.0,2.81,-1.97,-0.52,2.88,7.68,14.76,5.55,2.44,6.1,-0.12,0.43,2.6,2.32,5.28,25.77,25.63,26.63,27.31,1.01,-2.01,-4.88,-1.36,-2.52,1.01,2.01,1.08,-1.86,5.31
2023-11-10,605068,25.82,25.27,26.08,25.11,11429,29182409.0,3.76,-2.13,-0.55,2.17,16.09,6.77,3.62,7.33,1.04,1.59,3.78,3.5,6.49,4.1,25.82,25.49,26.41,27.27,0.12,-2.81,0.79,-0.4,3.21,4.23,3.28,0.28,7.6,4.79
2023-11-13,605068,25.2,24.57,25.3,24.3,31614,78075019.0,3.96,-2.77,-0.7,6.01,10.33,7.08,10.91,4.4,4.98,7.24,6.95,10.04,7.57,7.33,25.57,25.31,26.18,27.16,-0.04,3.66,2.44,6.15,7.2,6.23,3.13,10.66,7.77,3.91
2023-11-14,605068,24.5,23.96,24.56,23.67,32671,78598264.0,3.62,-2.48,-0.61,6.21,9.93,13.86,7.18,7.77,10.1,9.8,12.97,10.44,10.18,6.89,25.19,25.26,25.98,27.03,6.3,5.05,8.85,9.93,8.93,5.76,13.48,10.52,6.55,5.93
2023-11-15,605068,24.1,25.21,25.47,24.07,47976,119302038.0,5.84,5.22,1.25,9.11,11.97,5.4,5.98,8.27,7.98,11.09,8.6,8.35,5.11,2.04,24.97,25.27,25.84,26.97,-0.16,3.45,4.48,3.53,0.52,7.85,5.04,1.27,0.67,2.86
2023-11-16,605068,25.01,24.77,25.17,24.37,27274,67329065.0,3.17,-1.75,-0.44,5.18,4.1,4.68,6.93,6.65,9.73,7.26,7.02,3.82,0.78,4.51,24.76,25.26,25.71,26.88,5.29,6.34,5.37,2.3,9.77,6.9,3.07,2.46,4.68,0.73
2023-11-17,605068,24.49,25.6,26.08,24.24,34066,86764968.0,7.43,3.35,0.83,6.47,5.24,7.51,7.22,10.31,7.84,7.59,4.37,1.32,5.07,3.84,24.82,25.32,25.66,26.8,2.89,1.95,-1.02,6.21,3.44,-0.27,-0.86,1.29,-2.54,-4.1
2023-11-20,605068,25.65,25.94,26.34,25.1,25114,64501533.0,4.84,1.33,0.34,4.77,3.82,3.55,6.53,4.14,3.9,0.8,-2.15,1.47,0.28,3.9,25.1,25.34,25.65,26.65,0.62,-2.31,4.82,2.08,-1.58,-2.16,-0.04,-3.82,-5.36,-5.36
2023-11-21,605068,26.09,25.24,26.1,25.12,17432,44547207.0,3.78,-2.7,-0.7,3.31,3.46,6.45,4.06,3.82,0.72,-2.23,1.39,0.2,3.82,4.86,25.35,25.27,25.58,26.44,0.4,7.73,4.91,1.15,0.55,2.73,-1.15,-2.73,-2.73,-4.99
2023-11-22,605068,25.18,24.78,25.34,24.71,11688,29163967.0,2.5,-1.82,-0.46,2.22,8.22,5.79,5.54,2.39,-0.61,3.08,1.86,5.54,6.6,5.63,25.27,25.12,25.44,26.26,9.73,6.86,3.03,2.42,4.64,0.69,-0.93,-0.93,-3.23,-2.38
2023-11-23,605068,24.76,26.26,27.19,24.6,38948,101797180.0,10.45,5.97,1.48,2.4,6.26,6.02,2.85,-0.16,3.54,2.32,6.02,7.07,6.1,3.01,25.56,25.16,25.39,26.14,0.84,-2.78,-3.35,-1.26,-4.99,-6.51,-6.51,-8.68,-7.88,-10.09
2023-11-24,605068,26.22,25.1,26.48,25.0,29533,75038130.0,5.64,-4.42,-1.16,1.82,4.32,1.2,-1.76,1.88,0.68,4.32,5.36,4.4,1.36,8.76,25.46,25.14,25.32,25.99,1.71,1.12,3.31,-0.6,-2.19,-2.19,-4.46,-3.63,-5.94,-7.73
2023-11-27,605068,24.99,25.15,25.53,24.91,19923,50070168.0,2.47,0.2,0.05,1.23,1.57,-1.41,2.25,1.04,4.7,5.74,4.78,1.73,9.15,6.3,25.31,25.2,25.26,25.85,0.91,3.1,-0.8,-2.39,-2.39,-4.65,-3.82,-6.12,-7.91,-9.9
2023-11-28,605068,24.96,25.23,25.38,24.8,13516,33975897.0,2.31,0.32,0.08,0.83,-0.97,2.7,1.49,5.16,6.21,5.24,2.18,9.64,6.77,2.94,25.3,25.33,25.29,25.76,2.77,-1.11,-2.7,-2.7,-4.95,-4.12,-6.42,-8.2,-10.19,-10.46
2023-11-29,605068,25.35,24.96,25.93,24.88,21995,55822453.0,4.16,-1.07,-0.27,1.36,2.37,1.17,4.82,5.87,4.9,1.85,9.28,6.43,2.61,2.01,25.34,25.3,25.28,25.66,-0.04,-1.64,-1.64,-3.93,-3.08,-5.41,-7.21,-9.21,-9.5,-9.17
2023-11-30,605068,24.81,24.34,24.95,23.96,17699,43154039.0,3.97,-2.48,-0.62,1.09,5.05,8.85,9.93,8.93,5.76,13.48,10.52,6.55,5.93,8.22,24.96,25.26,25.26,25.56,0.86,0.86,-1.48,-0.62,-3.0,-4.85,-6.9,-7.19,-6.86,-5.88
2023-12-01,605068,24.38,24.3,24.55,24.01,12715,30823920.0,2.22,-0.16,-0.04,0.78,8.62,9.7,8.7,5.54,13.24,10.29,6.33,5.71,8.0,3.92,24.8,25.13,25.23,25.48,1.03,-1.32,-0.45,-2.84,-4.69,-6.75,-7.04,-6.71,-5.72,-3.91
2023-12-04,605068,24.44,23.79,24.55,23.72,13005,31326709.0,3.42,-2.1,-0.51,0.8,11.05,10.03,6.83,14.63,11.64,7.63,7.0,9.32,5.19,3.5,24.52,24.92,25.13,25.41,0.8,1.68,-0.76,-2.65,-4.75,-5.04,-4.71,-3.7,-1.85,-0.92
2023-12-05,605068,23.83,23.63,23.98,23.2,15089,35616159.0,3.28,-0.67,-0.16,0.93,12.5,9.22,17.2,14.14,10.04,9.4,11.77,7.54,5.82,5.82,24.2,24.75,25.01,25.3,2.37,-0.08,-1.99,-4.1,-4.4,-4.06,-3.05,-1.18,-0.25,-1.95
2023-12-06,605068,23.63,23.66,24.19,23.51,14967,35644810.0,2.88,0.13,0.03,0.92,7.78,15.65,12.63,8.59,7.95,10.29,6.13,4.42,4.42,2.0,23.94,24.64,24.88,25.17,-0.21,-2.11,-4.23,-4.52,-4.18,-3.17,-1.31,-0.38,-2.07,-4.9
2023-12-07,605068,23.6,23.0,23.61,22.65,20806,47859151.0,4.06,-2.79,-0.66,1.28,20.04,16.91,12.72,12.05,14.48,10.15,8.39,8.39,5.87,6.8,23.68,24.32,24.74,25.03,0.7,-1.48,-1.78,-1.43,-0.39,1.52,2.48,0.74,-2.17,-3.48
2023-12-08,605068,23.07,22.4,23.16,22.3,15745,35444409.0,3.74,-2.61,-0.6,0.97,18.74,14.48,13.81,16.28,11.88,10.09,10.09,7.53,8.48,5.87,23.3,24.05,24.59,24.89,1.16,0.85,1.21,2.28,4.24,5.22,3.44,0.45,-0.89,1.56
2023-12-11,605068,22.27,22.49,22.66,22.0,11095,24826209.0,2.95,0.4,0.09,0.68,16.05,15.36,17.86,13.41,11.59,11.59,9.0,9.95,7.32,5.27,23.04,23.78,24.49,24.76,0.44,0.8,1.87,3.82,4.8,3.02,0.04,-1.29,1.16,0.76
2023-12-12,605068,22.56,22.36,22.59,22.18,10009,22373589.0,1.82,-0.58,-0.13,0.62,14.43,16.91,12.49,10.69,10.69,8.12,9.06,6.45,4.42,2.16,22.78,23.49,24.41,24.69,1.39,2.46,4.43,5.41,3.62,0.63,-0.72,1.74,1.34,-0.04
2023-12-13,605068,22.33,22.35,22.67,22.21,10639,23837343.0,2.06,-0.04,-0.01,0.66,16.75,12.34,10.54,10.54,7.97,8.91,6.3,4.28,2.03,1.71,22.52,23.23,24.27,24.6,2.51,4.47,5.46,3.67,0.67,-0.67,1.79,1.39,0.0,-2.19
2023-12-14,605068,22.28,22.72,22.91,22.28,14299,32377751.0,2.82,1.66,0.37,0.88,11.98,10.19,10.19,7.63,8.57,5.97,3.95,1.71,1.39,1.75,22.46,23.07,24.17,24.53,2.77,3.74,1.98,-0.97,-2.29,0.13,-0.26,-1.63,-3.79,-2.6
2023-12-15,605068,22.63,23.3,23.35,22.45,17651,40393877.0,3.96,2.55,0.58,1.09,9.35,9.35,6.82,7.75,5.17,3.16,0.94,0.62,0.98,2.05,22.64,22.97,24.05,24.47,1.16,-0.56,-3.43,-4.72,-2.36,-2.75,-4.08,-6.18,-5.02,-3.65
2023-12-18,605068,23.08,23.01,23.57,22.71,13392,30832199.0,3.69,-1.24,-0.29,0.83,8.1,5.59,6.52,3.96,1.98,-0.22,-0.53,-0.18,0.88,2.82,22.75,22.89,23.9,24.38,0.7,-2.22,-3.52,-1.13,-1.52,-2.87,-5.0,-3.82,-2.43,-0.83
2023-12-19,605068,23.01,22.41,23.17,22.34,10549,23809381.0,3.61,-2.61,-0.6,0.65,7.34,8.28,5.68,3.67,1.43,1.12,1.48,2.55,4.52,5.51,22.76,22.77,23.76,24.27,0.4,-0.94,1.52,1.12,-0.27,-2.45,-1.25,0.18,1.83,-1.7
2023-12-20,605068,22.4,21.91,22.5,21.9,9317,20632147.0,2.68,-2.23,-0.5,0.57,10.46,7.81,5.75,3.47,3.15,3.52,4.61,6.62,7.63,5.8,22.67,22.6,23.62,24.12,1.32,3.83,3.42,2.01,-0.23,1.0,2.46,4.15,0.55,-0.96
2023-12-21,605068,22.03,21.91,22.2,21.5,12255,26689485.0,3.19,0.0,0.0,0.76,9.81,7.72,5.4,5.07,5.44,6.56,8.6,9.63,7.77,4.65,22.51,22.49,23.4,23.99,3.83,3.42,2.01,-0.23,1.0,2.46,4.15,0.55,-0.96,-0.5
2023-12-22,605068,21.8,21.82,22.75,21.58,16180,35709317.0,5.34,-0.41,-0.09,1.0,7.32,5.0,4.68,5.05,6.16,8.2,9.22,7.37,4.26,2.87,22.21,22.43,23.24,23.87,3.85,2.43,0.18,1.42,2.89,4.58,0.96,-0.55,-0.09,-2.29
2023-12-25,605068,21.66,22.36,22.66,21.66,14025,31260906.0,4.58,2.47,0.54,0.86,4.62,4.29,4.66,5.77,7.8,8.82,6.97,3.88,2.49,5.03,22.08,22.42,23.1,23.8,-0.04,-2.24,-1.03,0.4,2.06,-1.48,-2.95,-2.5,-4.65,-5.01
2023-12-26,605068,22.25,21.47,22.35,21.4,14212,30752979.0,4.25,-3.98,-0.89,0.88,5.56,5.93,7.06,9.11,10.14,8.27,5.14,3.74,6.31,5.89,21.89,22.33,22.91,23.72,1.82,3.07,4.56,6.29,2.61,1.07,1.54,-0.7,-1.07,0.75
2023-12-27,605068,21.63,21.56,21.86,21.2,9980,21410935.0,3.07,0.42,0.09,0.62,6.93,8.07,10.14,11.18,9.29,6.13,4.72,7.31,6.89,5.42,21.82,22.25,22.74,23.59,2.64,4.13,5.84,2.18,0.65,1.11,-1.11,-1.48,0.32,0.56
2023-12-28,605068,21.61,22.01,22.13,21.29,13867,30226832.0,3.9,2.09,0.45,0.86,7.61,9.68,10.71,8.83,5.68,4.27,6.86,6.43,4.98,2.68,21.84,22.18,22.62,23.5,2.0,3.68,0.09,-1.41,-0.95,-3.13,-3.5,-1.73,-1.5,-0.41
2023-12-29,605068,21.99,22.44,22.45,21.69,13080,28861304.0,3.45,1.95,0.43,0.81,7.65,8.67,6.82,3.73,2.35,4.89,4.47,3.04,0.78,2.03,21.97,22.09,22.53,23.4,1.69,-1.83,-3.3,-2.85,-4.99,-5.35,-3.61,-3.39,-2.32,-3.52
2024-01-02,605068,22.36,21.99,22.82,21.91,12441,27519130.0,4.06,-2.01,-0.45,0.77,7.58,5.75,2.69,1.32,3.83,3.42,2.01,-0.23,1.0,2.46,21.89,21.99,22.44,23.26,0.18,-1.32,-0.86,-3.05,-3.41,-1.64,-1.41,-0.32,-1.55,-0.86
2024-01-03,605068,22.03,21.3,22.03,21.06,16376,34919718.0,4.41,-3.14,-0.69,1.01,10.02,6.84,5.41,8.02,7.6,6.13,3.8,5.08,6.6,8.36,21.86,21.88,22.32,23.13,1.88,2.35,0.09,-0.28,1.55,1.78,2.91,1.64,2.35,0.28
2024-01-04,605068,21.3,21.65,21.7,21.13,10110,21746561.0,2.68,1.64,0.35,0.62,6.48,5.06,7.67,7.24,5.77,3.45,4.73,6.25,8.0,4.26,21.88,21.85,22.22,23.03,0.69,-1.52,-1.89,-0.09,0.14,1.25,0.0,0.69,-1.34,-3.46
2024-01-05,605068,21.74,21.08,21.8,21.0,9928,21153227.0,3.7,-2.63,-0.57,0.61,5.71,8.33,7.9,6.43,4.1,5.38,6.9,8.67,4.9,3.33,21.69,21.77,22.13,22.86,1.14,0.76,2.61,2.85,3.98,2.7,3.42,1.33,-0.85,-0.9
2024-01-08,605068,21.12,20.85,21.32,20.8,9319,19602625.0,2.47,-1.09,-0.23,0.57,9.38,8.94,7.45,5.1,6.39,7.93,9.71,5.91,4.33,4.81,21.37,21.67,22.05,22.71,1.87,3.74,3.98,5.13,3.84,4.56,2.45,0.24,0.19,-1.29
2024-01-09,605068,20.84,21.22,21.24,20.84,12059,25441456.0,1.92,1.77,0.37,0.74,8.73,7.25,4.89,6.19,7.73,9.5,5.71,4.13,4.61,2.3,21.22,21.56,21.99,22.58,1.93,2.17,3.3,2.03,2.73,0.66,-1.51,-1.56,-3.02,-11.59
2024-01-10,605068,21.22,21.45,21.63,20.92,16374,35020150.0,3.35,1.08,0.23,1.01,6.84,4.49,5.78,7.31,9.08,5.31,3.73,4.21,1.91,1.53,21.25,21.56,21.94,22.46,1.07,2.19,0.93,1.63,-0.42,-2.56,-2.61,-4.06,-12.54,-11.14
2024-01-11,605068,21.46,21.57,21.68,20.64,20547,43829351.0,4.85,0.56,0.12,1.27,5.91,7.22,8.77,10.56,6.73,5.14,5.62,3.29,2.91,4.8,21.23,21.56,21.9,22.34,1.62,0.37,1.07,-0.97,-3.11,-3.15,-4.59,-13.03,-11.64,-9.13
2024-01-12,605068,21.77,21.54,21.92,21.38,16306,35235581.0,2.5,-0.14,-0.03,1.01,3.51,5.0,6.74,3.04,1.5,1.96,-0.28,-0.65,1.17,1.4,21.33,21.51,21.84,22.25,0.51,1.21,-0.84,-2.97,-3.02,-4.46,-12.91,-11.51,-9.01,-8.91
2024-01-15,605068,21.58,21.5,21.65,20.9,13591,28846801.0,3.48,-0.19,-0.04,0.84,7.42,9.19,5.41,3.83,4.31,2.01,1.63,3.49,3.73,4.88,21.46,21.42,21.75,22.16,1.4,-0.65,-2.79,-2.84,-4.28,-12.74,-11.35,-8.84,-8.74,-10.84
2024-01-16,605068,21.52,21.33,21.8,20.91,19484,41726602.0,4.14,-0.79,-0.17,1.2,9.13,5.36,3.78,4.26,1.96,1.58,3.44,3.68,4.83,3.54,21.48,21.35,21.67,22.08,0.14,-2.02,-2.06,-3.52,-12.05,-10.64,-8.11,-8.02,-10.13,-13.31
2024-01-17,605068,21.33,21.15,21.36,20.84,11942,25174514.0,2.44,-0.84,-0.18,0.74,5.71,4.13,4.61,2.3,1.92,3.79,4.03,5.18,3.89,4.61,21.42,21.33,21.61,21.99,-1.18,-1.23,-2.7,-11.3,-9.88,-7.33,-7.23,-9.36,-12.58,-15.32
2024-01-18,605068,20.9,20.75,20.9,20.11,14314,29315964.0,3.74,-1.89,-0.4,0.88,7.91,8.4,6.02,5.62,7.56,7.81,9.0,7.66,8.4,6.22,21.25,21.24,21.55,21.9,0.67,-0.82,-9.59,-8.14,-5.54,-5.45,-7.61,-10.89,-13.69,-18.22
2024-01-19,605068,20.8,20.58,20.89,20.2,8183,16842058.0,3.33,-0.82,-0.17,0.5,7.92,5.54,5.15,7.08,7.33,8.51,7.18,7.92,5.74,3.47,21.06,21.19,21.48,21.82,0.0,-8.84,-7.39,-4.76,-4.66,-6.85,-10.16,-12.97,-17.54,-17.83
2024-01-22,605068,20.44,18.74,20.58,18.52,19241,37132246.0,10.01,-8.94,-1.84,1.19,15.12,14.69,16.79,17.06,18.36,16.9,17.71,15.33,12.85,12.8,20.51,20.98,21.33,21.69,0.11,1.71,4.59,4.7,2.29,-1.33,-4.43,-9.45,-9.77,-14.99
2024-01-23,605068,18.75,18.34,18.76,17.81,19371,35089914.0,5.07,-2.13,-0.4,1.19,19.26,21.45,21.73,23.08,21.56,22.4,19.93,17.35,17.29,15.55,19.91,20.7,21.13,21.56,3.93,6.87,6.98,4.53,0.82,-2.34,-7.47,-7.8,-13.14,-11.67
2024-01-24,605068,18.34,18.81,19.06,18.07,11682,21764598.0,5.4,2.56,0.47,0.72,19.7,19.98,21.31,19.81,20.64,18.21,15.66,15.61,13.89,3.82,19.44,20.43,20.99,21.44,4.2,4.31,1.91,-1.7,-4.78,-9.78,-10.1,-15.31,-13.88,-21.96
2024-01-25,605068,19.12,19.4,19.6,18.73,13783,26560862.0,4.63,3.14,0.59,0.85,15.75,17.03,15.59,16.39,14.04,11.59,11.53,9.88,0.16,1.76,19.17,20.21,20.89,21.34,1.13,-1.19,-4.69,-7.68,-12.53,-12.84,-17.89,-16.49,-24.33,-20.1
2024-01-26,605068,19.4,18.95,19.62,18.87,8786,16870250.0,3.87,-2.32,-0.45,0.54,16.16,14.73,15.53,13.2,10.76,10.7,9.06,-0.58,1.01,3.87,18.85,19.96,20.73,21.21,1.16,-2.43,-5.49,-10.45,-10.77,-15.94,-14.51,-22.53,-18.21,-10.03
2024-01-29,605068,18.9,18.22,19.17,18.22,10854,20051140.0,5.01,-3.85,-0.73,0.67,18.83,19.65,17.23,14.71,14.65,12.95,2.96,4.61,7.57,7.68,18.74,19.63,20.52,21.04,1.48,-1.7,-6.86,-7.19,-12.57,-11.09,-19.43,-14.93,-6.42,-5.6
2024-01-30,605068,18.14,17.8,18.49,17.76,10647,19285314.0,4.01,-2.31,-0.42,0.66,22.75,20.27,17.68,17.62,15.88,5.63,7.32,10.36,10.47,7.94,18.64,19.27,20.31,20.87,0.62,-4.66,-5.0,-10.51,-8.99,-17.53,-12.92,-4.21,-3.37,-4.61
2024-01-31,605068,17.87,16.71,17.91,16.6,15450,26495352.0,7.36,-6.12,-1.09,0.95,28.67,25.9,25.84,23.98,13.01,14.82,18.07,18.19,15.48,11.39,18.22,18.83,20.08,20.68,1.56,1.2,-4.67,-3.05,-12.15,-7.24,2.03,2.93,1.62,0.24
2024-02-01,605068,16.89,16.45,16.97,16.22,13244,21904047.0,4.49,-1.56,-0.26,0.82,28.85,28.79,26.88,15.66,17.51,20.84,20.96,18.19,14.0,10.42,17.63,18.4,19.82,20.5,2.8,-3.16,-1.52,-10.76,-5.78,3.65,4.56,3.22,1.82,6.38
2024-02-02,605068,16.68,15.94,16.91,15.51,17888,28716014.0,8.51,-3.1,-0.51,1.1,34.69,32.69,20.95,22.89,26.37,26.5,23.6,19.21,15.47,9.41,17.02,17.94,19.57,20.3,-0.06,1.63,-7.9,-2.76,6.96,7.9,6.52,5.08,9.79,15.12
2024-02-05,605068,15.37,15.1,15.93,14.36,27225,40387139.0,9.85,-5.27,-0.84,1.68,43.31,30.64,32.73,36.49,36.63,33.5,28.76,24.72,18.18,17.76,16.4,17.57,19.28,20.08,7.28,-2.78,2.65,12.91,13.91,12.45,10.93,15.89,21.52,28.94
2024-02-06,605068,15.01,14.83,16.2,13.59,39641,56266226.0,17.28,-1.79,-0.27,2.44,38.04,40.25,44.22,44.37,41.06,36.06,31.79,24.87,24.43,17.22,15.81,17.22,18.96,19.82,-1.01,4.52,14.97,15.98,14.5,12.95,18.0,23.74,31.29,38.23
2024-02-07,605068,14.55,14.09,14.68,13.81,19940,28306038.0,5.87,-4.99,-0.74,1.23,38.02,41.93,42.07,38.81,33.89,29.69,22.88,22.45,15.35,17.31,15.28,16.75,18.59,19.58,10.01,21.01,22.07,20.51,18.88,24.2,30.23,38.18,45.49,29.74
2024-02-08,605068,13.89,15.5,15.5,13.89,19584,29249197.0,11.43,10.01,1.41,1.21,41.11,41.25,38.01,33.12,28.94,22.17,21.74,14.69,16.63,5.69,15.09,16.36,18.29,19.38,10.0,10.97,9.55,8.06,12.9,18.39,25.61,32.26,17.94,18.58
2024-02-19,605068,16.13,17.05,17.05,16.13,8343,14075551.0,5.94,10.0,1.55,0.51,21.64,18.85,14.63,11.04,5.21,4.84,-1.24,0.43,-8.99,-3.91,15.31,16.17,18.06,19.21,0.88,-0.41,-1.76,2.64,7.62,14.19,20.23,7.21,7.8,6.57
2024-02-20,605068,17.06,16.44,17.2,16.27,28507,47072624.0,5.45,-3.58,-0.61,1.76,17.82,13.64,10.08,4.3,3.93,-2.09,-0.43,-9.77,-4.73,4.79,15.58,15.99,17.81,19.01,3.28,1.89,6.45,11.62,18.43,24.7,11.19,11.8,10.52,7.97
2024-02-21,605068,16.32,16.4,16.98,16.12,24904,41438606.0,5.23,-0.24,-0.04,1.54,14.7,11.1,5.27,4.9,-1.18,0.5,-8.93,-3.85,5.77,6.7,15.9,15.85,17.56,18.82,2.13,6.71,11.89,18.72,25.0,11.46,12.07,10.79,8.23,7.32
2024-02-22,605068,16.37,16.74,16.75,16.3,15240,25212510.0,2.74,2.07,0.34,0.94,9.88,4.11,3.74,-2.27,-0.61,-9.94,-4.91,4.6,5.52,4.17,16.43,15.85,17.34,18.67,4.54,9.62,16.31,22.46,9.2,9.8,8.54,6.03,5.14,6.03
2024-02-23,605068,16.73,17.33,17.5,16.61,18736,31908894.0,5.32,3.52,0.59,1.16,2.17,1.81,-4.09,-2.47,-11.62,-6.68,2.65,3.55,2.23,0.84,16.79,15.94,17.17,18.53,5.89,12.35,18.29,5.48,6.06,4.85,2.42,1.56,2.42,-0.75
2024-02-26,605068,17.98,17.7,18.35,17.21,21335,37902136.0,6.58,2.14,0.37,1.32,-1.74,-7.44,-5.87,-14.7,-9.94,-0.93,-0.06,-1.34,-2.67,1.69,16.92,16.12,17.03,18.42,10.0,15.82,3.28,3.84,2.66,0.28,-0.56,0.28,-2.82,-1.58
2024-02-27,605068,17.67,19.47,19.47,17.58,17705,33521325.0,10.68,10.0,1.77,1.09,-9.39,-7.85,-16.5,-11.83,-3.01,-2.16,-3.41,-4.72,-0.46,4.38,17.53,16.56,17.06,18.37,5.29,-6.11,-5.6,-6.68,-8.83,-9.6,-8.83,-11.66,-10.53,-7.96
2024-02-28,605068,20.0,17.78,20.5,17.63,58182,113106970.0,14.74,-8.68,-1.69,3.59,-8.11,-16.73,-12.08,-3.29,-2.44,-3.69,-4.99,-0.74,4.08,10.44,17.8,16.85,17.04,18.26,2.81,3.37,2.19,-0.17,-1.01,-0.17,-3.26,-2.02,0.79,2.59
2024-02-29,605068,17.51,18.23,18.28,17.04,34080,60933687.0,6.97,2.53,0.45,2.1,-13.85,-9.04,0.06,0.94,-0.35,-1.7,2.7,7.69,14.26,20.31,18.1,17.26,17.01,18.15,0.82,-0.33,-2.63,-3.46,-2.63,-5.65,-4.44,-1.7,0.05,-0.71
2024-03-01,605068,18.13,18.04,18.38,17.78,21936,39477869.0,3.29,-1.04,-0.19,1.35,-12.82,-4.11,-3.26,-4.5,-5.79,-1.57,3.21,9.51,15.3,2.81,18.24,17.52,16.94,18.03,0.72,-1.61,-2.44,-1.61,-4.66,-3.44,-0.67,1.11,0.33,0.22
2024-03-04,605068,17.87,17.76,18.17,17.57,17095,30359331.0,3.33,-1.55,-0.28,1.05,-2.96,-2.11,-3.36,-4.67,-0.4,4.44,10.81,16.68,4.04,4.61,18.26,17.59,16.88,17.9,-0.06,-0.9,-0.06,-3.15,-1.91,0.9,2.7,1.91,1.8,3.83
2024-03-05,605068,17.75,17.25,17.75,17.1,16592,28806239.0,3.66,-2.87,-0.51,1.02,0.58,-0.7,-2.05,2.34,7.31,13.86,19.88,6.9,7.49,6.26,17.81,17.67,16.83,17.76,2.03,2.9,-0.29,0.99,3.88,5.74,4.93,4.81,6.9,5.74
2024-03-06,605068,17.14,17.6,17.6,16.84,18032,31153563.0,4.41,2.03,0.35,1.11,0.83,-0.53,3.92,8.97,15.62,21.73,8.55,9.14,7.9,5.4,17.78,17.79,16.82,17.64,0.85,-2.27,-1.02,1.82,3.64,2.84,2.73,4.77,3.64,3.52
2024-03-07,605068,17.6,17.04,17.75,16.86,17963,30982739.0,5.06,-3.18,-0.56,1.11,-0.65,3.8,8.84,15.48,21.59,8.42,9.02,7.77,5.28,4.39,17.54,17.82,16.84,17.5,0.94,2.23,5.16,7.04,6.22,6.1,8.22,7.04,6.92,7.81
2024-03-08,605068,17.04,16.97,17.2,16.85,11081,18879563.0,2.05,-0.41,-0.07,0.68,3.86,8.9,15.55,21.66,8.49,9.08,7.83,5.34,4.45,5.34,17.32,17.78,16.86,17.38,2.65,5.6,7.48,6.66,6.54,8.66,7.48,7.37,8.25,6.78
2024-03-11,605068,16.88,17.42,17.42,16.88,14869,25489282.0,3.18,2.65,0.45,0.92,8.71,15.34,21.45,8.29,8.89,7.64,5.15,4.27,5.15,1.9,17.26,17.76,16.94,17.27,2.87,4.71,3.9,3.79,5.86,4.71,4.59,5.45,4.02,2.47
2024-03-12,605068,17.54,17.9,17.92,17.44,15228,27017718.0,2.76,2.76,0.48,0.94,11.64,17.55,4.82,5.39,4.19,1.78,0.92,1.78,-1.38,-0.11,17.39,17.6,17.08,17.24,1.9,1.12,1.01,3.02,1.9,1.79,2.63,1.23,-0.28,-2.23
2024-03-13,605068,17.95,17.98,18.24,17.79,12466,22388473.0,2.51,0.45,0.08,0.77,15.23,2.75,3.32,2.14,-0.22,-1.07,-0.22,-3.32,-2.08,0.73,17.46,17.62,17.23,17.23,0.67,0.56,2.56,1.45,1.33,2.17,0.78,-0.72,-2.67,-4.12
2024-03-14,605068,17.95,17.69,18.1,17.35,15230,26980766.0,4.17,-1.61,-0.29,0.94,5.36,5.94,4.73,2.31,1.44,2.31,-0.86,0.4,3.29,5.13,17.59,17.57,17.41,17.19,2.2,4.24,3.11,3.0,3.84,2.43,0.9,-1.07,-2.54,-4.58
2024-03-15,605068,17.75,18.05,18.08,17.54,11555,20630232.0,3.05,2.04,0.36,0.71,4.79,3.59,1.2,0.34,1.2,-1.94,-0.68,2.17,3.99,3.19,17.81,17.57,17.54,17.15,2.16,1.05,0.94,1.77,0.39,-1.11,-3.05,-4.49,-6.48,-5.82
2024-03-18,605068,18.33,18.12,18.44,17.97,16254,29455413.0,2.6,0.39,0.07,1.0,1.11,-1.22,-2.06,-1.22,-4.28,-3.06,-0.28,1.5,0.72,0.61,17.95,17.6,17.6,17.12,0.66,0.55,1.38,0.0,-1.49,-3.42,-4.86,-6.84,-6.18,-3.7
2024-03-19,605068,18.16,18.13,18.24,18.02,11979,21714198.0,1.21,0.06,0.01,0.74,-1.5,-2.33,-1.5,-4.55,-3.33,-0.55,1.22,0.44,0.33,2.33,17.99,17.69,17.68,17.12,0.5,1.32,-0.06,-1.54,-3.47,-4.91,-6.89,-6.23,-3.75,-3.2
2024-03-20,605068,18.13,18.19,18.22,18.0,10484,18990278.0,1.21,0.33,0.06,0.65,-2.22,-1.39,-4.44,-3.22,-0.44,1.33,0.56,0.44,2.44,1.33,18.04,17.75,17.77,17.13,0.99,-0.38,-1.87,-3.79,-5.22,-7.2,-6.54,-4.07,-3.52,-4.45
2024-03-21,605068,18.19,18.08,18.37,17.85,11677,21128344.0,2.86,-0.6,-0.11,0.72,-0.56,-3.64,-2.41,0.39,2.18,1.4,1.29,3.31,2.18,2.07,18.11,17.85,17.84,17.18,0.22,-1.27,-3.21,-4.65,-6.64,-5.97,-3.48,-2.93,-3.87,-6.08
2024-03-22,605068,18.05,17.64,18.12,17.6,10648,18961332.0,2.88,-2.43,-0.44,0.66,-2.27,-1.02,1.82,3.64,2.84,2.73,4.77,3.64,3.52,4.37,18.03,17.92,17.85,17.22,1.19,-0.79,-2.27,-4.31,-3.63,-1.08,-0.51,-1.47,-3.74,-4.59
2024-03-25,605068,17.65,16.93,17.85,16.91,15253,26450036.0,5.33,-4.02,-0.71,0.94,3.02,5.97,7.87,7.04,6.92,9.05,7.87,7.75,8.63,7.16,17.79,17.87,17.81,17.25,3.37,1.83,-0.3,0.41,3.07,3.66,2.66,0.3,-0.59,0.89
2024-03-26,605068,16.97,17.1,17.5,16.65,22293,38130733.0,5.02,1.0,0.17,1.37,7.63,9.55,8.71,8.59,10.75,9.55,9.43,10.33,8.83,7.21,17.59,17.79,17.7,17.31,0.82,-1.29,-0.58,2.05,2.63,1.64,-0.7,-1.58,-0.12,-2.11
2024-03-27,605068,17.04,16.35,17.24,16.35,11738,19706013.0,5.2,-4.39,-0.75,0.72,11.56,10.7,10.58,12.78,11.56,11.44,12.35,10.83,9.17,7.03,17.22,17.63,17.62,17.37,3.24,3.98,6.73,7.34,6.3,3.85,2.94,4.46,2.39,1.96
2024-03-28,605068,16.3,16.57,16.88,16.26,12317,20438982.0,3.79,1.35,0.22,0.76,11.32,11.19,13.41,12.18,12.05,12.98,11.44,9.78,7.63,6.03,16.92,17.52,17.54,17.45,2.6,5.31,5.91,4.89,2.47,1.57,3.08,1.03,0.6,-3.56
2024-03-29,605068,16.71,16.83,17.0,16.46,10267,17161595.0,3.26,1.57,0.26,0.63,9.84,12.03,10.81,10.69,11.6,10.09,8.44,6.32,4.74,2.55,16.76,17.39,17.48,17.49,3.68,4.28,3.27,0.89,0.0,1.49,-0.53,-0.95,-5.05,-14.85
2024-04-01,605068,16.81,17.41,17.45,16.71,12238,21060058.0,4.4,3.45,0.58,0.75,10.35,9.16,9.04,9.93,8.44,6.82,4.73,3.17,1.02,1.74,16.85,17.32,17.46,17.5,0.8,-0.17,-2.47,-3.33,-1.9,-3.85,-4.25,-8.21,-17.69,-14.82
2024-04-02,605068,17.54,17.31,17.55,16.91,11661,20054062.0,3.68,-0.57,-0.1,0.72,7.87,7.75,8.63,7.16,5.56,3.49,1.95,-0.18,0.53,3.19,16.89,17.24,17.47,17.53,0.4,-1.91,-2.77,-1.33,-3.29,-3.7,-7.68,-17.22,-14.33,-10.46
2024-04-03,605068,17.31,16.92,17.38,16.48,12628,21298726.0,5.2,-2.25,-0.39,0.78,10.56,11.47,9.95,8.31,6.19,4.61,2.43,3.16,5.89,6.49,17.01,17.11,17.43,17.55,0.35,-0.53,0.95,-1.06,-1.48,-5.56,-15.31,-12.35,-8.39,-11.41
2024-04-08,605068,16.92,16.37,16.98,16.35,11250,18616719.0,3.72,-3.25,-0.55,0.69,12.35,10.83,9.17,7.03,5.44,3.24,3.98,6.73,7.34,6.3,16.97,16.94,17.4,17.54,2.81,4.34,2.26,1.83,-2.38,-12.46,-9.41,-5.31,-8.43,-8.98
2024-04-09,605068,16.49,16.83,16.83,16.36,9447,15702077.0,2.87,2.81,0.46,0.58,10.76,9.11,6.97,5.38,3.18,3.91,6.66,7.27,6.23,3.79,16.97,16.86,17.39,17.52,1.49,-0.53,-0.95,-5.05,-14.85,-11.88,-7.9,-10.93,-11.47,-8.14
2024-04-10,605068,17.08,16.29,17.08,16.16,10654,17470480.0,5.47,-3.21,-0.54,0.66,10.46,8.29,6.68,4.46,5.2,7.98,8.6,7.55,5.07,4.15,16.74,16.8,17.33,17.47,2.76,2.33,-1.9,-12.03,-8.96,-4.85,-7.98,-8.53,-5.1,-3.62
2024-04-11,605068,16.16,16.41,16.74,16.06,14289,23489823.0,4.17,0.74,0.12,0.88,8.97,7.35,5.11,5.85,8.66,9.28,8.22,5.73,4.79,6.35,16.56,16.73,17.26,17.37,1.58,-2.62,-12.68,-9.63,-5.55,-8.65,-9.2,-5.79,-4.33,-2.32
2024-04-12,605068,16.34,15.77,16.67,15.77,22210,35637818.0,5.48,-3.9,-0.64,1.37,9.32,7.04,7.8,10.65,11.29,10.21,7.67,6.72,8.31,6.15,16.33,16.67,17.15,17.31,1.33,-9.13,-5.96,-1.71,-4.95,-5.52,-1.97,-0.44,1.65,2.6
2024-04-15,605068,15.77,14.46,15.98,14.23,30925,45972783.0,11.1,-8.31,-1.31,1.91,18.62,19.47,22.63,23.33,22.14,19.33,18.27,20.03,17.64,17.15,15.95,16.46,16.99,17.18,-0.9,2.56,7.19,3.67,3.04,6.92,8.58,10.86,11.89,14.87
2024-04-16,605068,14.33,13.48,14.33,13.36,25021,34084580.0,6.71,-6.78,-0.98,1.54,27.25,30.61,31.36,30.09,27.1,25.97,27.84,25.3,24.78,19.61,15.28,16.13,16.76,17.03,10.01,14.99,11.2,10.53,14.69,16.47,18.92,20.03,23.22,25.07
2024-04-17,605068,14.18,14.83,14.83,13.87,13571,19981459.0,7.12,10.01,1.35,0.84,25.81,26.53,25.31,22.42,21.34,23.14,20.69,20.19,15.21,3.32,14.99,15.87,16.6,16.93,4.52,1.08,0.47,4.25,5.87,8.09,9.1,12.0,13.69,15.71
2024-04-18,605068,15.22,15.05,15.5,14.62,38898,58597333.0,5.93,1.48,0.22,2.4,20.04,18.88,16.14,15.12,16.83,14.5,14.02,9.3,-1.98,1.44,14.72,15.64,16.44,16.86,-0.4,-1.0,2.72,4.32,6.51,7.51,10.37,12.03,14.02,13.49
2024-04-19,605068,14.75,14.63,14.99,14.56,22355,32932647.0,2.86,-2.79,-0.42,1.38,19.37,16.62,15.59,17.31,14.97,14.49,9.75,-1.58,1.85,6.46,14.49,15.41,16.26,16.76,1.85,5.67,7.31,9.57,10.59,13.53,15.24,17.29,16.75,17.29
2024-04-22,605068,14.65,14.82,14.9,14.23,19717,28920546.0,4.58,1.3,0.19,1.22,19.33,18.27,20.03,17.64,17.15,12.3,0.7,4.22,8.92,5.34,14.56,15.26,16.1,16.68,4.32,5.94,8.16,9.18,12.08,13.77,15.79,15.25,15.79,15.79
2024-04-23,605068,15.13,15.35,15.46,14.88,24894,37749713.0,3.91,3.58,0.53,1.54,13.1,14.78,12.5,12.03,7.39,-3.7,-0.34,4.17,0.74,0.13,14.94,15.11,15.99,16.63,2.28,4.43,5.41,8.21,9.84,11.79,11.27,11.79,11.79,11.99
2024-04-24,605068,15.35,15.64,15.7,15.3,17513,27193289.0,2.61,1.89,0.29,1.08,11.63,9.41,8.95,4.44,-6.34,-3.07,1.31,-2.03,-2.61,1.05,15.1,15.04,15.92,16.57,2.49,3.45,6.2,7.8,9.72,9.21,9.72,9.72,9.91,7.99
2024-04-25,605068,15.62,15.87,16.03,15.5,14981,23746288.0,3.39,1.47,0.23,0.92,8.0,7.55,3.1,-7.55,-4.32,0.0,-3.29,-3.87,-0.26,1.29,15.26,14.99,15.86,16.5,1.95,4.66,6.24,8.13,7.62,8.13,8.13,8.32,6.43,0.95
2024-04-26,605068,15.93,15.9,16.18,15.68,12015,19064903.0,3.15,0.19,0.03,0.74,6.31,1.91,-8.61,-5.42,-1.15,-4.4,-4.97,-1.4,0.13,2.23,15.52,15.0,15.84,16.43,4.47,6.04,7.92,7.42,7.92,7.92,8.11,6.23,0.75,-0.31
2024-04-29,605068,16.19,16.54,16.61,15.93,15621,25524327.0,4.28,4.03,0.64,0.96,0.31,-10.04,-6.91,-2.7,-5.9,-6.47,-2.95,-1.44,0.63,1.57,15.86,15.21,15.84,16.4,1.93,3.75,3.26,3.75,3.75,3.93,2.12,-3.14,-4.17,-4.66
2024-04-30,605068,16.68,16.7,16.86,16.4,18092,30202541.0,2.78,0.97,0.16,1.12,-12.62,-9.57,-5.49,-8.6,-9.15,-5.73,-4.27,-2.26,-1.34,1.28,16.13,15.53,15.83,16.35,2.75,2.28,2.75,2.75,2.93,1.14,-4.07,-5.09,-5.57,-4.01
2024-05-06,605068,17.03,16.87,17.16,16.7,11650,19655596.0,2.75,1.02,0.17,0.72,-11.2,-7.19,-10.24,-10.78,-7.43,-5.99,-4.01,-3.11,-0.54,0.96,16.38,15.74,15.8,16.31,1.24,1.72,1.72,1.9,0.12,-5.04,-6.05,-6.52,-4.98,-3.91
2024-05-07,605068,17.01,17.05,17.08,16.74,10652,18073676.0,2.02,1.07,0.18,0.66,-7.41,-10.45,-10.99,-7.65,-6.21,-4.24,-3.35,-0.78,0.72,2.51,16.61,15.94,15.79,16.27,0.65,0.65,0.82,-0.94,-6.04,-7.04,-7.51,-5.98,-4.93,-5.16
2024-05-08,605068,17.16,16.8,17.16,16.76,8354,14130967.0,2.35,-1.47,-0.25,0.52,-10.56,-11.1,-7.76,-6.32,-4.36,-3.46,-0.89,0.6,2.39,1.91,16.79,16.15,15.78,16.23,2.14,2.32,0.54,-4.64,-5.65,-6.13,-4.58,-3.51,-3.75,-4.64
2024-05-09,605068,16.82,17.08,17.16,16.82,7034,12009879.0,2.02,1.67,0.28,0.43,-11.41,-8.09,-6.66,-4.7,-3.8,-1.25,0.24,2.02,1.55,2.02,16.9,16.38,15.82,16.19,0.64,-1.11,-6.21,-7.2,-7.67,-6.15,-5.09,-5.33,-6.21,-6.62
2024-05-10,605068,17.08,16.82,17.19,16.72,13242,22453809.0,2.75,-1.52,-0.26,0.82,-7.54,-6.1,-4.13,-3.23,-0.66,0.84,2.63,2.15,2.63,2.63,16.92,16.53,15.82,16.17,0.42,-4.76,-5.77,-6.24,-4.7,-3.63,-3.86,-4.76,-5.17,-7.25
2024-05-13,605068,16.82,15.65,16.89,15.58,26249,41930934.0,7.79,-6.96,-1.17,1.62,0.77,2.89,3.85,6.61,8.22,10.14,9.63,10.14,10.14,10.33,16.68,16.53,15.79,16.12,2.36,1.28,0.77,2.43,3.58,3.32,2.36,1.92,-0.32,-2.17
2024-05-14,605068,15.98,15.65,16.02,15.6,19544,30769988.0,2.68,0.0,0.0,1.21,2.76,3.72,6.47,8.08,10.0,9.49,10.0,10.0,10.19,8.27,16.4,16.51,15.75,16.07,1.28,0.77,2.43,3.58,3.32,2.36,1.92,-0.32,-2.17,-3.77
2024-05-15,605068,15.72,15.59,15.85,15.28,15345,23846066.0,3.64,-0.38,-0.06,0.95,5.89,8.7,10.34,12.3,11.78,12.3,12.3,12.5,10.54,4.84,16.16,16.48,15.74,16.05,1.15,2.82,3.98,3.72,2.76,2.31,0.06,-1.8,-3.4,-3.4
2024-05-16,605068,15.52,15.53,15.77,15.41,15594,24236662.0,2.31,-0.38,-0.06,0.96,7.79,9.41,11.36,10.84,11.36,11.36,11.55,9.6,3.96,2.86,15.85,16.37,15.79,16.01,3.22,4.38,4.12,3.16,2.7,0.45,-1.42,-3.03,-3.03,-2.58
2024-05-17,605068,15.61,15.98,16.03,15.49,13954,22043312.0,3.48,2.9,0.45,0.86,8.84,10.78,10.26,10.78,10.78,10.97,9.04,3.42,2.32,1.81,15.68,16.3,15.92,15.99,1.44,1.19,0.25,-0.19,-2.38,-4.19,-5.76,-5.76,-5.32,-2.07
2024-05-20,605068,16.01,16.06,16.21,15.89,11726,18830803.0,2.0,0.5,0.08,0.72,7.99,7.49,7.99,7.99,8.18,6.29,0.82,-0.25,-0.76,0.88,15.76,16.22,15.98,15.94,0.68,-0.25,-0.68,-2.86,-4.67,-6.23,-6.23,-5.79,-2.55,-4.98
2024-05-21,605068,16.17,15.71,16.17,15.62,9736,15333040.0,3.42,-2.18,-0.35,0.6,9.35,9.86,9.86,10.05,8.13,2.56,1.47,0.96,2.62,3.78,15.77,16.09,16.01,15.89,1.97,1.53,-0.7,-2.55,-4.14,-4.14,-3.69,-0.38,-2.86,-5.79
2024-05-22,605068,15.86,15.88,16.02,15.66,8615,13691186.0,2.29,1.08,0.17,0.53,9.58,9.58,9.77,7.85,2.3,1.21,0.7,2.36,3.51,3.26,15.83,16.0,16.07,15.85,0.44,-1.76,-3.59,-5.16,-5.16,-4.72,-1.45,-3.9,-6.8,-8.06
2024-05-23,605068,15.89,15.47,15.95,15.45,8485,13264062.0,3.15,-2.58,-0.41,0.52,11.07,11.26,9.32,3.69,2.59,2.07,3.75,4.92,4.66,3.69,15.82,15.83,16.11,15.82,0.84,-1.03,-2.65,-2.65,-2.2,1.16,-1.36,-4.33,-5.62,-7.18
2024-05-24,605068,15.45,15.16,15.6,15.0,9265,14139630.0,3.88,-2.0,-0.31,0.57,14.6,12.6,6.8,5.67,5.13,6.87,8.07,7.8,6.8,6.33,15.66,15.67,16.1,15.77,0.99,-0.66,-0.66,-0.2,3.23,0.66,-2.37,-3.69,-5.28,-6.66
2024-05-27,605068,15.3,15.01,15.31,14.85,11065,16594499.0,3.03,-0.99,-0.15,0.68,13.74,7.88,6.73,6.2,7.95,9.16,8.89,7.88,7.41,5.05,15.45,15.6,16.07,15.73,0.33,0.33,0.8,4.26,1.67,-1.4,-2.73,-4.33,-5.73,-4.6
2024-05-28,605068,15.02,14.72,15.06,14.68,12884,19152165.0,2.53,-1.93,-0.29,0.79,9.13,7.97,7.43,9.2,10.42,10.15,9.13,8.65,6.27,4.29,15.25,15.51,16.01,15.67,2.31,2.79,6.32,3.67,0.54,-0.82,-2.45,-3.87,-2.72,-1.15
2024-05-29,605068,14.62,14.95,15.06,14.62,12710,18902625.0,2.99,1.56,0.23,0.78,8.41,7.87,9.64,10.88,10.6,9.58,9.1,6.7,4.72,3.01,15.06,15.45,15.96,15.64,1.2,4.68,2.07,-1.0,-2.34,-3.95,-5.35,-4.21,-2.68,-2.81
2024-05-30,605068,14.83,14.92,15.13,14.83,13556,20281006.0,2.01,-0.2,-0.03,0.84,6.34,8.09,9.31,9.04,8.02,7.55,5.19,3.24,1.55,1.55,14.95,15.39,15.88,15.66,4.89,2.28,-0.8,-2.14,-3.75,-5.16,-4.02,-2.48,-2.61,-3.49
2024-05-31,605068,15.65,15.09,15.65,14.98,16978,25707794.0,4.49,1.14,0.17,1.05,7.01,8.21,7.94,6.94,6.48,4.14,2.2,0.53,0.53,1.0,14.94,15.3,15.8,15.71,1.13,-1.92,-3.25,-4.84,-6.23,-5.1,-3.58,-3.71,-4.57,-3.91
2024-06-03,605068,15.1,14.82,15.26,14.7,17551,26306933.0,3.71,-1.79,-0.27,1.08,10.27,10.0,8.98,8.5,6.12,4.15,2.45,2.45,2.93,6.46,14.9,15.17,15.7,15.71,-0.13,-1.48,-3.1,-4.52,-3.37,-1.82,-1.96,-2.83,-2.16,-5.26
2024-06-04,605068,14.7,14.48,14.8,14.33,17671,25599080.0,3.17,-2.29,-0.34,1.09,12.84,11.79,11.3,8.86,6.84,5.09,5.09,5.58,9.21,6.49,14.85,15.05,15.57,15.69,0.83,-0.83,-2.28,-1.1,0.48,0.35,-0.55,0.14,-3.04,-2.07
2024-06-05,605068,14.34,14.23,14.6,14.21,12705,18280812.0,2.69,-1.73,-0.25,0.78,12.74,12.24,9.78,7.74,5.98,5.98,6.47,10.13,7.39,4.15,14.71,14.89,15.44,15.68,0.91,-0.56,0.63,2.25,2.11,1.19,1.9,-1.34,-0.35,-3.09
2024-06-06,605068,14.19,13.62,14.36,13.5,24157,33166895.0,6.04,-4.29,-0.61,1.49,18.15,15.56,13.41,11.56,11.56,12.07,15.93,13.04,9.63,8.15,14.45,14.7,15.27,15.64,3.89,5.14,6.83,6.68,5.73,6.46,3.08,4.11,1.25,-1.47
2024-06-07,605068,13.8,14.11,14.15,13.75,20077,28116313.0,2.94,3.6,0.49,1.24,13.45,11.35,9.53,9.53,10.04,13.82,10.98,7.64,6.18,4.44,14.25,14.6,15.13,15.6,1.49,3.12,2.98,2.06,2.76,-0.5,0.5,-2.27,-4.89,-6.24
2024-06-11,605068,14.11,14.28,14.32,13.78,18393,25926366.0,3.83,1.2,0.17,1.13,11.1,9.29,9.29,9.8,13.57,10.74,7.4,5.95,4.21,2.69,14.14,14.52,15.06,15.55,1.89,1.75,0.84,1.54,-1.68,-0.7,-3.43,-6.02,-7.35,-5.25
2024-06-12,605068,14.33,14.37,14.55,14.16,13639,19648867.0,2.73,0.63,0.09,0.84,6.36,6.36,6.85,10.52,7.77,4.52,3.11,1.41,-0.07,1.13,14.12,14.49,15.0,15.5,1.11,0.21,0.9,-2.3,-1.32,-4.04,-6.61,-7.93,-5.85,-6.12
2024-06-13,605068,14.41,14.37,14.53,14.22,12539,18056019.0,2.16,0.0,0.0,0.77,5.91,6.4,10.06,7.31,4.08,2.67,0.98,-0.49,0.7,2.32,14.15,14.43,14.94,15.45,0.21,0.9,-2.3,-1.32,-4.04,-6.61,-7.93,-5.85,-6.12,-5.71
2024-06-14,605068,14.37,14.37,14.4,14.18,11167,15952435.0,1.53,0.0,0.0,0.69,6.7,10.37,7.62,4.37,2.96,1.27,-0.21,0.99,2.61,2.47,14.3,14.37,14.88,15.38,0.9,-2.3,-1.32,-4.04,-6.61,-7.93,-5.85,-6.12,-5.71,-6.54
2024-06-17,605068,14.5,13.87,14.5,13.83,17259,24194469.0,4.66,-3.48,-0.5,1.06,13.16,10.34,7.01,5.57,3.83,2.31,3.54,5.21,5.06,4.12,14.25,14.25,14.77,15.28,1.23,2.24,-0.58,-3.24,-4.61,-2.45,-2.74,-2.31,-3.17,-3.17
2024-06-18,605068,13.81,13.93,14.04,13.81,14827,20663263.0,1.66,0.43,0.06,0.91,10.5,7.17,5.72,3.98,2.46,3.69,5.36,5.21,4.27,5.0,14.18,14.16,14.67,15.19,1.79,-1.01,-3.66,-5.03,-2.87,-3.16,-2.73,-3.59,-3.59,-2.15
2024-06-19,605068,14.02,13.71,14.18,13.67,10982,15210496.0,3.66,-1.58,-0.22,0.68,8.27,6.8,5.05,3.51,4.75,6.44,6.29,5.34,6.07,2.71,14.05,14.09,14.57,15.07,0.58,-2.12,-3.5,-1.31,-1.6,-1.17,-2.04,-2.04,-0.58,-0.73
2024-06-20,605068,13.72,13.29,13.79,13.11,25414,34041615.0,4.96,-3.06,-0.42,1.57,11.37,9.53,7.93,9.23,10.98,10.83,9.84,10.6,7.09,8.16,13.83,13.99,14.44,14.96,0.98,-0.45,1.81,1.5,1.96,1.05,1.05,2.56,2.41,1.2
2024-06-21,605068,13.29,13.23,13.42,13.05,14879,19686700.0,2.78,-0.45,-0.06,0.92,10.04,8.43,9.73,11.49,11.34,10.34,11.11,7.59,8.66,5.67,13.61,13.95,14.33,14.83,0.0,2.27,1.97,2.42,1.51,1.51,3.02,2.87,1.66,-0.38
2024-06-24,605068,13.06,12.84,13.23,12.51,23174,29707104.0,5.44,-2.95,-0.39,1.43,13.11,14.47,16.31,16.15,15.11,15.91,12.23,13.35,10.23,7.27,13.4,13.83,14.21,14.7,5.37,5.06,5.53,4.6,4.6,6.15,6.0,4.75,2.65,9.03
2024-06-25,605068,12.75,13.22,13.53,12.75,23056,30363990.0,6.07,2.96,0.38,1.42,12.31,14.12,13.96,12.94,13.73,10.12,11.22,8.16,5.25,3.76,13.26,13.72,14.12,14.62,2.04,2.5,1.59,1.59,3.1,2.95,1.74,-0.3,5.9,11.12
2024-06-26,605068,13.23,13.48,13.49,13.05,15920,21170662.0,3.33,1.97,0.26,0.98,11.49,11.34,10.34,11.11,7.59,8.66,5.67,2.84,1.38,3.68,13.21,13.63,14.06,14.54,0.52,-0.37,-0.37,1.11,0.96,-0.22,-2.23,3.86,8.98,19.88
2024-06-27,605068,13.45,13.23,13.55,13.22,11766,15709523.0,2.45,-1.85,-0.25,0.73,9.91,8.93,9.68,6.2,7.26,4.31,1.51,0.08,2.34,2.04,13.2,13.52,13.97,14.46,1.51,1.51,3.02,2.87,1.66,-0.38,5.82,11.04,22.15,17.54
2024-06-28,605068,13.11,13.18,13.43,12.9,11146,14750895.0,4.01,-0.38,-0.05,0.69,11.63,12.4,8.84,9.92,6.9,4.03,2.56,4.88,4.57,5.04,13.19,13.4,13.89,14.39,1.9,3.41,3.26,2.05,0.0,6.22,11.46,22.61,17.98,14.04
2024-07-01,605068,13.21,13.4,13.43,13.01,11901,15765689.0,3.19,1.67,0.22,0.73,11.45,7.92,8.99,6.0,3.15,1.69,4.0,3.69,4.15,3.23,13.3,13.35,13.8,14.3,1.72,1.57,0.37,-1.64,4.48,9.63,20.6,16.04,12.16,13.06
2024-07-02,605068,13.4,13.45,13.63,13.37,10318,13907654.0,1.94,0.37,0.05,0.64,5.01,6.06,3.14,0.37,-1.05,1.2,0.9,1.35,0.45,0.45,13.35,13.3,13.73,14.21,1.19,0.0,-2.01,4.09,9.22,20.15,15.61,11.75,12.64,10.11
2024-07-03,605068,13.52,13.36,13.61,13.31,10024,13445015.0,2.23,-0.67,-0.09,0.62,6.54,3.61,0.83,-0.6,1.65,1.35,1.8,0.9,0.9,2.4,13.32,13.27,13.68,14.13,0.67,-1.35,4.79,9.96,20.96,16.39,12.5,13.4,10.85,9.88
2024-07-04,605068,13.35,13.02,13.45,12.92,11914,15638776.0,3.97,-2.54,-0.34,0.73,6.73,3.87,2.4,4.72,4.41,4.88,3.95,3.95,5.5,5.34,13.28,13.24,13.62,14.04,1.23,7.53,12.83,24.12,19.43,15.44,16.36,13.75,12.75,8.45
2024-07-05,605068,12.93,13.08,13.18,12.57,9724,12585754.0,4.69,0.46,0.06,0.6,6.76,5.25,7.64,7.32,7.8,6.84,6.84,8.43,8.27,7.0,13.26,13.23,13.59,13.96,7.03,12.31,23.55,18.88,14.91,15.83,13.23,12.23,7.95,8.94
2024-07-08,605068,13.49,13.35,14.0,12.83,41944,55513679.0,8.94,2.06,0.27,2.59,3.12,5.46,5.14,5.61,4.68,4.68,6.24,6.08,4.83,2.73,13.25,13.28,13.55,13.9,10.04,21.05,16.48,12.58,13.48,10.94,9.96,5.77,6.74,4.72
2024-07-09,605068,13.25,14.69,14.69,13.17,35277,50520734.0,11.39,10.04,1.34,2.18,2.73,2.43,2.89,1.97,1.97,3.49,3.34,2.13,0.08,6.3,13.5,13.42,13.57,13.89,10.01,5.85,2.31,3.13,0.82,-0.07,-3.88,-3.0,-4.83,-4.29
2024-07-10,605068,15.5,14.91,16.16,14.8,104426,160006131.0,9.26,1.5,0.22,6.44,-8.85,-8.45,-9.26,-9.26,-7.91,-8.04,-9.12,-10.95,-5.41,-0.74,13.81,13.57,13.6,13.89,4.29,0.8,1.61,-0.67,-1.54,-5.3,-4.43,-6.24,-5.7,-9.32
2024-07-11,605068,14.73,15.18,15.55,14.45,81560,122110302.0,7.38,1.81,0.27,5.03,-6.23,-7.06,-7.06,-5.67,-5.81,-6.92,-8.79,-3.11,1.66,11.83,14.24,13.76,13.64,13.9,-0.99,-0.2,-2.44,-3.29,-6.98,-6.13,-7.91,-7.38,-10.94,-12.98
2024-07-12,605068,14.94,14.8,15.03,14.63,49981,74027417.0,2.64,-2.5,-0.38,3.08,-8.2,-8.2,-6.84,-6.97,-8.07,-9.91,-4.31,0.41,10.46,6.29,14.59,13.92,13.66,13.9,2.36,0.07,-0.81,-4.59,-3.72,-5.54,-5.0,-8.65,-10.74,-8.92
2024-07-15,605068,14.8,14.6,15.15,14.53,45180,67122064.0,4.19,-1.35,-0.2,2.79,-7.57,-6.19,-6.33,-7.43,-9.29,-3.65,1.1,11.22,7.02,3.44,14.84,14.04,13.7,13.88,1.44,0.55,-3.29,-2.4,-4.25,-3.7,-7.4,-9.52,-7.67,0.0
2024-07-16,605068,14.59,14.61,14.81,14.33,33590,48818476.0,3.29,0.07,0.01,2.07,-4.88,-5.02,-6.14,-8.03,-2.3,2.51,12.77,8.51,4.88,5.72,14.82,14.16,13.73,13.88,0.48,-3.35,-2.46,-4.31,-3.76,-7.46,-9.58,-7.73,0.0,0.0
2024-07-17,605068,14.53,14.05,14.68,14.04,24350,34664487.0,4.38,-3.83,-0.56,1.5,-3.06,-4.2,-6.13,-0.28,4.63,15.1,10.75,7.05,7.91,5.48,14.65,14.23,13.75,13.86,0.5,1.42,-0.5,0.07,-3.77,-5.98,-4.06,0.0,0.0,0.0
2024-07-18,605068,14.0,14.1,14.12,13.53,23979,33233749.0,4.2,0.36,0.05,1.48,-0.59,-2.59,3.47,8.57,19.44,14.93,11.09,11.97,9.46,8.5,14.43,14.34,13.79,13.86,1.06,-0.85,-0.28,-4.11,-6.31,-4.4,0.0,0.0,0.0,0.0
2024-07-19,605068,14.1,13.84,14.25,13.8,21727,30455452.0,3.19,-1.84,-0.26,1.34,-4.49,1.45,6.45,17.1,12.68,8.91,9.78,7.32,6.38,2.32,14.24,14.41,13.82,13.86,1.01,1.59,-2.31,-4.55,-2.6,0.0,0.0,0.0,0.0,0.0
2024-07-22,605068,13.82,13.82,13.98,13.64,13613,18742341.0,2.46,-0.14,-0.02,0.84,2.64,7.7,18.48,14.0,10.19,11.07,8.58,7.62,3.52,4.47,14.08,14.46,13.87,13.85,1.74,-2.17,-4.41,-2.46,0.0,0.0,0.0,0.0,0.0,0.0
2024-07-23,605068,13.83,13.52,14.06,13.51,22537,31119596.0,3.98,-2.17,-0.3,1.39,8.73,19.62,15.1,11.25,12.14,9.62,8.66,4.52,5.48,3.48,13.87,14.34,13.88,13.83,0.0,-2.29,-0.3,0.0,0.0,0.0,0.0,0.0,0.0,0.0
2024-07-24,605068,13.52,12.98,13.52,12.94,33584,44327040.0,4.29,-3.99,-0.54,2.07,24.88,20.17,16.15,17.08,14.45,13.45,9.12,10.12,8.04,8.66,13.65,14.15,13.86,13.78,1.77,3.85,0.0,0.0,0.0,0.0,0.0,0.0,0.0,0.0
2024-07-25,605068,12.88,13.11,13.21,12.77,21755,28331608.0,3.39,1.0,0.13,1.34,21.77,17.7,18.64,15.97,14.96,10.57,11.59,9.48,10.1,5.87,13.45,13.94,13.85,13.74,2.82,0.0,0.0,0.0,0.0,0.0,0.0,0.0,0.0,0.0
2024-07-26,605068,13.22,13.32,13.48,13.05,14487,19328928.0,3.28,1.6,0.21,0.89,15.17,16.09,13.49,12.49,8.2,9.2,7.13,7.74,3.6,1.23,13.35,13.8,13.86,13.71,0.0,0.0,0.0,0.0,0.0,0.0,0.0,0.0,0.0,0.0
